r000038|L|xxxx|xxxx, xxxx|||||astigmatic k|xxx||
000: 48 77 102 129 157 184 213 241 267 292 321 346 373 0 436 469
001: 48 77 102 129 157 184 213 241 267 292 321 346 374 0 436 469
002: 48 77 103 129 157 184 213 241 266 292 321 346 374 0 437 469
003: 48 77 103 129 157 183 212 241 266 292 320 346 374 0 437 469
004: 47 77 102 129 157 183 212 240 266 292 320 346 374 0 437 469
005: 47 76 102 129 157 183 212 240 266 292 320 346 375 0 437 470
006: 47 76 102 129 157 183 212 239 265 292 320 346 375 0 438 470
007: 47 76 102 129 157 182 212 239 265 292 320 346 375 0 437 471
008: 47 76 102 128 157 182 212 238 265 292 319 346 375 0 437 471
009: 47 75 102 128 157 182 212 238 265 292 319 346 375 0 437 471
010: 47 75 103 128 157 182 212 237 264 292 318 347 375 0 437 472
011: 47 75 103 128 157 182 212 237 264 291 318 346 375 0 437 472
012: 47 75 103 128 157 182 212 237 264 291 318 346 375 0 437 472
013: 48 75 103 128 157 182 211 237 263 291 318 346 375 0 437 472
014: 48 74 103 128 157 182 211 236 263 290 317 346 374 0 437 472
015: 48 74 103 128 156 182 211 236 262 290 317 346 374 0 437 472
016: 48 74 103 128 156 182 211 236 262 290 317 345 374 0 437 472
017: 48 74 103 128 156 182 211 236 262 289 317 345 373 0 437 472
018: 48 73 103 128 155 182 210 235 262 289 316 345 373 0 437 472
019: 48 73 103 128 155 182 210 235 261 288 316 344 373 0 437 0
020: 47 73 103 128 155 182 210 235 261 288 316 344 373 0 437 0
021: 47 72 103 128 154 181 210 235 261 288 316 343 372 0 436 0
022: 47 72 103 128 154 181 209 235 261 287 315 343 372 0 436 0
023: 47 71 103 128 154 181 209 234 261 287 315 342 371 0 436 0
024: 47 71 103 127 154 181 209 234 260 286 315 342 371 0 436 0
025: 47 71 103 127 154 181 209 234 260 286 314 342 370 0 436 0
026: 47 71 103 127 154 180 209 234 259 286 314 341 370 0 435 0
027: 47 71 103 127 154 180 208 233 259 286 314 341 369 0 435 0
028: 47 70 103 126 154 180 208 233 258 285 313 340 369 0 434 0
029: 47 71 103 126 153 180 208 233 258 285 313 340 368 0 434 0
030: 47 71 103 126 153 180 208 232 257 285 313 339 367 0 433 0
031: 47 71 103 126 153 179 207 232 257 284 312 338 367 0 432 0
032: 47 71 103 126 153 179 207 232 256 284 312 338 367 0 432 0
033: 47 71 103 125 152 179 207 231 256 284 311 337 367 0 431 0
034: 47 71 103 125 152 178 207 231 255 283 311 336 367 0 431 0
035: 47 71 103 125 152 178 206 231 255 283 310 335 367 0 431 0
036: 47 71 102 125 151 178 206 231 255 283 310 334 367 0 430 0
037: 47 71 101 125 151 177 206 231 255 282 309 333 367 0 0 0
038: 47 71 101 125 151 177 205 231 255 282 309 333 366 0 0 0
039: 47 71 100 125 151 177 205 231 255 282 308 333 366 0 0 0
040: 47 71 99 125 150 176 205 231 255 281 307 333 365 0 0 0
041: 47 71 98 125 150 176 204 231 255 281 307 333 364 0 0 0
042: 47 71 98 125 150 176 204 231 255 281 306 333 363 0 0 0
043: 47 71 98 125 150 176 204 231 255 280 306 333 362 0 0 0
044: 47 71 97 125 149 175 203 231 255 280 305 333 362 0 0 0
045: 47 71 97 125 149 175 203 231 255 280 305 333 361 0 0 0
046: 47 71 97 124 149 175 203 231 255 280 305 333 361 0 0 0
047: 47 71 97 124 149 175 203 230 255 279 304 332 360 0 0 0
048: 47 71 97 124 149 174 202 230 255 279 304 332 360 0 0 0
049: 47 71 97 124 148 174 202 230 254 279 304 332 0 0 0 0
050: 47 71 97 124 148 174 202 230 254 279 304 332 0 0 0 0
051: 47 71 97 123 148 174 202 229 254 279 303 331 0 0 0 0
052: 47 71 96 123 148 174 202 229 254 278 303 331 0 0 0 0
053: 47 71 96 123 148 174 202 228 253 278 303 331 0 0 0 0
054: 47 71 96 123 148 174 201 228 253 278 302 330 0 0 0 0
055: 47 70 96 123 148 174 201 227 252 277 302 330 0 0 0 0
056: 46 70 96 123 147 173 201 227 252 277 302 330 0 0 0 0
057: 46 70 96 122 147 173 200 226 252 276 301 330 0 0 0 0
058: 46 70 96 122 147 173 200 225 251 276 301 330 0 0 0 0
059: 46 70 96 122 147 173 200 224 251 275 301 329 0 0 0 0
060: 46 69 95 122 147 173 200 224 251 274 300 329 0 0 0 0
061: 46 69 95 121 147 173 199 223 250 274 300 329 0 0 0 0
062: 46 69 95 121 147 173 199 222 250 273 299 329 0 0 0 0
063: 46 69 95 121 147 173 199 222 250 272 299 328 0 0 0 0
064: 46 68 94 121 147 173 198 221 249 272 298 327 0 0 0 0
065: 45 68 94 121 147 173 198 220 249 271 297 327 0 0 0 0
066: 45 68 94 121 146 173 198 220 248 270 297 326 0 0 0 0
067: 45 68 94 121 146 173 198 219 247 270 296 325 0 0 0 0
068: 45 69 93 121 146 173 198 218 247 270 295 324 0 0 0 0
069: 44 69 93 121 146 172 198 217 246 269 295 323 0 0 0 0
070: 44 69 93 121 145 172 198 217 246 269 294 322 0 0 0 0
071: 44 69 93 121 145 172 198 216 246 269 294 322 0 0 0 0
072: 44 70 93 121 145 172 197 216 245 269 293 321 0 0 0 0
073: 44 70 93 121 145 172 197 215 245 269 293 321 0 0 0 0
074: 44 70 93 121 145 172 197 215 0 0 293 320 0 0 0 0
075: 44 70 93 121 145 172 197 215 0 0 293 320 0 0 0 0
076: 44 70 93 121 145 171 196 216 0 0 293 0 0 0 0 0
077: 44 71 93 121 145 171 196 216 0 0 293 0 0 0 0 0
078: 44 71 93 121 145 171 196 217 0 0 292 0 0 0 0 0
079: 44 71 93 121 145 171 196 217 0 0 292 0 0 0 0 0
080: 44 71 93 121 145 171 195 217 0 0 292 0 0 0 0 0
081: 43 71 93 121 145 171 195 218 0 0 292 0 0 0 0 0
082: 43 71 93 121 145 171 195 218 0 0 291 0 0 0 0 0
083: 43 71 94 121 145 171 195 218 241 0 291 0 0 0 0 0
084: 43 71 94 121 145 171 195 218 242 0 290 0 0 0 0 0
085: 43 71 94 121 145 171 195 218 242 0 290 0 0 0 0 0
086: 43 71 94 121 145 171 195 218 242 0 290 0 0 0 0 0
087: 43 71 95 121 145 171 195 218 242 0 290 0 0 0 0 0
088: 43 71 95 121 145 171 195 218 242 0 290 0 0 0 0 0
089: 43 72 95 121 145 170 195 218 243 0 290 0 0 0 0 0
090: 43 72 95 121 145 170 195 218 243 0 290 0 0 0 0 0
091: 43 72 95 121 145 170 195 218 243 0 289 0 0 0 0 0
092: 43 72 95 121 145 170 194 218 243 0 289 0 0 0 0 0
093: 43 72 95 121 145 170 194 218 243 0 289 0 0 0 0 0
094: 43 72 95 121 145 170 194 218 243 0 289 0 0 0 0 0
095: 43 72 95 121 145 170 194 218 243 0 289 0 0 0 0 0
096: 43 72 95 121 145 170 194 218 244 0 0 0 0 0 0 0
097: 43 71 95 121 145 170 194 218 244 0 0 0 0 0 0 0
098: 43 71 95 121 146 170 194 219 244 0 0 0 0 0 0 0
099: 42 71 95 121 146 170 194 219 244 0 0 0 0 0 0 0
100: 42 71 95 121 146 170 194 219 244 0 0 0 0 0 0 0
101: 42 71 95 121 146 170 195 220 244 0 0 0 0 0 0 0
102: 43 71 95 121 146 171 195 220 244 0 0 0 0 0 0 0
103: 43 71 95 121 146 171 195 220 244 0 0 0 0 0 0 0
104: 43 71 95 121 147 171 196 220 245 0 0 0 0 0 0 0
105: 43 71 95 121 147 171 196 220 245 0 0 0 0 0 0 0
106: 43 71 95 121 147 171 196 220 245 0 0 0 0 0 0 0
107: 43 71 95 121 147 171 196 220 245 0 0 0 0 0 0 0
108: 43 71 95 121 147 172 196 220 246 0 0 0 0 0 0 0
109: 43 71 95 121 147 172 196 220 246 0 0 0 0 0 0 0
110: 44 71 95 121 147 172 196 220 246 0 0 0 0 0 0 0
111: 44 71 95 121 147 172 197 221 246 0 0 0 0 0 0 0
112: 44 71 95 122 147 173 197 221 247 0 0 0 0 0 0 0
113: 44 71 95 122 147 173 198 221 247 0 0 0 0 0 0 0
114: 44 71 95 122 147 173 198 222 247 0 0 0 0 0 0 0
115: 45 71 95 123 147 174 198 222 248 0 0 0 0 0 0 0
116: 45 71 95 123 147 174 199 222 249 0 0 0 0 0 0 0
117: 45 71 95 123 147 174 199 222 249 0 0 0 0 0 0 0
118: 45 71 95 123 147 175 199 222 249 0 0 0 0 0 0 0
119: 45 71 95 123 147 175 200 222 250 0 0 0 0 0 0 0
120: 45 71 96 123 148 175 200 222 250 0 0 0 0 0 0 0
121: 45 71 96 123 148 175 200 222 250 0 0 0 0 0 0 0
122: 45 71 96 123 148 176 200 223 249 0 0 0 0 0 0 0
123: 45 71 96 123 148 176 200 223 249 0 0 0 0 0 0 0
124: 45 71 97 123 148 176 200 224 249 0 0 0 0 0 0 0
125: 45 71 97 123 148 177 200 224 248 0 0 0 0 0 0 0
126: 45 71 97 123 149 177 200 224 248 0 0 0 0 0 0 0
127: 45 71 97 123 149 177 200 225 248 0 0 0 0 0 0 0
128: 45 71 97 123 149 178 201 225 248 0 0 0 0 0 0 0
129: 46 71 97 123 149 178 201 225 248 0 0 0 0 0 0 0
130: 46 71 97 123 149 178 201 226 249 0 0 0 0 0 0 0
131: 46 71 97 123 149 178 201 226 250 0 0 0 0 0 0 0
132: 47 71 97 123 149 178 202 226 250 0 0 0 0 0 0 0
133: 47 72 97 123 149 178 202 226 252 0 0 0 0 0 0 0
134: 47 72 97 123 149 178 203 226 253 0 0 0 0 0 0 0
135: 47 72 97 123 149 178 203 226 254 0 0 0 0 0 0 0
136: 47 72 97 123 149 179 203 226 254 0 0 0 0 0 0 0
137: 47 72 97 123 150 179 204 227 255 0 0 0 0 0 0 0
138: 47 72 97 123 150 179 204 227 255 0 0 0 0 0 0 0
139: 46 72 98 123 150 179 204 227 255 0 0 0 0 0 0 0
140: 46 72 98 123 150 179 204 227 254 0 0 0 0 0 0 0
141: 46 72 98 123 150 180 204 227 254 0 0 0 0 0 0 0
142: 46 72 98 123 150 180 204 228 254 0 0 0 0 0 0 0
143: 46 72 98 123 150 180 205 228 254 0 0 0 0 0 0 0
144: 47 72 98 123 150 180 205 229 254 0 0 0 0 0 0 0
145: 47 72 98 123 150 180 205 229 254 0 0 0 0 0 0 0
146: 47 72 98 123 150 180 205 230 255 0 0 0 0 0 0 0
147: 47 72 97 123 150 180 205 230 255 0 0 0 0 0 0 0
148: 47 72 97 124 150 179 206 230 255 0 0 0 0 0 0 0
149: 47 72 97 124 150 179 206 230 255 0 0 0 0 0 0 0
150: 47 72 97 124 150 179 205 230 255 0 0 0 0 0 0 0
151: 48 71 97 124 150 179 205 230 255 0 0 0 0 0 0 0
152: 48 71 97 124 150 178 205 230 255 0 0 0 0 0 0 0
153: 48 71 97 124 150 178 205 230 256 0 0 0 0 0 0 0
154: 49 71 98 123 150 178 205 230 256 0 0 0 0 0 0 0
155: 49 72 98 123 150 178 205 230 256 0 0 0 0 0 0 0
156: 49 72 98 123 150 178 204 230 256 280 0 0 0 0 0 0
157: 49 72 98 123 150 178 204 230 257 280 0 0 0 0 0 0
158: 49 72 98 123 150 178 204 230 257 280 0 0 0 0 0 0
159: 49 72 98 123 150 178 204 230 257 281 0 0 0 0 0 0
160: 49 73 98 123 150 178 203 230 258 281 0 0 0 0 0 0
161: 49 73 98 123 150 178 203 230 258 282 0 0 0 0 0 0
162: 49 73 99 124 150 178 203 231 258 282 0 0 0 0 0 0
163: 49 73 99 124 150 178 203 231 259 283 0 0 0 0 0 0
164: 49 73 99 124 150 178 203 231 259 283 0 0 0 0 0 0
165: 49 73 99 124 150 178 203 231 259 284 313 346 0 0 0 0
166: 49 73 99 125 150 178 203 231 260 285 313 346 0 0 0 0
167: 49 73 99 125 150 178 203 232 260 285 313 346 0 0 0 0
168: 49 73 99 125 150 178 203 232 260 285 313 347 0 0 0 0
169: 49 73 99 125 150 178 204 232 260 286 314 347 0 0 0 0
170: 49 73 100 125 150 178 204 232 261 286 314 347 0 0 0 0
171: 49 73 100 125 150 178 203 232 261 286 314 348 0 0 0 0
172: 49 73 100 125 150 178 203 232 261 286 315 348 0 0 0 0
173: 49 73 100 125 150 178 203 232 260 287 315 348 0 0 0 0
174: 49 73 100 125 150 178 203 232 260 287 316 349 0 0 0 0
175: 49 73 100 125 150 178 203 233 260 287 316 349 0 0 0 0
176: 49 73 100 125 150 178 203 233 260 288 317 349 0 0 0 0
177: 49 73 100 125 150 178 203 233 259 288 318 349 0 0 0 0
178: 49 73 101 125 150 179 203 233 259 288 318 349 0 0 0 0
179: 49 73 101 125 150 179 204 233 259 288 318 349 0 0 0 0
180: 49 73 101 125 150 179 204 233 259 289 319 350 0 0 0 0
181: 49 73 101 125 150 179 204 234 259 289 319 350 0 0 0 0
182: 49 73 101 125 151 179 204 233 259 289 319 350 0 0 0 0
183: 49 73 101 125 151 179 204 233 259 289 319 350 0 0 0 0
184: 49 73 101 125 151 179 204 233 259 289 319 350 0 0 0 0
185: 49 73 101 125 152 179 205 233 259 289 319 350 0 0 0 0
186: 49 73 101 125 152 179 205 233 259 288 319 350 0 0 0 0
187: 49 73 101 125 152 179 205 232 259 288 318 350 0 0 0 0
188: 49 73 101 125 153 179 205 232 259 288 318 350 389 0 0 0
189: 48 73 101 125 153 179 205 232 259 288 318 350 389 0 0 0
190: 48 73 101 125 153 179 205 232 259 288 318 350 389 0 0 0
191: 48 73 101 125 152 179 206 232 259 288 318 350 389 0 0 0
192: 48 73 101 125 152 179 206 231 259 287 318 350 388 0 0 0
193: 48 73 101 125 152 179 206 231 259 287 318 350 388 0 0 0
194: 49 73 101 125 152 179 206 231 259 287 318 350 388 0 0 0
195: 49 73 101 125 152 179 206 231 259 287 317 350 388 0 0 0
196: 49 73 100 125 152 179 206 231 259 287 317 350 388 0 0 0
197: 49 73 100 125 152 179 206 231 258 286 317 351 387 0 0 0
198: 49 73 100 125 152 179 206 231 258 286 317 351 387 0 0 0
199: 48 73 100 125 152 179 206 231 258 286 317 350 386 0 0 0
200: 48 73 100 125 152 178 206 231 258 286 316 350 385 0 0 0
201: 48 73 99 126 152 178 206 231 258 286 316 350 385 0 0 0
202: 48 73 99 126 152 178 206 231 258 286 316 349 383 418 0 0
203: 48 73 99 126 152 178 206 231 258 286 316 348 382 418 0 0
204: 47 73 99 126 152 178 206 231 259 285 316 347 381 418 0 0
205: 47 73 99 126 152 178 206 231 259 285 316 347 380 417 0 0
206: 47 72 99 127 152 178 206 231 259 285 316 346 379 416 0 0
207: 47 72 99 127 152 178 206 231 259 284 316 345 377 416 0 0
208: 47 72 99 127 152 178 206 231 258 284 315 344 376 414 0 0
209: 47 72 99 127 152 178 206 231 258 283 314 344 375 413 0 0
210: 47 72 99 127 152 178 207 231 258 283 314 343 374 412 0 0
211: 47 72 99 127 152 177 207 231 257 282 313 342 373 410 0 0
212: 47 72 99 126 151 177 207 231 257 282 312 342 372 408 0 0
213: 47 72 99 126 151 177 207 231 257 282 312 341 370 406 0 0
214: 47 72 99 126 151 177 207 231 257 282 311 340 369 404 0 0
215: 47 72 99 126 151 177 207 231 256 282 311 339 368 402 0 0
216: 46 72 99 125 152 176 207 231 256 282 310 338 367 400 0 0
217: 46 72 99 125 152 176 207 231 256 282 309 337 366 397 0 0
218: 46 72 98 125 152 176 207 231 255 282 309 336 365 395 0 0
219: 46 72 98 125 152 176 207 231 255 282 308 335 363 392 0 0
220: 45 72 98 125 152 176 207 231 254 282 308 334 362 390 0 0
221: 45 72 98 125 152 176 207 231 254 282 307 333 361 389 0 0
222: 45 72 98 125 152 176 206 231 254 282 307 332 360 387 0 0
223: 45 72 97 125 152 176 206 231 253 282 306 332 359 386 0 0
224: 45 72 97 125 151 176 206 231 253 282 305 331 358 385 0 0
225: 44 72 97 125 151 177 206 231 253 281 305 330 357 384 0 0
226: 44 71 97 125 152 177 206 231 254 281 304 329 356 383 0 0
227: 44 71 97 124 152 177 206 231 254 281 304 328 355 382 0 0
228: 44 71 97 124 152 177 206 231 254 281 303 327 354 381 0 0
229: 44 71 97 124 152 177 206 231 254 281 302 326 353 380 0 0
230: 44 71 97 124 152 178 206 231 254 281 302 325 352 380 0 0
231: 44 71 97 123 152 178 206 231 255 280 301 324 351 379 0 0
232: 44 71 97 123 152 178 206 232 255 280 300 324 350 378 0 0
233: 45 71 97 123 151 178 206 232 255 279 300 323 349 378 0 0
234: 45 71 97 123 151 178 206 232 254 279 299 322 348 377 0 0
235: 45 71 97 122 151 178 206 232 254 278 299 322 347 376 0 0
236: 45 71 97 122 151 178 206 233 254 277 298 321 347 376 0 0
237: 45 71 97 122 151 178 206 233 254 277 298 320 346 375 0 0
238: 45 71 96 121 151 178 206 233 253 276 297 320 346 375 398 411
239: 45 71 96 121 150 178 205 233 253 276 297 319 346 374 398 411
240: 45 71 96 121 150 178 205 232 253 276 296 319 346 373 398 412
241: 45 71 96 121 150 178 205 232 252 275 296 318 345 373 397 413
242: 45 71 95 121 150 177 204 232 252 275 295 317 345 372 397 414
243: 44 70 95 121 150 177 203 231 252 274 295 317 345 372 396 416
244: 44 70 95 121 149 176 203 230 251 273 294 317 344 371 396 417
245: 44 70 95 121 149 176 202 230 251 273 294 317 344 370 395 419
246: 44 70 95 121 149 175 201 229 251 272 293 316 344 370 394 420
247: 44 69 95 121 149 174 201 228 250 272 293 317 343 369 394 421
248: 44 69 95 121 149 174 200 227 249 271 292 317 343 368 393 421
249: 44 69 95 120 148 173 200 226 249 271 292 317 342 367 392 422
250: 44 69 95 120 148 173 199 225 248 270 292 317 342 366 392 422
251: 44 69 95 120 148 172 198 224 247 270 292 316 341 366 391 421
252: 44 69 95 120 147 172 198 224 247 269 292 316 341 365 390 421
253: 45 69 95 120 147 172 198 223 246 269 292 316 340 364 390 420
254: 45 69 95 119 147 171 198 223 246 268 291 316 340 363 389 420
255: 45 69 95 119 147 171 197 222 245 268 291 316 339 363 389 420
256: 45 69 95 119 146 171 197 222 245 267 290 316 339 362 389 419
257: 45 69 95 119 146 171 197 222 244 267 290 316 338 362 388 419
258: 45 69 95 119 146 171 197 222 244 267 289 315 338 361 388 418
259: 45 69 95 119 146 171 197 221 244 266 289 315 338 361 388 418
260: 45 68 95 119 145 171 197 221 244 266 288 315 338 361 387 418
261: 45 68 95 119 145 171 197 221 243 266 288 314 338 360 387 417
262: 45 68 95 119 145 171 197 220 243 266 287 314 338 360 387 417
263: 44 68 94 119 145 171 197 220 243 266 287 313 337 360 387 416
264: 44 68 94 119 145 170 196 220 243 265 287 313 337 360 386 416
265: 44 67 94 119 145 170 196 220 243 265 286 312 337 360 386 415
266: 44 67 94 119 145 170 196 219 242 265 286 312 337 360 386 415
267: 43 67 94 119 145 170 196 219 242 265 286 311 336 360 386 415
268: 43 67 93 119 145 170 195 219 242 264 286 311 336 360 386 415
269: 43 67 93 119 145 170 195 219 242 264 286 311 336 360 386 415
270: 43 67 93 119 145 169 195 219 241 264 286 311 336 360 386 415
271: 43 67 93 119 145 169 195 218 241 264 286 311 336 360 386 415
272: 43 67 93 119 145 169 195 218 241 264 286 311 336 360 386 415
273: 43 67 93 119 145 169 195 218 242 264 287 311 336 360 386 415
274: 43 67 93 119 145 169 195 218 242 264 287 312 336 361 386 416
275: 44 68 94 119 146 169 195 218 242 264 287 312 336 361 386 416
276: 44 68 94 119 146 169 195 218 242 265 287 312 337 361 387 417
277: 44 68 94 119 146 169 195 218 243 265 287 313 337 362 387 417
278: 44 68 94 119 146 169 194 218 243 265 288 313 337 362 387 418
279: 44 68 94 119 146 170 194 218 243 266 288 313 338 363 388 418
280: 44 68 94 119 147 170 194 218 244 266 288 314 338 363 389 419
281: 44 68 94 119 147 170 194 218 244 266 288 314 339 364 389 419
282: 44 68 94 119 147 170 194 218 244 266 289 314 339 365 390 420
283: 44 69 94 119 147 170 194 218 245 267 289 315 340 366 391 421
284: 44 69 94 120 147 170 195 218 245 267 289 315 340 366 391 421
285: 44 69 94 120 147 171 195 218 246 268 290 315 341 367 392 422
286: 44 69 95 120 147 171 195 218 246 268 290 316 341 367 392 423
287: 44 69 95 120 147 171 195 218 246 268 291 316 342 368 393 423
288: 44 69 95 120 147 171 195 218 247 269 291 316 342 368 393 424
289: 45 69 95 121 147 171 196 218 247 269 292 317 343 369 394 424
290: 45 69 95 121 147 171 196 218 247 269 292 317 344 369 394 425
291: 45 69 95 121 147 171 196 218 248 270 293 317 344 370 395 425
292: 45 69 95 121 147 171 196 219 248 270 293 318 345 370 395 426
293: 46 69 95 121 147 171 197 219 248 270 294 318 345 370 396 426
294: 46 69 95 121 147 171 197 219 248 271 294 319 346 370 396 426
295: 46 69 95 121 147 172 197 220 248 271 295 319 346 370 397 427
296: 46 69 95 121 147 172 198 220 248 271 296 319 346 371 397 427
297: 46 69 95 121 147 172 198 220 249 272 296 320 346 371 398 427
298: 46 70 95 121 147 173 198 221 249 272 297 320 346 371 398 427
299: 46 70 95 122 147 173 198 221 249 273 298 321 347 371 398 427
300: 46 70 95 122 147 173 198 222 249 273 298 321 347 372 399 427
301: 46 70 95 122 147 174 198 222 249 274 299 322 347 372 399 426
302: 46 70 95 122 147 174 198 223 250 274 300 322 347 372 399 426
303: 46 70 95 123 148 175 199 223 250 275 300 323 347 373 399 426
304: 46 70 95 123 148 175 199 224 250 275 301 323 347 373 399 426
305: 46 70 96 123 148 175 199 224 251 276 301 324 348 373 399 426
306: 46 70 96 123 148 175 199 225 251 277 302 325 348 373 399 425
307: 46 71 96 123 148 176 200 225 252 277 302 325 349 373 399 425
308: 46 71 96 123 148 176 200 226 252 278 303 326 349 374 399 426
309: 46 71 96 123 149 176 200 226 253 278 304 327 350 374 399 426
310: 46 71 96 123 149 176 200 227 253 278 304 328 350 374 399 426
311: 46 71 97 123 149 176 201 227 254 279 305 328 351 374 400 426
312: 46 72 97 123 149 176 201 228 254 280 306 329 351 374 400 426
313: 46 72 97 123 149 177 202 228 254 280 306 330 352 375 401 427
314: 46 72 97 123 149 177 202 229 255 281 307 330 353 375 401 427
315: 47 72 97 123 149 177 203 230 255 282 307 331 353 376 402 428
316: 47 72 97 124 150 177 203 230 256 282 308 331 354 377 402 429
317: 47 72 97 124 150 178 204 231 257 283 308 331 354 377 403 429
318: 47 72 98 124 150 178 204 231 257 284 309 331 355 378 404 430
319: 47 72 98 124 150 178 205 232 258 285 309 331 355 379 404 431
320: 47 72 98 124 150 179 205 232 259 285 310 332 355 380 405 432
321: 47 72 98 124 150 179 206 233 260 286 310 332 356 380 406 433
322: 46 72 98 125 150 179 206 233 261 287 311 332 356 381 406 434
323: 46 72 99 125 150 180 207 233 261 287 311 333 356 382 407 435
324: 46 72 99 125 150 180 207 234 262 288 311 333 356 382 408 436
325: 46 72 99 125 150 180 208 234 263 289 311 334 357 382 408 437
326: 46 72 99 125 150 181 208 235 264 289 312 334 357 383 409 438
327: 46 73 99 125 151 181 209 235 265 290 312 335 358 382 409 439
328: 46 73 99 126 151 182 209 236 265 291 312 335 358 382 410 440
329: 46 73 99 126 152 182 209 237 266 291 312 336 359 382 410 440
330: 46 73 99 126 152 182 210 237 267 292 313 336 359 382 411 441
331: 46 73 99 126 153 183 210 238 268 292 313 336 360 381 411 442
332: 46 73 99 127 153 183 210 239 269 293 314 336 360 381 412 443
333: 46 73 99 127 153 183 210 240 269 293 314 336 361 0 412 444
334: 46 73 99 127 154 183 210 240 270 294 315 336 361 0 413 444
335: 46 73 99 127 154 184 211 241 271 294 316 337 362 0 414 445
336: 46 73 99 127 154 184 211 242 271 294 316 337 362 0 415 446
337: 46 74 100 127 154 184 211 243 272 294 317 337 362 0 416 447
338: 46 74 100 127 154 184 211 243 272 294 317 338 363 0 418 448
339: 46 74 100 128 154 184 211 244 272 294 317 338 363 0 419 449
340: 47 74 100 128 154 185 211 244 272 294 317 339 363 0 421 450
341: 47 74 100 128 154 185 212 245 272 294 318 339 364 0 422 451
342: 47 74 100 128 154 185 212 245 272 294 318 340 365 0 423 452
343: 47 74 101 128 154 185 212 245 271 294 318 340 365 0 424 453
344: 47 75 101 128 155 185 213 244 271 294 318 341 366 0 425 454
345: 47 75 101 128 155 185 213 244 271 293 318 341 366 0 426 456
346: 47 75 101 128 155 185 214 244 270 293 318 341 367 0 427 457
347: 47 75 101 128 155 185 214 244 270 293 318 342 367 0 428 458
348: 47 75 101 128 156 185 214 243 269 293 318 342 368 0 429 459
349: 47 75 102 128 156 185 215 243 269 293 318 343 368 0 429 460
350: 47 75 102 128 156 185 215 242 268 293 318 343 369 0 430 461
351: 46 75 102 128 156 185 215 242 268 293 318 343 370 0 431 462
352: 47 75 102 128 156 185 215 242 268 293 319 344 370 0 431 463
353: 47 75 102 128 156 185 215 242 268 293 319 344 371 0 432 464
354: 47 76 102 128 156 185 215 242 268 293 319 344 372 0 432 465
355: 47 76 102 128 156 185 215 241 268 293 320 345 372 0 433 466
356: 47 76 102 128 156 185 215 241 268 293 320 345 372 0 433 466
357: 48 76 102 128 156 185 214 241 268 292 320 345 373 0 434 467
358: 48 77 102 128 156 184 214 241 267 292 320 345 373 0 435 468
359: 48 77 102 128 157 184 214 241 267 292 321 346 373 0 435 468
