000 46 73 99 128 156 184 211 240 269 297 327 0 0 0 0 0
001 46 73 99 128 156 184 211 240 269 298 327 0 0 0 0 0
002 46 73 99 128 156 184 211 241 269 298 327 0 0 0 0 0
003 46 73 99 128 156 185 211 241 269 298 327 0 0 0 0 0
004 46 73 99 129 156 185 212 240 269 298 327 0 0 0 0 0
005 46 73 99 129 156 185 212 240 269 298 327 0 0 0 0 0
006 46 73 99 129 156 185 212 240 270 298 327 0 0 0 0 0
007 46 73 99 129 155 185 212 240 270 298 327 0 0 0 0 0
008 46 73 99 129 155 185 212 240 270 298 327 0 0 0 0 0
009 46 73 99 129 155 185 212 239 270 298 327 0 0 0 0 0
010 46 73 99 128 155 184 212 239 270 298 327 0 0 0 0 0
011 46 73 99 128 155 184 212 239 270 298 327 0 0 0 0 0
012 46 73 99 128 155 184 212 239 270 298 327 0 0 0 0 0
013 46 73 99 128 156 184 213 239 270 298 327 0 0 0 0 0
014 47 73 99 128 156 184 213 239 270 299 327 0 0 0 0 0
015 47 73 99 128 156 184 213 239 270 299 327 0 0 0 0 0
016 47 73 99 128 156 184 213 239 270 299 327 0 0 0 0 0
017 47 73 99 128 156 184 213 240 270 299 327 0 0 0 0 0
018 47 73 99 128 156 184 213 240 270 299 327 0 0 0 0 0
019 47 73 99 128 156 184 213 240 270 299 327 0 0 0 0 0
020 47 73 99 128 156 185 212 240 270 299 327 0 0 0 0 0
021 47 73 99 128 156 185 212 240 270 299 327 0 0 0 0 0
022 47 73 99 128 156 185 212 241 270 299 327 0 0 0 0 0
023 47 73 99 128 156 185 212 241 270 299 327 0 0 0 0 0
024 47 73 99 128 156 185 212 241 270 299 327 0 0 0 0 0
025 47 73 100 128 156 185 212 241 270 298 327 0 0 0 0 0
026 47 73 100 128 156 184 212 241 269 298 327 0 0 0 0 0
027 47 73 100 128 156 184 212 241 269 298 327 0 0 0 0 0
028 47 73 100 128 156 184 211 241 269 298 326 0 0 0 0 0
029 47 73 100 128 156 184 211 241 269 297 0 0 0 0 0 0
030 47 73 100 128 156 184 211 241 269 297 0 0 0 0 0 0
031 47 73 100 128 156 184 211 240 268 297 0 0 0 0 0 0
032 47 73 100 128 156 184 211 240 268 297 0 0 0 0 0 0
033 47 73 100 128 155 184 211 240 268 0 0 0 0 0 0 0
034 47 73 100 128 155 184 211 240 267 0 0 0 0 0 0 0
035 47 72 100 128 155 184 211 239 267 0 0 0 0 0 0 0
036 47 72 100 128 155 184 210 239 267 0 0 0 0 0 0 0
037 47 72 100 128 155 184 210 239 266 0 0 0 0 0 0 0
038 47 72 100 128 155 184 210 238 266 0 0 0 0 0 0 0
039 47 72 100 128 154 184 210 238 266 0 0 0 0 0 0 0
040 47 72 99 128 154 184 210 238 265 0 0 0 0 0 0 0
041 47 72 99 128 154 184 210 237 265 0 0 0 0 0 0 0
042 47 72 99 128 154 184 209 237 265 0 0 0 0 0 0 0
043 47 72 99 128 154 184 209 237 264 0 0 0 0 0 0 0
044 46 72 99 128 154 184 209 237 264 0 0 0 0 0 0 0
045 46 72 99 128 154 184 209 237 264 0 0 0 0 0 0 0
046 46 72 99 127 154 183 209 0 264 0 0 0 0 0 0 0
047 46 72 99 127 154 183 209 0 264 0 0 0 0 0 0 0
048 46 72 99 127 154 183 209 0 0 0 0 0 0 0 0 0
049 46 72 99 127 154 182 209 0 0 0 0 0 0 0 0 0
050 46 72 99 127 154 182 209 0 0 0 0 0 0 0 0 0
051 46 72 99 126 154 182 209 0 0 0 0 0 0 0 0 0
052 46 72 99 126 154 181 209 0 0 0 0 0 0 0 0 0
053 46 72 99 126 154 181 208 0 0 0 0 0 0 0 0 0
054 46 72 99 126 154 181 208 0 0 0 0 0 0 0 0 0
055 46 72 99 126 153 181 208 0 0 0 0 0 0 0 0 0
056 46 72 99 125 153 181 208 0 0 0 0 0 0 0 0 0
057 46 72 99 125 153 181 207 0 0 0 0 0 0 0 0 0
058 47 72 99 125 153 180 207 0 0 0 0 0 0 0 0 0
059 47 72 99 125 153 180 207 0 0 0 0 0 0 0 0 0
060 47 72 99 125 153 180 206 0 0 0 0 0 0 0 0 0
061 47 72 99 125 153 180 206 0 0 0 0 0 0 0 0 0
062 47 72 99 125 152 180 205 0 0 0 0 0 0 0 0 0
063 47 72 99 125 152 180 205 0 0 0 0 0 0 0 0 0
064 47 72 99 125 152 180 204 0 0 0 0 0 0 0 0 0
065 47 72 99 125 152 180 204 0 0 0 0 0 0 0 0 0
066 46 72 99 125 152 180 204 0 0 0 0 0 0 0 0 0
067 46 72 99 125 152 179 204 0 0 0 0 0 0 0 0 0
068 46 72 99 125 152 179 203 0 0 0 0 0 0 0 0 0
069 46 72 98 125 152 179 203 0 0 0 0 0 0 0 0 0
070 46 72 98 124 152 179 0 0 0 0 0 0 0 0 0 0
071 46 72 98 124 151 179 0 0 0 0 0 0 0 0 0 0
072 46 72 98 124 151 179 0 0 0 0 0 0 0 0 0 0
073 46 72 98 124 151 178 0 0 0 0 0 0 0 0 0 0
074 46 72 98 124 151 178 0 0 0 0 0 0 0 0 0 0
075 46 72 98 124 151 178 0 0 0 0 0 0 0 0 0 0
076 46 72 98 123 151 178 0 0 0 0 0 0 0 0 0 0
077 46 72 97 123 150 178 0 0 0 0 0 0 0 0 0 0
078 46 72 97 123 150 178 0 0 0 0 0 0 0 0 0 0
079 46 72 97 123 150 178 0 0 0 0 0 0 0 0 0 0
080 46 71 97 123 150 178 0 0 0 0 0 0 0 0 0 0
081 46 71 97 123 150 178 0 0 0 0 0 0 0 0 0 0
082 46 71 97 123 150 177 0 0 0 0 0 0 0 0 0 0
083 46 71 97 123 149 177 200 0 0 0 0 0 0 0 0 0
084 46 71 97 123 149 177 200 0 0 0 0 0 0 0 0 0
085 46 70 97 123 149 177 200 0 0 0 0 0 0 0 0 0
086 46 70 97 123 149 177 200 0 0 0 0 0 0 0 0 0
087 46 70 97 123 149 177 200 0 0 0 0 0 0 0 0 0
088 45 70 97 123 149 177 200 0 0 0 0 0 0 0 0 0
089 45 70 97 123 149 176 200 0 0 0 0 0 0 0 0 0
090 45 70 96 123 148 176 200 0 0 0 0 0 0 0 0 0
091 45 70 96 123 148 176 200 0 0 0 0 0 0 0 0 0
092 45 70 96 123 148 176 200 0 0 0 0 0 0 0 0 0
093 45 70 96 123 148 176 200 0 0 0 0 0 0 0 0 0
094 45 71 96 122 148 176 200 0 0 0 0 0 0 0 0 0
095 45 71 96 122 147 175 200 0 0 0 0 0 0 0 0 0
096 45 71 96 122 147 175 200 0 0 0 0 0 0 0 0 0
097 45 71 96 122 147 175 200 0 0 0 0 0 0 0 0 0
098 45 71 96 122 147 175 200 0 0 0 0 0 0 0 0 0
099 45 71 96 122 146 175 200 0 0 0 0 0 0 0 0 0
100 45 71 96 121 146 175 200 0 0 0 0 0 0 0 0 0
101 45 71 96 121 146 174 200 0 0 0 0 0 0 0 0 0
102 45 71 96 121 146 174 200 0 0 0 0 0 0 0 0 0
103 45 71 96 121 146 174 200 0 0 0 0 0 0 0 0 0
104 45 71 96 121 146 174 200 0 0 0 0 0 0 0 0 0
105 45 71 95 121 145 174 200 0 0 0 0 0 0 0 0 0
106 45 71 95 121 145 174 200 0 0 0 0 0 0 0 0 0
107 45 71 95 121 145 174 200 0 0 0 0 0 0 0 0 0
108 45 71 95 121 145 174 200 0 0 0 0 0 0 0 0 0
109 45 71 95 121 145 174 200 0 0 0 0 0 0 0 0 0
110 45 71 95 121 145 174 200 0 0 0 0 0 0 0 0 0
111 45 71 95 121 145 174 200 0 0 0 0 0 0 0 0 0
112 45 71 95 121 145 174 200 0 0 0 0 0 0 0 0 0
113 45 71 95 121 145 174 199 0 0 0 0 0 0 0 0 0
114 45 71 95 121 145 174 199 228 0 0 0 0 0 0 0 0
115 45 71 95 121 145 174 199 228 0 0 0 0 0 0 0 0
116 44 71 95 121 145 174 199 227 0 0 0 0 0 0 0 0
117 44 71 95 121 145 174 199 227 0 0 0 0 0 0 0 0
118 44 71 95 121 145 174 199 227 0 0 0 0 0 0 0 0
119 44 71 95 121 145 173 199 227 0 0 0 0 0 0 0 0
120 44 71 95 121 145 173 199 227 0 0 0 0 0 0 0 0
121 44 71 95 121 145 173 199 227 0 0 0 0 0 0 0 0
122 45 71 95 121 145 173 199 227 255 0 0 0 0 0 0 0
123 45 71 95 121 146 173 199 227 255 0 0 0 0 0 0 0
124 45 71 95 121 146 173 199 228 255 0 0 0 0 0 0 0
125 45 71 95 121 146 173 200 228 255 0 0 0 0 0 0 0
126 45 71 95 121 146 173 200 228 254 0 0 0 0 0 0 0
127 46 71 95 121 146 173 200 228 254 0 0 0 0 0 0 0
128 46 71 95 121 146 173 200 228 254 283 0 0 0 0 0 0
129 46 71 95 121 146 173 200 228 254 283 0 0 0 0 0 0
130 46 71 95 121 146 173 200 228 254 283 0 0 0 0 0 0
131 46 71 95 121 146 173 200 228 255 283 0 0 0 0 0 0
132 46 71 95 121 146 173 200 228 255 283 0 0 0 0 0 0
133 46 71 95 121 146 173 200 229 255 284 0 0 0 0 0 0
134 46 71 95 121 147 173 200 229 255 284 0 0 0 0 0 0
135 46 71 96 121 147 174 200 229 255 284 0 0 0 0 0 0
136 46 71 96 121 147 174 200 229 255 284 0 0 0 0 0 0
137 46 71 96 121 147 174 200 229 255 284 0 0 0 0 0 0
138 46 71 96 121 147 174 200 229 255 284 0 0 0 0 0 0
139 45 71 96 121 147 174 200 229 256 284 313 0 0 0 0 0
140 45 71 96 121 147 174 200 229 256 284 313 0 0 0 0 0
141 45 71 96 122 147 175 200 229 256 284 313 0 0 0 0 0
142 45 71 97 122 147 175 200 229 256 284 313 0 0 0 0 0
143 45 71 97 122 147 175 200 229 256 285 313 0 0 0 0 0
144 45 71 97 122 147 175 201 229 256 285 313 0 0 0 0 0
145 45 71 97 122 147 175 201 229 256 285 314 0 0 0 0 0
146 45 71 97 122 147 175 201 229 256 285 314 0 0 0 0 0
147 45 71 97 122 147 175 201 229 256 285 314 0 374 0 0 0
148 45 71 97 123 147 175 201 229 256 285 314 0 374 0 0 0
149 45 71 97 123 147 175 201 229 256 286 314 0 374 0 0 0
150 46 71 96 123 147 175 201 229 256 286 314 0 374 0 0 0
151 46 72 96 123 147 175 202 229 257 286 314 345 374 407 0 0
152 46 72 96 123 147 175 202 229 257 286 314 345 375 407 438 0
153 46 72 96 123 147 175 202 229 257 286 314 345 375 407 438 0
154 46 72 96 123 148 175 202 229 257 286 314 345 375 407 438 0
155 46 72 97 123 148 175 202 230 257 286 314 345 375 407 439 471
156 46 72 97 123 148 175 202 230 257 286 314 345 375 407 439 471
157 47 72 97 123 148 175 202 230 257 286 314 345 375 407 439 471
158 47 73 97 123 148 176 202 230 257 286 314 345 375 407 439 471
159 47 73 97 123 148 176 202 230 257 285 314 345 375 407 439 472
160 47 73 97 123 148 176 202 230 257 285 314 345 375 407 439 472
161 47 73 97 123 148 176 202 230 257 285 314 345 374 407 439 472
162 47 73 97 123 148 176 203 230 257 285 314 345 374 407 439 472
163 47 73 97 123 148 176 203 231 257 285 314 345 374 407 439 472
164 47 73 97 123 148 176 203 231 257 285 314 345 374 407 439 472
165 47 73 97 123 148 176 203 231 257 285 314 345 374 407 439 472
166 47 73 97 123 148 176 203 231 257 285 314 345 374 407 439 472
167 47 73 97 123 148 176 203 231 257 285 314 345 374 407 439 471
168 47 73 97 123 148 176 203 231 257 285 314 345 374 406 438 471
169 47 73 97 124 148 176 203 231 257 285 314 344 373 406 438 471
170 47 73 97 124 148 176 203 231 257 285 314 344 373 406 438 471
171 47 73 97 124 149 176 203 231 257 285 314 344 373 406 438 471
172 47 73 97 124 149 177 203 231 257 285 314 344 373 406 438 470
173 47 73 97 124 149 177 203 231 257 285 314 344 373 406 438 470
174 47 73 97 124 149 177 202 231 257 285 314 343 373 406 438 470
175 47 73 97 125 149 177 202 231 257 285 314 343 373 405 438 470
176 47 73 97 125 149 177 202 232 257 285 314 343 373 405 438 470
177 47 73 97 125 149 177 202 232 257 285 314 343 373 405 438 471
178 47 73 97 125 149 177 202 232 257 285 314 343 373 405 437 471
179 47 73 97 125 149 177 202 232 257 285 314 343 373 404 437 471
180 47 73 97 125 149 177 202 232 257 285 314 342 373 404 437 471
181 47 73 97 125 149 177 202 232 257 285 314 342 372 404 437 470
182 47 73 98 125 150 177 202 231 257 285 313 342 372 404 436 470
183 47 73 98 125 150 177 202 231 257 285 313 342 372 404 436 470
184 47 73 98 125 150 177 202 231 257 285 313 342 372 403 436 470
185 47 73 98 125 150 177 202 231 257 285 313 342 372 403 436 470
186 47 73 98 125 150 177 202 231 257 285 313 342 371 403 436 470
187 47 73 98 125 150 177 202 231 257 285 312 342 371 403 435 470
188 47 73 98 125 150 177 202 231 256 285 312 341 371 402 435 470
189 47 73 98 125 150 177 202 231 256 285 312 341 371 402 435 471
190 47 73 98 125 150 177 202 231 256 285 312 341 371 402 436 471
191 47 73 98 125 150 177 202 230 256 285 312 341 371 402 436 471
192 47 73 98 125 150 177 202 230 256 284 312 340 371 402 436 471
193 47 73 98 125 150 178 202 230 256 284 312 340 370 401 436 471
194 47 73 98 125 150 178 202 230 255 284 312 340 370 401 436 471
195 47 73 98 125 150 178 202 230 255 284 312 340 370 401 436 471
196 46 73 98 124 150 178 202 230 255 284 312 339 370 401 436 471
197 46 73 98 124 151 178 202 230 255 283 312 339 369 401 436 471
198 46 73 98 124 151 178 202 230 255 283 312 339 369 401 436 470
199 46 73 98 124 151 178 202 230 255 283 312 338 369 401 436 470
200 46 73 98 124 151 178 202 230 255 283 312 338 369 401 435 469
201 46 73 98 124 151 178 202 229 255 283 312 338 368 401 435 468
202 46 73 98 124 151 178 202 229 255 283 312 338 368 401 435 468
203 46 73 97 124 151 178 202 229 255 283 312 338 368 401 434 467
204 46 73 97 124 151 178 202 229 255 283 312 338 368 401 434 466
205 46 73 97 124 151 178 202 229 255 283 312 338 367 400 434 466
206 46 73 97 124 151 177 202 229 255 283 311 338 367 400 433 465
207 46 73 97 124 151 177 202 229 255 283 311 338 367 400 433 465
208 46 73 97 123 151 177 202 229 255 282 311 338 367 400 433 465
209 46 73 97 123 151 177 202 228 255 282 311 338 367 399 433 465
210 46 73 97 123 151 177 202 228 255 282 311 338 367 399 432 465
211 46 73 97 123 151 177 202 228 255 282 310 338 366 399 432 465
212 47 73 97 123 151 176 202 228 255 282 310 337 366 399 432 465
213 47 73 97 123 150 176 202 228 254 281 310 337 366 398 432 466
214 47 73 97 123 150 176 202 228 254 281 310 337 366 398 432 466
215 47 73 97 123 150 176 202 228 254 281 310 337 366 398 432 467
216 47 73 97 123 150 176 202 228 254 280 310 337 366 398 432 467
217 47 73 97 123 150 176 202 228 254 280 309 336 366 398 432 467
218 47 73 97 123 150 176 202 228 254 280 309 336 366 398 431 467
219 47 73 97 123 150 176 202 228 254 280 309 336 366 397 431 467
220 47 73 97 123 150 176 202 228 254 280 309 336 366 397 431 467
221 47 73 97 123 150 176 202 228 254 280 309 336 366 397 431 467
222 47 73 97 123 150 176 202 228 254 280 309 336 366 397 431 467
223 47 73 97 123 150 176 202 227 254 280 309 336 366 397 431 468
224 46 73 97 123 150 176 202 227 254 280 309 336 366 397 431 468
225 46 73 97 123 150 176 201 227 254 280 309 336 366 396 431 468
226 46 73 97 123 150 176 201 227 254 280 309 336 365 396 431 468
227 46 73 97 123 150 176 201 227 254 280 308 336 365 396 431 468
228 46 73 97 123 150 176 201 227 254 280 308 336 365 396 431 468
229 46 73 97 123 150 176 201 227 254 280 308 336 365 396 431 468
230 46 73 97 123 150 176 201 227 254 280 308 335 365 396 431 468
231 46 73 97 123 150 176 201 227 254 280 308 335 365 396 431 468
232 46 73 97 123 150 176 200 227 254 279 308 335 365 395 431 468
233 46 73 97 123 150 176 200 227 254 279 308 335 364 395 431 467
234 46 73 97 123 150 176 200 227 254 279 307 335 364 395 431 467
235 45 73 97 123 150 175 200 227 253 279 307 334 364 395 431 466
236 45 73 97 123 150 175 200 227 253 279 307 334 364 395 430 465
237 45 73 97 123 150 175 200 227 253 279 307 334 364 395 430 465
238 45 73 97 123 150 175 201 227 253 279 307 334 364 395 430 464
239 45 73 97 123 150 175 201 227 253 279 307 334 364 395 429 463
240 45 73 97 123 150 175 201 227 253 279 307 334 364 395 429 463
241 45 73 97 123 149 175 201 227 253 279 307 334 364 395 429 462
242 45 73 97 123 149 175 201 227 253 279 306 334 364 395 429 462
243 45 73 97 123 149 175 201 227 253 279 306 334 364 395 428 461
244 45 73 97 123 149 175 201 227 253 279 306 334 363 394 428 461
245 45 73 97 123 149 175 202 227 253 279 306 334 363 394 428 461
246 45 73 97 123 149 175 202 227 253 279 306 334 363 394 428 461
247 45 73 97 123 149 175 202 227 253 279 305 334 363 394 427 461
248 45 73 97 123 149 176 202 227 253 279 305 334 363 394 427 461
249 46 73 97 123 149 176 202 226 253 279 305 334 363 393 427 461
250 46 73 97 123 149 176 202 226 253 279 305 334 362 393 427 461
251 46 73 97 123 148 176 202 226 253 279 305 334 362 393 427 461
252 46 73 97 123 148 176 202 226 253 279 305 334 362 393 426 461
253 46 73 97 123 148 176 202 226 253 279 305 333 362 393 426 462
254 46 73 97 123 148 176 202 226 253 279 305 333 362 393 426 462
255 46 73 97 123 149 176 202 226 252 279 305 333 362 393 426 462
256 46 73 97 123 149 176 202 226 252 279 305 333 362 393 427 462
257 46 72 97 123 149 176 202 226 252 279 306 333 362 393 427 462
258 46 72 97 123 149 176 202 226 252 279 306 332 362 393 427 463
259 46 72 97 123 149 176 202 226 252 279 306 332 362 393 427 463
260 46 72 97 123 149 176 202 226 252 280 306 332 362 392 428 463
261 45 72 97 123 149 176 202 226 253 280 306 332 362 392 428 463
262 45 72 97 123 149 176 201 226 253 280 306 332 362 392 429 463
263 45 72 97 123 149 176 201 226 253 280 307 332 362 392 429 463
264 45 72 97 123 149 176 201 226 253 280 307 332 362 393 429 463
265 45 72 97 123 149 176 201 226 253 280 307 333 362 393 430 463
266 45 72 96 123 149 176 201 226 253 280 307 333 362 393 430 463
267 44 72 96 123 149 176 201 226 253 280 307 333 362 394 430 463
268 44 72 96 123 149 176 201 226 253 280 307 334 363 394 431 463
269 44 72 96 123 149 176 201 226 253 281 307 334 363 395 431 463
270 44 72 96 123 149 176 201 226 253 281 307 334 363 395 431 464
271 44 72 96 123 149 176 201 226 253 281 307 335 363 396 431 464
272 44 72 95 123 149 176 201 226 254 281 307 335 363 397 432 465
273 44 72 95 123 149 176 201 226 254 281 307 335 364 398 432 465
274 44 72 95 123 149 176 201 227 254 281 307 335 364 398 432 466
275 44 72 95 123 149 176 201 227 254 281 308 336 364 399 433 466
276 44 72 95 123 149 176 201 227 254 281 308 336 364 399 433 467
277 44 72 95 123 149 176 201 227 254 281 308 336 365 400 433 468
278 45 72 95 123 149 176 202 227 254 281 308 336 365 400 434 468
279 45 72 95 123 149 176 202 227 254 281 308 336 365 401 434 469
280 45 72 95 123 149 176 202 227 254 281 308 336 366 401 435 469
281 45 72 96 123 149 176 202 227 254 281 308 336 366 402 435 469
282 45 72 96 123 149 176 202 227 254 281 309 336 366 402 435 470
283 45 72 96 123 149 176 202 228 254 281 309 337 367 402 436 470
284 45 72 96 123 149 176 202 228 254 281 309 337 367 403 436 470
285 45 72 96 123 149 176 202 228 254 281 309 337 368 403 437 470
286 46 72 97 123 150 176 202 228 254 281 310 337 368 404 437 470
287 46 72 97 123 150 176 202 228 254 282 310 338 368 404 438 470
288 46 72 97 123 150 176 202 228 255 282 310 338 369 405 438 470
289 46 72 97 123 150 176 202 228 255 282 310 338 369 405 439 470
290 46 72 97 123 150 176 202 228 255 282 310 339 370 406 439 470
291 46 72 97 123 150 176 202 228 255 283 310 339 370 406 439 470
292 46 72 97 123 150 176 202 228 256 283 310 340 371 406 440 470
293 46 72 97 123 150 176 202 228 256 283 310 340 371 407 440 470
294 46 72 97 123 150 176 202 229 256 284 311 340 371 407 440 470
295 46 72 97 123 150 176 202 229 256 284 311 341 372 407 440 0
296 46 72 97 123 150 176 202 229 257 284 311 341 372 407 0 0
297 46 72 97 123 151 176 202 229 257 285 311 341 372 407 0 0
298 46 72 97 123 151 176 202 229 257 285 311 342 372 407 0 0
299 46 72 97 123 151 176 202 229 257 285 311 342 372 407 0 0
300 46 72 97 123 151 176 202 230 257 286 312 342 373 0 0 0
301 46 72 97 123 151 176 202 230 258 286 312 342 373 0 0 0
302 46 72 97 123 151 176 203 230 258 286 312 0 373 0 0 0
303 46 72 97 124 151 176 203 230 258 287 313 0 0 0 0 0
304 46 72 97 124 151 176 203 230 258 287 313 0 0 0 0 0
305 47 72 97 124 152 176 203 231 259 287 313 0 0 0 0 0
306 47 72 97 124 152 176 203 231 259 287 314 0 0 0 0 0
307 47 72 97 124 152 176 204 231 259 287 314 0 0 0 0 0
308 47 72 97 124 152 176 204 231 259 288 314 0 0 0 0 0
309 47 72 97 125 152 177 204 231 259 288 314 0 0 0 0 0
310 47 72 97 125 152 177 204 232 260 288 315 0 0 0 0 0
311 47 72 97 125 152 177 205 232 260 288 315 0 0 0 0 0
312 47 72 97 125 152 177 205 232 260 289 315 0 0 0 0 0
313 47 72 97 125 152 178 205 232 260 289 316 0 0 0 0 0
314 47 72 97 125 152 178 205 232 260 289 316 0 0 0 0 0
315 47 72 97 125 152 178 206 232 261 290 316 0 0 0 0 0
316 47 72 97 125 152 178 206 233 261 290 317 0 0 0 0 0
317 47 72 97 125 152 179 206 233 261 290 317 0 0 0 0 0
318 47 72 97 125 152 179 206 233 261 290 318 0 0 0 0 0
319 47 72 97 125 152 179 206 233 261 290 318 0 0 0 0 0
320 47 72 97 125 152 179 206 233 261 290 319 0 0 0 0 0
321 47 72 98 125 152 180 206 234 262 290 319 0 0 0 0 0
322 47 72 98 125 152 180 207 234 262 290 320 0 0 0 0 0
323 47 72 98 125 152 180 207 234 262 290 320 0 0 0 0 0
324 47 72 98 125 152 180 207 234 262 290 320 0 0 0 0 0
325 46 72 98 125 152 180 207 234 262 290 321 0 0 0 0 0
326 46 72 98 125 152 180 207 235 263 290 321 0 0 0 0 0
327 46 72 99 125 152 180 208 235 263 291 322 0 0 0 0 0
328 46 72 99 125 152 180 208 235 263 291 322 0 0 0 0 0
329 46 72 99 125 152 180 208 235 263 291 322 0 0 0 0 0
330 46 72 99 125 153 180 208 235 264 291 322 0 0 0 0 0
331 46 72 99 125 153 180 208 235 264 291 322 0 0 0 0 0
332 46 72 99 125 153 181 209 236 264 292 323 0 0 0 0 0
333 46 72 99 125 153 181 209 236 264 292 323 0 0 0 0 0
334 46 72 99 125 153 181 209 236 265 292 323 0 0 0 0 0
335 46 72 99 125 153 181 209 236 265 293 323 0 0 0 0 0
336 46 72 99 126 153 181 209 236 265 293 323 0 0 0 0 0
337 46 73 99 126 153 181 209 237 265 293 324 0 0 0 0 0
338 46 73 99 126 154 182 209 237 265 294 324 0 0 0 0 0
339 46 73 99 126 154 182 210 237 265 294 324 0 0 0 0 0
340 46 73 99 126 154 182 210 237 266 294 324 0 0 0 0 0
341 46 73 99 127 154 182 210 237 266 294 324 0 0 0 0 0
342 46 73 99 127 154 182 210 237 266 294 325 0 0 0 0 0
343 46 73 99 127 154 182 210 237 266 295 325 0 0 0 0 0
344 46 73 99 127 154 182 210 237 266 295 325 0 0 0 0 0
345 46 73 99 127 154 182 210 237 266 295 325 0 0 0 0 0
346 46 73 99 127 154 182 210 237 267 295 325 0 0 0 0 0
347 46 73 99 127 155 183 210 237 267 295 325 0 0 0 0 0
348 46 73 99 127 155 183 210 237 267 295 325 0 0 0 0 0
349 47 73 99 128 155 183 210 237 267 296 325 0 0 0 0 0
350 47 73 99 128 155 183 211 237 267 296 325 0 0 0 0 0
351 47 73 99 128 155 183 211 238 268 296 325 0 0 0 0 0
352 47 73 99 128 155 183 211 238 268 296 326 0 0 0 0 0
353 47 73 99 128 155 183 211 238 268 296 326 0 0 0 0 0
354 46 73 99 128 156 183 211 238 268 296 326 0 0 0 0 0
355 46 73 99 128 156 183 211 239 268 296 326 0 0 0 0 0
356 46 73 99 128 156 184 211 239 268 296 326 0 0 0 0 0
357 46 73 99 128 156 184 211 239 268 297 327 0 0 0 0 0
358 46 73 99 128 156 184 211 240 269 297 327 0 0 0 0 0
359 46 73 99 128 156 184 211 240 269 297 327 0 0 0 0 0
