           0         130         157         185         213         242         270         297         326         354         383         412         440         469         498         526         554
           1         130         157         185         213         242         270         297         326         354         383         412         440         469         498         526         554
           2         130         157         185         213         242         270         297         326         354         383         412         440         469         498         526         554
           3         130         157         185         213         242         270         297         326         354         383         412         440         469         498         526         554
           4         130         157         185         213         242         270         297         326         354         383         412         441         469         498         526         554
           5         130         157         185         213         242         270         297         326         354         383         412         441         469         498         526         554
           6         130         157         185         213         242         270         297         326         354         383         412         441         469         498         526         554
           7         130         157         185         213         242         270         297         326         354         383         412         441         469         498         526         554
           8         130         157         185         213         242         269         297         326         354         383         412         441         469         498         526         554
           9         130         157         185         213         242         269         297         326         354         383         412         441         469         498         526         554
          10         130         157         185         213         242         269         297         326         354         383         412         441         469         498         526         554
          11         130         157         185         213         242         269         297         326         354         383         412         441         469         498         526         554
          12         130         157         185         213         242         269         297         326         354         383         412         441         469         498         526         554
          13         130         157         185         213         242         269         297         326         354         383         412         441         469         498         526         554
          14         130         157         185         213         242         269         297         326         354         383         412         441         469         498         526         554
          15         130         157         185         213         242         269         297         326         354         383         412         441         469         498         526         554
          16         130         157         185         213         242         269         297         326         354         383         412         441         469         498         526         554
          17         130         157         185         213         242         269         297         326         354         383         412         441         469         498         526         554
          18         130         157         185         213         242         269         297         326         354         383         412         441         469         498         526         554
          19         130         157         185         213         242         269         297         326         354         383         412         441         469         498         526         554
          20         129         157         185         213         242         269         297         325         354         383         412         441         469         498         526         554
          21         129         157         185         213         242         269         297         325         354         383         412         441         469         498         526         554
          22         129         157         185         213         241         269         297         325         354         383         412         440         469         498         526         554
          23         129         157         185         213         241         269         297         325         354         383         412         440         469         498         526         554
          24         129         157         185         213         241         269         297         325         354         383         412         440         469         498         526         555
          25         129         157         185         213         241         269         297         325         354         383         412         440         469         498         526         555
          26         129         157         185         213         241         269         297         325         354         383         412         440         469         498         526         555
          27         129         157         185         213         241         269         297         325         354         383         412         440         469         498         526         555
          28         129         157         185         213         241         269         297         325         354         383         412         440         469         498         526         555
          29         129         157         185         213         241         269         297         325         354         383         412         440         469         498         526         555
          30         129         157         185         213         241         269         297         325         354         383         412         440         469         498         526         555
          31         129         157         185         213         241         269         297         325         354         383         412         440         469         498         526         555
          32         129         157         185         213         241         269         297         325         354         383         412         440         469         498         526         555
          33         129         157         185         213         241         269         297         325         354         383         412         440         469         498         526         555
          34         129         157         185         213         241         269         297         325         354         383         412         440         469         498         526         555
          35         129         157         185         213         241         269         297         325         354         383         412         440         469         498         526         555
          36         129         157         184         213         241         269         297         325         354         383         412         440         469         498         526         555
          37         129         157         184         213         241         269         297         325         354         383         412         440         469         498         526         555
          38         129         157         184         213         241         269         297         325         354         383         412         440         469         498         526         555
          39         129         157         184         213         241         269         297         325         354         383         412         440         469         498         526         555
          40         129         157         184         213         241         269         297         325         354         383         412         441         469         498         526         555
          41         129         157         184         213         241         269         297         325         354         383         412         441         469         498         526         555
          42         129         157         184         213         241         269         297         325         353         383         412         441         469         498         526         555
          43         129         157         184         213         241         269         297         325         353         383         412         441         469         498         526         555
          44         129         157         184         213         241         269         297         325         353         383         412         441         469         498         526         555
          45         129         157         184         213         241         269         297         325         353         383         412         441         469         498         526         555
          46         129         157         184         213         241         269         297         325         353         383         412         441         469         498         526         555
          47         129         157         184         213         241         269         297         325         353         383         412         441         469         498         526         555
          48         129         157         184         213         241         269         297         325         354         383         412         441         469         498         526         555
          49         129         156         184         213         241         269         297         325         354         383         412         441         469         498         526         555
          50         129         156         184         213         241         269         297         325         354         383         412         441         469         498         526         555
          51         129         156         184         213         241         269         297         325         354         383         412         441         469         498         526         555
          52         129         156         184         213         241         269         297         325         354         383         413         441         469         498         526         555
          53         129         156         184         213         241         269         297         325         354         383         413         441         469         498         526         555
          54         129         156         184         213         241         269         297         325         354         383         413         441         469         498         526         555
          55         129         156         184         213         241         269         297         325         354         383         413         441         470         498         526         555
          56         129         157         184         213         241         269         297         325         354         383         413         441         470         498         526         555
          57         129         157         184         213         241         269         297         325         354         383         413         441         470         498         526         555
          58         129         157         184         213         241         269         297         326         354         383         413         441         470         498         526         555
          59         129         157         184         213         241         269         297         326         354         383         413         441         470         498         526         555
          60         129         157         184         213         241         269         297         326         354         383         413         441         470         498         526         555
          61         129         157         184         213         241         269         297         326         354         383         413         441         470         498         526         555
          62         129         157         184         213         241         269         297         326         354         383         413         441         470         498         526         555
          63         129         157         184         213         241         269         297         326         354         383         413         441         470         498         527         555
          64         129         157         184         213         241         269         297         326         354         383         413         441         470         498         527         555
          65         129         157         184         213         241         269         297         326         354         383         413         441         470         498         527         555
          66         129         157         184         213         241         269         297         326         354         383         413         441         470         498         527         555
          67         129         157         184         213         241         269         297         326         354         383         413         441         470         498         527         555
          68         129         157         184         213         241         269         297         326         354         383         413         441         470         498         527         555
          69         129         157         184         213         241         269         297         326         354         383         413         441         470         498         527         555
          70         129         157         184         213         241         269         297         326         354         383         413         441         470         499         527         555
          71         129         157         184         213         241         269         297         326         354         383         413         441         470         499         527         555
          72         129         157         184         213         241         269         297         326         354         383         413         441         470         499         527         555
          73         129         157         184         213         241         269         297         326         354         383         413         441         470         499         527         555
          74         129         157         184         213         241         269         297         326         354         383         413         441         470         499         527         555
          75         129         157         184         213         241         269         297         326         354         383         413         441         470         499         527         555
          76         129         157         184         213         241         269         297         326         354         383         413         441         470         499         527         555
          77         129         157         184         213         241         269         297         326         354         383         413         441         470         499         527         556
          78         129         157         184         213         241         269         297         326         354         383         413         441         470         499         527         556
          79         129         157         184         213         241         269         297         326         354         383         413         441         470         499         527         556
          80         129         157         184         213         241         269         297         326         354         383         413         441         470         499         527         556
          81         129         157         184         213         241         269         298         326         354         383         413         441         470         499         527         556
          82         129         157         184         213         241         269         298         326         354         383         413         441         470         499         527         556
          83         129         157         184         213         241         269         298         326         354         383         413         441         470         499         527         556
          84         129         157         184         213         241         269         298         326         354         383         413         441         470         499         527         556
          85         129         157         184         213         241         269         298         326         354         383         413         441         470         499         527         556
          86         129         157         184         213         242         270         298         326         354         383         413         441         470         499         527         556
          87         129         157         184         213         242         270         298         326         354         383         413         441         470         499         527         556
          88         129         157         184         213         242         270         298         326         354         383         413         441         470         499         527         556
          89         129         157         184         213         242         270         298         326         354         383         413         441         470         499         527         556
          90         129         157         184         213         242         270         298         326         354         383         413         442         470         499         527         556
          91         129         157         184         213         242         270         298         326         354         383         413         442         470         499         527         556
          92         129         157         184         213         242         270         298         326         354         383         413         442         470         499         527         556
          93         129         157         184         213         242         269         298         326         354         383         413         442         470         499         527         556
          94         129         157         184         213         241         269         298         326         354         383         413         442         470         499         527         556
          95         129         157         184         213         241         269         298         326         354         383         413         442         470         499         527         556
          96         129         157         184         213         241         269         298         326         354         383         413         442         470         499         527         556
          97         129         157         184         213         241         269         298         326         354         383         413         442         470         499         527         556
          98         129         157         184         213         241         269         298         326         354         383         413         442         470         499         527         556
          99         129         157         184         213         241         269         298         326         354         383         413         442         470         499         527         556
         100         129         157         184         213         241         269         297         326         354         383         413         442         470         499         527         556
         101         129         157         184         213         241         269         297         326         354         383         413         442         470         499         527         556
         102         129         157         184         213         241         269         297         326         354         383         413         442         470         499         527         556
         103         129         157         184         213         241         269         297         326         354         383         413         442         470         499         527         556
         104         129         157         184         213         241         269         297         326         354         383         413         442         470         499         527         556
         105         129         157         184         213         241         269         297         326         354         383         413         442         470         499         527         556
         106         129         157         184         213         241         269         297         326         354         383         413         442         470         499         527         556
         107         129         157         184         213         241         269         297         326         354         383         413         442         470         499         527         556
         108         129         157         184         213         241         269         297         326         354         383         413         442         470         499         527         556
         109         129         157         184         213         241         269         297         326         354         383         413         442         470         499         527         556
         110         129         157         184         213         241         269         297         326         354         383         413         442         470         499         527         556
         111         129         157         184         213         241         269         297         326         354         383         413         442         470         499         527         556
         112         129         157         184         213         241         269         297         326         354         383         413         442         470         499         527         556
         113         129         157         184         213         241         269         297         326         354         383         413         442         470         499         527         556
         114         129         157         184         213         241         269         297         326         354         383         413         442         470         499         527         556
         115         129         157         184         213         241         269         297         326         354         383         413         442         470         499         527         556
         116         129         157         184         213         241         269         297         326         354         383         413         441         470         499         527         556
         117         129         157         184         213         241         269         297         326         354         383         413         441         470         499         527         556
         118         129         157         184         213         241         269         297         326         354         383         413         441         470         499         527         556
         119         129         157         184         213         241         269         297         326         354         383         413         441         470         499         527         556
         120         129         157         184         213         241         269         297         326         354         383         413         441         470         499         527         556
         121         129         157         184         213         241         269         297         326         354         383         413         441         470         499         527         556
         122         129         157         184         213         241         269         297         326         354         383         413         441         470         499         527         556
         123         129         157         184         213         241         269         297         326         354         383         413         441         470         499         527         556
         124         129         157         184         213         241         269         297         326         354         383         413         441         470         499         527         556
         125         129         156         184         213         241         269         297         326         354         383         413         441         470         499         527         556
         126         129         156         184         213         241         269         297         326         354         383         413         441         470         499         527         556
         127         129         156         184         213         241         269         297         326         354         383         413         441         470         499         527         556
         128         129         156         184         213         241         269         297         326         354         383         413         441         470         499         527         556
         129         129         156         184         213         241         269         297         326         354         383         413         441         470         499         527         556
         130         129         156         184         213         241         269         297         326         354         383         413         441         470         499         527         556
         131         129         156         184         213         241         269         297         326         354         383         413         441         470         499         527         556
         132         129         156         184         213         241         269         297         326         354         383         413         441         470         499         527         556
         133         129         156         184         213         241         269         297         326         354         383         413         441         470         499         527         556
         134         129         156         184         213         241         269         297         326         354         383         413         441         470         499         527         556
         135         129         156         184         213         241         269         297         326         354         383         413         441         470         499         527         556
         136         129         156         184         213         241         269         297         326         354         383         413         441         470         499         527         556
         137         129         156         184         213         241         269         297         326         354         383         413         441         470         499         527         556
         138         129         156         184         213         241         269         297         326         354         383         413         441         470         499         527         556
         139         129         156         184         213         241         269         297         326         354         383         413         441         470         499         527         556
         140         129         156         184         213         241         269         297         326         354         383         413         441         470         499         527         556
         141         129         156         184         213         241         269         297         326         354         383         413         441         470         499         527         556
         142         129         156         184         213         241         269         297         326         354         383         413         441         470         499         527         556
         143         129         156         184         213         241         269         297         326         354         383         413         441         470         498         527         556
         144         129         156         184         212         241         269         297         325         354         383         413         441         470         498         527         556
         145         129         156         184         212         241         269         297         325         354         383         413         441         470         498         527         556
         146         129         156         184         212         241         269         297         325         354         383         413         441         470         498         527         556
         147         128         156         184         212         241         269         297         325         354         383         413         441         470         498         527         556
         148         128         156         184         212         241         269         297         325         354         383         413         441         470         498         527         556
         149         128         156         184         212         241         269         297         325         354         383         412         441         470         498         527         556
         150         128         156         184         212         241         269         297         325         354         383         412         441         470         498         527         556
         151         128         156         184         212         241         269         297         325         354         383         412         441         470         498         527         556
         152         128         156         184         212         241         269         297         325         354         383         412         441         470         498         527         556
         153         128         156         184         212         241         269         297         325         354         383         412         441         470         498         527         556
         154         128         156         184         212         241         269         297         325         354         383         412         441         470         498         527         556
         155         128         156         184         212         240         269         297         325         354         383         412         441         470         498         527         556
         156         128         156         184         212         240         269         297         325         354         383         412         441         470         498         527         556
         157         128         156         184         212         240         269         297         325         354         383         412         441         470         498         527         556
         158         128         156         184         212         240         269         297         325         354         383         412         441         470         498         527         556
         159         128         156         184         212         240         269         297         325         354         383         412         441         470         498         527         556
         160         128         156         184         212         240         269         297         325         354         383         412         441         470         498         527         556
         161         128         156         184         212         240         269         297         325         353         383         412         441         470         498         527         555
         162         128         156         184         212         240         269         297         325         353         383         412         441         470         498         527         555
         163         128         156         184         212         240         269         297         325         353         383         412         441         469         498         527         555
         164         128         156         184         212         240         268         297         325         353         383         412         441         469         498         527         555
         165         128         156         184         212         240         268         297         325         353         383         412         441         469         498         527         555
         166         128         156         184         212         240         268         296         325         353         383         412         441         469         498         526         555
         167         128         156         184         212         240         268         296         325         353         383         412         441         469         498         526         555
         168         128         156         184         212         240         268         296         325         353         383         412         441         469         498         526         555
         169         128         156         184         212         240         268         296         325         353         383         412         441         469         498         526         555
         170         128         156         184         212         240         268         296         325         353         383         412         441         469         498         526         555
         171         128         156         184         212         240         268         296         325         353         383         412         441         469         498         526         555
         172         128         156         184         212         240         268         296         325         353         383         412         441         469         498         526         555
         173         128         156         184         212         240         268         296         325         353         383         412         441         469         498         526         555
         174         128         156         184         212         240         268         296         325         353         383         412         441         469         498         526         555
         175         128         156         184         212         240         268         296         325         353         383         413         441         469         498         526         555
         176         128         156         184         212         240         268         296         325         353         383         413         441         469         498         526         555
         177         128         156         184         212         240         268         296         325         353         383         413         441         469         498         526         555
         178         128         156         184         212         240         268         296         325         353         383         413         441         469         498         526         555
         179         128         156         184         212         240         268         296         325         353         383         413         441         469         498         526         555
         180         128         156         184         212         240         268         296         325         353         383         413         441         469         498         526         555
         181         128         156         184         212         240         268         296         325         353         383         413         441         469         498         526         555
         182         128         156         184         212         240         268         296         325         353         383         413         441         469         498         526         555
         183         128         156         184         212         240         268         296         325         353         383         413         441         469         498         526         555
         184         128         156         184         212         240         268         296         325         353         383         413         441         469         498         526         555
         185         128         156         184         212         240         268         296         325         353         383         412         441         469         498         526         555
         186         128         156         184         212         240         268         296         325         353         383         412         441         469         498         526         555
         187         128         156         184         212         240         268         296         325         353         383         412         441         469         498         526         555
         188         128         156         184         212         240         268         296         325         353         383         412         441         469         498         526         555
         189         128         156         183         212         240         268         296         325         353         383         412         441         469         498         526         555
         190         128         156         183         212         240         268         296         325         353         383         412         441         469         498         526         555
         191         128         156         183         212         240         268         296         325         353         383         412         441         469         498         526         555
         192         128         156         183         212         240         268         296         325         353         382         412         441         469         498         526         555
         193         128         156         183         212         240         268         296         325         353         382         412         441         469         498         526         555
         194         128         156         183         212         240         268         296         325         353         382         412         441         469         498         526         555
         195         128         156         183         212         240         268         296         325         353         382         412         441         469         498         526         555
         196         128         156         183         212         240         268         296         325         353         382         412         441         469         498         526         555
         197         128         156         183         212         240         268         296         325         353         382         412         441         469         498         526         555
         198         128         156         183         212         240         268         296         325         353         382         412         441         469         498         526         555
         199         128         156         183         212         240         268         296         325         353         382         412         441         469         498         526         555
         200         128         156         183         212         240         268         296         325         353         382         412         441         470         498         526         555
         201         128         156         183         212         240         268         296         325         353         382         412         441         469         498         526         555
         202         128         156         183         212         241         268         297         325         353         382         412         441         469         498         526         555
         203         128         156         183         212         241         268         297         325         353         382         412         441         470         498         526         555
         204         128         156         183         212         241         268         297         325         353         382         412         441         470         498         526         555
         205         128         156         183         212         241         268         297         325         353         382         412         441         470         498         526         555
         206         128         156         184         212         241         268         297         325         353         382         412         441         470         498         526         555
         207         128         156         184         212         241         268         297         325         353         382         412         441         470         498         526         555
         208         128         156         184         212         241         268         297         325         353         382         412         441         470         498         526         555
         209         128         156         184         212         241         268         297         325         353         382         412         441         470         498         526         555
         210         128         156         184         212         241         268         297         325         353         382         412         441         469         498         526         555
         211         128         156         184         212         241         268         297         325         353         382         412         441         469         498         526         555
         212         129         156         184         212         241         269         297         325         353         382         412         441         469         498         526         555
         213         129         156         184         212         241         269         297         325         353         382         412         441         469         498         526         555
         214         129         156         184         212         241         268         297         325         353         382         412         441         469         498         526         555
         215         129         156         184         212         241         268         297         325         353         382         412         441         469         498         526         555
         216         129         156         184         212         241         268         297         325         353         382         412         441         469         498         526         555
         217         129         156         184         212         241         268         297         325         353         382         412         441         469         498         527         555
         218         129         156         184         212         241         268         297         325         353         382         412         441         469         498         527         555
         219         129         156         184         212         241         268         297         325         353         383         412         441         469         498         527         555
         220         129         156         184         212         241         268         297         325         353         383         412         441         469         498         527         555
         221         129         156         184         212         241         268         297         325         353         383         412         441         470         498         527         555
         222         129         156         184         212         241         268         297         325         353         383         412         441         470         498         527         555
         223         129         156         184         212         241         268         297         325         353         383         412         441         470         498         527         555
         224         129         156         184         212         241         268         297         325         353         383         412         441         470         498         527         555
         225         129         156         184         212         241         268         297         325         353         383         413         441         470         498         527         555
         226         129         156         184         212         241         269         297         325         353         383         413         441         470         498         527         555
         227         129         156         184         212         241         269         297         325         353         383         413         441         470         498         527         555
         228         129         156         184         212         241         269         297         325         353         383         413         441         470         498         527         555
         229         129         156         184         212         241         269         297         325         353         383         413         441         470         498         527         555
         230         129         156         184         212         241         269         297         325         353         383         413         441         470         498         527         555
         231         129         156         184         212         241         269         297         325         353         383         413         441         470         498         527         555
         232         129         156         184         212         241         269         297         325         353         383         413         441         470         498         526         555
         233         129         156         184         212         241         269         297         325         353         383         413         441         470         498         526         555
         234         129         156         184         212         241         269         297         325         353         383         413         441         470         498         526         555
         235         129         156         184         212         241         269         297         325         354         383         413         441         470         498         526         555
         236         129         156         184         212         241         269         297         325         354         383         412         441         470         498         526         555
         237         129         156         184         212         241         269         297         325         354         383         412         441         470         498         526         555
         238         129         156         184         212         241         269         297         325         354         383         412         441         470         498         526         555
         239         129         156         184         212         241         269         297         325         354         383         412         441         470         498         526         555
         240         129         156         184         212         241         269         297         325         354         383         412         441         470         498         526         555
         241         129         156         184         212         241         269         297         325         354         383         412         441         470         498         526         555
         242         129         156         184         212         241         269         297         325         354         383         412         441         470         498         526         555
         243         129         156         184         212         241         269         297         325         354         383         412         441         470         498         526         555
         244         129         156         184         212         241         269         297         325         354         383         412         441         470         498         526         555
         245         129         156         184         212         241         269         297         325         354         383         412         441         470         498         526         555
         246         129         156         184         212         241         269         297         325         354         383         412         441         470         498         526         555
         247         129         156         184         212         241         269         297         325         354         383         412         441         470         498         526         555
         248         129         156         184         212         241         269         297         325         354         383         412         441         470         498         526         555
         249         129         156         184         212         241         269         297         325         354         383         412         441         470         498         526         555
         250         129         156         184         212         241         269         297         325         354         383         412         441         470         498         526         555
         251         129         156         184         212         241         269         297         325         354         383         412         441         470         498         526         555
         252         129         156         184         212         241         269         297         325         354         383         412         441         470         498         526         555
         253         129         156         184         212         241         269         297         325         354         383         412         441         470         498         526         555
         254         129         156         184         212         241         269         297         325         354         383         412         441         470         498         526         555
         255         129         156         184         212         241         269         297         325         354         383         412         441         470         498         526         555
         256         129         156         184         212         241         269         297         325         354         383         412         441         470         498         526         555
         257         129         156         184         212         241         269         297         325         354         383         412         441         470         498         526         555
         258         129         156         184         212         241         269         297         325         353         383         412         441         470         498         526         555
         259         129         156         184         212         241         269         297         325         353         383         412         441         470         498         526         555
         260         129         156         184         213         241         269         297         325         353         383         412         441         470         498         526         555
         261         129         156         184         213         241         269         297         325         353         383         412         441         470         498         526         555
         262         129         156         184         213         241         269         297         325         353         383         412         441         470         498         526         555
         263         129         156         184         213         241         269         297         325         353         383         412         441         470         498         526         555
         264         129         156         184         213         241         269         297         325         353         383         412         441         470         498         526         555
         265         129         156         184         213         241         269         297         325         353         383         412         441         470         498         526         555
         266         129         156         184         213         241         269         297         325         353         383         412         441         470         498         526         555
         267         129         156         184         213         241         269         297         325         353         383         412         441         470         498         526         555
         268         129         156         184         213         241         269         297         325         353         383         412         441         470         498         526         555
         269         129         156         184         213         241         269         297         325         353         383         412         441         470         498         526         555
         270         129         156         184         213         241         269         297         325         353         383         412         441         470         498         526         555
         271         129         156         184         213         241         269         297         325         353         383         412         441         470         498         526         555
         272         129         156         184         213         241         269         297         325         353         383         412         441         470         498         526         555
         273         129         156         184         213         241         269         297         325         353         383         412         441         470         498         526         555
         274         129         156         184         213         241         269         297         325         353         383         412         441         470         498         526         555
         275         129         156         184         213         241         269         297         325         354         383         412         441         470         498         526         555
         276         129         156         184         213         241         269         297         325         354         383         412         441         469         498         526         555
         277         129         156         184         213         241         269         297         325         354         383         412         441         469         498         526         555
         278         129         157         184         213         241         269         297         325         354         383         412         441         469         498         526         555
         279         129         157         184         213         241         269         297         325         354         383         412         441         469         498         526         555
         280         129         157         184         213         241         269         297         325         354         383         412         441         469         498         526         555
         281         129         157         184         213         241         269         297         325         354         383         412         441         469         498         526         555
         282         129         157         185         213         241         269         297         325         354         383         412         441         469         498         526         555
         283         129         157         185         213         241         269         297         325         354         383         412         441         469         498         526         555
         284         129         157         185         213         241         269         297         325         354         383         412         441         469         498         526         555
         285         129         157         185         213         241         269         297         325         354         383         412         441         469         498         526         555
         286         129         157         185         213         241         269         297         325         354         383         412         441         469         498         526         555
         287         129         157         185         213         241         269         297         325         354         383         412         441         469         498         526         555
         288         129         157         185         213         241         269         297         325         354         383         412         441         469         498         526         555
         289         129         157         184         213         241         269         297         325         354         383         412         441         469         498         526         555
         290         129         157         184         213         241         269         297         325         353         383         412         441         469         498         526         555
         291         129         157         184         213         241         269         297         325         353         383         412         441         469         498         526         555
         292         129         157         184         213         241         269         297         325         353         383         412         441         469         498         526         555
         293         129         157         184         213         241         269         297         325         353         383         412         441         469         498         526         555
         294         129         157         184         213         241         269         297         325         353         383         412         441         469         498         526         555
         295         129         157         184         213         241         269         297         325         353         383         412         441         469         498         526         555
         296         129         157         184         213         241         269         297         325         353         383         412         441         469         498         526         555
         297         129         157         184         213         241         269         297         325         353         383         412         441         469         498         526         555
         298         129         157         184         213         241         269         297         325         353         383         412         441         469         498         526         554
         299         129         157         184         213         241         269         297         325         353         383         412         441         469         498         526         554
         300         129         157         184         213         241         269         297         325         353         383         412         441         469         498         526         554
         301         129         157         184         213         241         269         297         325         353         383         412         441         469         498         526         554
         302         129         157         184         213         241         269         297         325         353         383         412         441         469         498         526         554
         303         129         157         184         213         241         269         297         325         353         383         412         441         469         498         526         554
         304         129         157         184         213         241         269         297         325         353         383         412         441         469         498         526         554
         305         129         157         184         213         241         269         297         325         353         383         412         440         469         497         526         554
         306         129         157         184         213         241         269         297         325         353         383         412         440         469         497         526         554
         307         129         157         184         213         241         269         297         325         353         383         412         440         469         497         526         554
         308         129         157         184         213         241         269         297         325         353         383         412         440         469         497         526         554
         309         129         157         185         213         241         269         297         325         353         383         412         440         469         497         526         554
         310         129         157         185         213         241         269         297         325         353         383         412         440         469         497         526         554
         311         129         157         185         213         241         269         297         325         353         383         412         440         469         497         526         554
         312         129         157         185         213         241         269         297         325         353         383         412         440         469         497         525         554
         313         129         157         185         213         241         269         297         325         353         383         412         440         469         497         525         554
         314         129         157         185         213         241         269         297         325         353         382         412         440         469         497         525         554
         315         129         157         185         213         241         269         297         325         353         382         412         440         469         497         525         554
         316         129         157         185         213         241         269         297         325         353         382         412         440         469         497         525         554
         317         129         157         185         213         241         269         297         325         353         382         412         440         469         497         525         554
         318         129         157         185         213         241         269         297         325         353         382         412         440         469         497         525         554
         319         129         157         185         213         241         269         297         325         353         382         412         440         469         497         525         554
         320         129         157         185         213         241         269         297         325         353         382         412         440         469         497         525         554
         321         129         157         185         213         241         269         297         325         353         382         412         440         469         497         525         554
         322         129         157         185         213         241         269         297         325         353         382         412         440         469         497         525         554
         323         129         157         185         213         241         269         297         325         353         383         412         440         469         497         525         554
         324         129         157         185         213         241         269         297         325         353         383         412         440         469         497         525         554
         325         129         157         185         213         241         269         297         325         353         383         412         440         469         497         525         554
         326         129         157         185         213         241         269         297         325         354         383         412         440         469         497         525         554
         327         129         157         185         213         241         269         297         325         354         383         412         440         469         497         525         554
         328         129         157         185         213         241         269         297         325         354         383         412         440         469         497         525         554
         329         129         157         185         213         241         269         297         325         354         383         412         440         469         497         525         554
         330         129         157         185         213         241         269         297         325         354         383         412         440         469         497         525         554
         331         129         157         185         213         242         269         297         325         354         383         412         440         469         497         525         554
         332         129         157         185         213         241         269         297         325         354         383         412         440         469         497         525         554
         333         129         157         185         213         241         269         297         325         354         383         412         440         469         497         525         554
         334         129         157         185         213         241         269         297         325         354         383         412         440         469         497         526         554
         335         129         157         185         213         241         269         297         325         354         383         412         440         469         497         526         554
         336         129         157         185         213         242         269         297         325         354         383         412         440         469         497         526         554
         337         129         157         185         213         241         269         297         325         354         383         412         440         469         497         526         554
         338         129         157         185         213         242         269         297         325         354         383         412         440         469         497         526         554
         339         129         157         185         213         242         269         297         325         354         383         412         440         469         497         526         554
         340         129         157         185         213         241         269         297         325         354         383         412         440         469         497         526         554
         341         129         157         185         213         241         269         297         325         354         383         412         440         469         497         526         554
         342         129         157         185         213         241         269         297         325         354         383         412         440         469         497         526         554
         343         129         157         185         213         241         269         297         325         354         383         412         440         469         497         526         554
         344         129         157         185         213         241         269         297         326         354         383         412         440         469         497         526         554
         345         130         157         185         213         241         269         297         326         354         383         412         441         469         497         526         554
         346         130         157         185         213         241         269         297         326         354         383         412         440         469         498         526         554
         347         130         157         185         213         242         269         297         326         354         383         412         440         469         498         526         554
         348         130         157         185         213         242         269         297         326         354         383         412         440         469         498         526         554
         349         130         157         185         213         242         270         297         326         354         383         412         440         469         498         526         554
         350         130         157         185         213         242         270         297         326         354         383         412         440         469         498         526         554
         351         130         157         185         213         242         270         297         326         354         383         412         440         469         498         526         554
         352         130         157         185         213         242         270         297         326         354         383         412         440         469         498         526         554
         353         130         157         185         213         242         270         297         326         354         383         412         440         469         498         526         554
         354         130         157         185         213         242         270         297         326         354         383         412         440         469         498         526         554
         355         130         157         185         213         242         270         297         326         354         383         412         440         469         498         526         554
         356         130         157         185         213         242         270         297         326         354         383         412         440         469         498         526         554
         357         130         157         185         213         242         270         297         326         354         383         412         440         469         498         526         554
         358         130         157         185         213         242         270         297         326         354         383         412         440         469         498         526         554
         359         130         157         185         213         242         270         297         326         354         383         412         440         469         498         526         554
