r000038|L|xxxx|xxxx, xxxx|||||astigmatic k|xxx||
000: 790 790 793 794 796 797 797 795 792 788 786 784 784 0 787 788
001: 790 790 793 794 796 797 797 794 792 788 786 784 784 0 788 789
002: 790 791 793 794 796 796 797 794 792 788 786 784 784 0 788 790
003: 790 791 793 794 796 796 796 794 791 788 786 784 785 0 788 790
004: 790 791 793 794 796 796 796 793 791 788 786 784 785 0 789 790
005: 790 791 793 794 796 796 796 793 791 788 786 784 785 0 789 791
006: 790 791 793 793 796 795 795 793 790 787 785 784 785 0 789 791
007: 790 790 793 793 795 795 795 792 790 787 785 784 785 0 789 791
008: 790 790 793 793 795 795 794 792 790 787 785 784 785 0 789 792
009: 790 790 793 793 795 794 794 792 789 787 785 784 785 0 790 792
010: 789 790 792 793 794 794 793 791 789 786 785 784 785 0 790 792
011: 789 790 792 792 794 793 793 791 789 786 784 783 785 0 790 792
012: 789 790 792 792 794 793 793 790 788 785 784 783 785 0 790 792
013: 789 789 792 792 793 793 792 790 788 785 784 783 784 0 790 792
014: 788 789 792 791 793 792 792 789 787 785 784 783 784 0 790 793
015: 788 789 791 791 793 792 791 789 787 784 783 782 784 0 790 793
016: 788 789 791 791 792 791 791 788 786 784 783 782 784 0 789 793
017: 787 788 791 790 792 791 790 788 786 783 782 782 783 0 789 793
018: 787 788 790 790 791 790 789 787 785 783 782 781 783 0 789 793
019: 786 787 790 790 791 790 789 786 785 782 782 781 783 0 787 0
020: 786 787 789 789 790 789 788 786 784 782 781 780 782 0 787 0
021: 785 786 789 789 790 789 788 785 784 781 781 780 782 0 787 0
022: 785 786 788 788 789 788 787 785 783 781 780 780 782 0 786 0
023: 784 785 788 788 789 787 787 784 783 780 780 779 781 0 786 0
024: 784 785 787 787 788 787 786 784 782 780 779 779 781 0 786 0
025: 783 784 787 786 788 786 786 783 781 779 779 778 780 0 786 0
026: 783 784 786 786 787 786 785 782 781 779 778 778 780 0 785 0
027: 782 783 786 785 787 785 784 782 780 778 778 777 779 0 785 0
028: 781 783 785 785 786 785 784 781 780 777 777 776 779 0 785 0
029: 781 782 784 784 785 784 783 781 779 777 776 776 778 0 784 0
030: 780 782 784 784 785 783 783 780 778 776 776 775 778 0 784 0
031: 780 781 783 783 784 783 782 779 778 776 775 775 777 0 783 0
032: 779 780 783 782 784 782 781 779 777 775 775 774 777 0 783 0
033: 778 780 782 782 783 782 781 778 776 774 774 774 776 0 783 0
034: 778 779 781 781 782 781 780 777 776 774 773 773 776 0 782 0
035: 777 778 781 780 782 780 779 777 775 773 773 772 775 0 782 0
036: 776 778 780 780 781 780 779 776 774 772 772 772 774 0 782 0
037: 776 777 779 779 780 779 778 775 774 772 772 772 773 0 0 0
038: 775 776 778 778 780 778 778 775 773 771 771 771 772 0 0 0
039: 774 776 778 778 779 778 777 774 772 770 770 771 772 0 0 0
040: 774 775 777 777 778 777 776 774 772 770 770 770 771 0 0 0
041: 773 774 776 776 778 777 776 773 771 769 769 769 771 0 0 0
042: 772 774 776 776 777 776 775 772 770 768 768 769 770 0 0 0
043: 772 773 775 775 776 775 774 772 770 768 768 768 770 0 0 0
044: 771 772 774 775 776 775 774 771 769 767 767 768 769 0 0 0
045: 770 772 774 774 775 774 773 770 768 766 766 767 768 0 0 0
046: 769 771 773 773 774 773 772 770 768 766 766 766 768 0 0 0
047: 769 770 772 773 774 773 772 769 767 765 765 766 767 0 0 0
048: 768 770 772 772 773 772 771 768 766 764 764 765 767 0 0 0
049: 767 769 771 771 772 771 770 768 766 764 762 762 0 0 0 0
050: 767 768 770 771 772 771 770 767 765 763 762 761 0 0 0 0
051: 766 768 770 770 771 770 769 766 765 762 761 760 0 0 0 0
052: 766 767 769 770 771 769 768 766 764 762 761 760 0 0 0 0
053: 765 766 769 769 770 769 768 765 763 761 760 759 0 0 0 0
054: 764 766 768 768 769 768 767 764 763 760 759 758 0 0 0 0
055: 764 765 767 768 769 768 767 764 762 760 759 758 0 0 0 0
056: 763 765 767 767 768 767 766 763 761 759 758 757 0 0 0 0
057: 762 764 766 767 768 766 765 763 761 759 757 757 0 0 0 0
058: 762 764 766 766 767 766 765 762 760 758 757 756 0 0 0 0
059: 761 763 765 766 767 765 764 762 760 758 756 756 0 0 0 0
060: 760 763 765 765 766 765 764 761 759 757 756 755 0 0 0 0
061: 760 762 764 765 765 764 763 761 759 757 756 755 0 0 0 0
062: 759 762 764 764 765 763 763 760 758 756 755 754 0 0 0 0
063: 759 761 763 764 764 763 762 760 758 756 755 754 0 0 0 0
064: 758 761 763 763 764 762 761 759 757 755 754 753 0 0 0 0
065: 757 760 762 763 763 762 761 759 757 755 754 753 0 0 0 0
066: 757 760 762 763 763 761 760 759 756 755 753 753 0 0 0 0
067: 756 759 762 762 763 761 760 758 756 754 753 752 0 0 0 0
068: 756 759 761 762 762 760 759 758 755 754 752 752 0 0 0 0
069: 755 759 761 762 762 760 759 757 755 753 752 752 0 0 0 0
070: 755 758 761 761 761 759 758 757 754 753 752 751 0 0 0 0
071: 754 758 760 761 761 759 758 756 754 752 751 751 0 0 0 0
072: 754 758 760 761 761 759 757 756 753 752 751 751 0 0 0 0
073: 754 758 760 760 760 758 757 755 753 752 750 750 0 0 0 0
074: 753 757 760 760 760 758 757 755 0 0 750 750 0 0 0 0
075: 753 757 759 760 760 758 756 755 0 0 750 750 0 0 0 0
076: 753 757 759 760 759 757 756 754 0 0 747 0 0 0 0 0
077: 752 757 759 760 759 757 755 754 0 0 746 0 0 0 0 0
078: 752 757 759 759 759 757 755 754 0 0 746 0 0 0 0 0
079: 752 756 759 759 759 757 755 754 0 0 745 0 0 0 0 0
080: 751 756 758 759 759 756 755 753 0 0 745 0 0 0 0 0
081: 751 756 758 759 758 756 754 753 0 0 745 0 0 0 0 0
082: 751 756 758 759 758 756 754 753 0 0 744 0 0 0 0 0
083: 751 756 758 759 758 756 754 753 750 0 744 0 0 0 0 0
084: 751 756 758 759 758 756 754 753 750 0 744 0 0 0 0 0
085: 750 756 758 759 758 756 754 753 750 0 743 0 0 0 0 0
086: 750 756 758 759 758 756 754 752 750 0 743 0 0 0 0 0
087: 750 756 758 759 758 756 754 752 750 0 743 0 0 0 0 0
088: 750 756 758 759 758 756 754 752 750 0 743 0 0 0 0 0
089: 750 756 758 759 758 756 754 753 750 0 742 0 0 0 0 0
090: 750 756 758 759 758 756 754 753 750 0 742 0 0 0 0 0
091: 750 756 758 759 758 756 754 753 750 0 742 0 0 0 0 0
092: 750 756 758 759 758 756 754 753 750 0 742 0 0 0 0 0
093: 750 757 759 759 758 756 754 753 750 0 742 0 0 0 0 0
094: 751 757 759 759 758 756 754 753 750 0 743 0 0 0 0 0
095: 751 757 759 760 759 756 754 753 750 0 743 0 0 0 0 0
096: 751 757 759 760 759 756 754 752 751 0 0 0 0 0 0 0
097: 751 757 759 760 759 757 754 753 752 0 0 0 0 0 0 0
098: 751 757 759 760 759 757 755 753 752 0 0 0 0 0 0 0
099: 752 758 760 760 759 757 755 753 752 0 0 0 0 0 0 0
100: 752 758 760 761 760 757 755 753 752 0 0 0 0 0 0 0
101: 752 758 760 761 760 758 755 753 752 0 0 0 0 0 0 0
102: 752 758 760 761 760 758 756 754 753 0 0 0 0 0 0 0
103: 753 759 761 761 760 758 756 754 753 0 0 0 0 0 0 0
104: 753 759 761 762 761 759 756 754 753 0 0 0 0 0 0 0
105: 753 759 761 762 761 759 757 755 754 0 0 0 0 0 0 0
106: 754 760 762 762 761 759 757 755 754 0 0 0 0 0 0 0
107: 754 760 762 763 762 760 757 756 754 0 0 0 0 0 0 0
108: 755 760 762 763 762 760 758 756 755 0 0 0 0 0 0 0
109: 755 760 763 763 763 760 758 756 755 0 0 0 0 0 0 0
110: 755 761 763 764 763 761 759 757 756 0 0 0 0 0 0 0
111: 756 761 763 764 763 761 759 757 756 0 0 0 0 0 0 0
112: 756 762 764 765 764 762 759 758 757 0 0 0 0 0 0 0
113: 757 762 764 765 764 762 760 758 757 0 0 0 0 0 0 0
114: 757 762 764 765 765 763 760 759 758 0 0 0 0 0 0 0
115: 758 763 765 766 765 763 761 759 758 0 0 0 0 0 0 0
116: 758 763 765 766 765 763 761 759 758 0 0 0 0 0 0 0
117: 759 763 765 767 766 764 762 760 759 0 0 0 0 0 0 0
118: 759 764 766 767 766 764 762 760 759 0 0 0 0 0 0 0
119: 760 764 766 767 767 765 763 761 760 0 0 0 0 0 0 0
120: 760 765 767 768 767 765 763 761 760 0 0 0 0 0 0 0
121: 761 765 767 768 768 766 764 762 761 0 0 0 0 0 0 0
122: 761 765 767 769 768 766 764 762 761 0 0 0 0 0 0 0
123: 762 766 768 769 768 767 764 763 762 0 0 0 0 0 0 0
124: 762 766 768 769 769 767 765 763 762 0 0 0 0 0 0 0
125: 763 766 768 770 769 768 765 764 763 0 0 0 0 0 0 0
126: 763 767 769 770 770 768 766 764 763 0 0 0 0 0 0 0
127: 764 767 769 770 770 768 766 765 764 0 0 0 0 0 0 0
128: 764 768 770 771 771 769 767 765 764 0 0 0 0 0 0 0
129: 765 768 770 771 771 769 767 766 765 0 0 0 0 0 0 0
130: 765 768 770 772 771 770 768 766 765 0 0 0 0 0 0 0
131: 766 769 771 772 772 770 768 767 766 0 0 0 0 0 0 0
132: 766 769 771 772 772 771 769 767 766 0 0 0 0 0 0 0
133: 767 769 771 773 772 771 769 768 767 0 0 0 0 0 0 0
134: 767 770 772 773 773 771 770 768 767 0 0 0 0 0 0 0
135: 768 770 772 773 773 772 770 768 768 0 0 0 0 0 0 0
136: 768 770 772 773 774 772 770 769 768 0 0 0 0 0 0 0
137: 769 771 773 774 774 773 771 769 769 0 0 0 0 0 0 0
138: 769 771 773 774 774 773 771 770 769 0 0 0 0 0 0 0
139: 770 772 773 774 774 773 772 770 770 0 0 0 0 0 0 0
140: 770 772 773 775 775 774 772 771 770 0 0 0 0 0 0 0
141: 771 772 774 775 775 774 772 771 770 0 0 0 0 0 0 0
142: 771 773 774 775 775 774 773 771 771 0 0 0 0 0 0 0
143: 771 773 774 775 775 774 773 772 771 0 0 0 0 0 0 0
144: 772 773 774 775 776 775 773 772 772 0 0 0 0 0 0 0
145: 772 774 775 776 776 775 774 773 772 0 0 0 0 0 0 0
146: 773 774 775 776 776 775 774 773 772 0 0 0 0 0 0 0
147: 773 774 775 776 776 775 774 773 773 0 0 0 0 0 0 0
148: 774 775 775 776 777 776 775 774 773 0 0 0 0 0 0 0
149: 774 775 776 776 777 776 775 774 773 0 0 0 0 0 0 0
150: 775 775 776 777 777 776 775 774 774 0 0 0 0 0 0 0
151: 775 776 776 777 777 776 776 775 774 0 0 0 0 0 0 0
152: 776 776 776 777 777 777 776 775 775 0 0 0 0 0 0 0
153: 776 776 777 777 777 777 776 775 775 0 0 0 0 0 0 0
154: 777 777 777 777 777 777 776 776 775 0 0 0 0 0 0 0
155: 777 777 777 777 778 777 777 776 776 0 0 0 0 0 0 0
156: 778 777 777 777 778 777 777 777 777 777 0 0 0 0 0 0
157: 778 778 778 778 778 777 777 777 777 778 0 0 0 0 0 0
158: 779 778 778 778 778 778 777 777 777 778 0 0 0 0 0 0
159: 779 779 778 778 778 778 777 777 778 778 0 0 0 0 0 0
160: 780 779 778 778 778 778 778 778 778 779 0 0 0 0 0 0
161: 781 779 779 778 778 778 778 778 778 779 0 0 0 0 0 0
162: 781 780 779 778 778 778 778 778 779 779 0 0 0 0 0 0
163: 782 780 779 779 779 778 778 778 779 780 0 0 0 0 0 0
164: 782 780 779 779 779 778 778 779 779 780 0 0 0 0 0 0
165: 782 781 780 779 779 779 779 779 780 782 785 789 0 0 0 0
166: 783 781 780 779 779 779 779 779 780 783 786 789 0 0 0 0
167: 783 781 780 779 779 779 779 779 781 783 786 789 0 0 0 0
168: 784 782 780 779 779 779 779 779 781 783 786 789 0 0 0 0
169: 784 782 781 779 779 779 779 780 781 784 787 789 0 0 0 0
170: 785 782 781 780 779 779 779 780 781 784 787 789 0 0 0 0
171: 785 783 781 780 780 779 780 780 782 784 787 790 0 0 0 0
172: 785 783 781 780 780 779 780 780 782 785 787 790 0 0 0 0
173: 786 783 782 780 780 779 780 780 782 785 788 790 0 0 0 0
174: 786 783 782 780 780 780 780 781 782 785 788 790 0 0 0 0
175: 786 784 782 780 780 780 780 781 783 786 788 791 0 0 0 0
176: 787 784 782 781 780 780 780 781 783 786 789 791 0 0 0 0
177: 787 784 782 781 780 780 780 781 783 786 789 791 0 0 0 0
178: 787 784 783 781 780 780 780 781 783 786 789 791 0 0 0 0
179: 787 785 783 781 781 780 781 782 784 787 789 792 0 0 0 0
180: 788 785 783 781 781 780 781 782 784 787 790 792 0 0 0 0
181: 788 785 783 781 781 780 781 782 784 787 790 792 0 0 0 0
182: 788 785 783 781 781 780 781 782 784 787 790 792 0 0 0 0
183: 788 785 783 782 781 781 781 782 784 787 790 792 0 0 0 0
184: 788 785 783 782 781 781 781 782 784 787 790 792 0 0 0 0
185: 788 785 784 782 781 781 781 782 785 788 790 793 0 0 0 0
186: 788 785 784 782 781 781 781 782 785 788 791 793 0 0 0 0
187: 788 785 784 782 781 781 781 782 785 788 791 793 0 0 0 0
188: 788 785 784 782 782 781 781 782 785 788 791 794 796 0 0 0
189: 787 785 784 782 782 781 781 782 785 788 791 794 796 0 0 0
190: 787 785 784 782 782 781 781 782 785 788 791 794 796 0 0 0
191: 787 785 784 782 782 781 781 782 785 788 791 794 796 0 0 0
192: 787 785 784 782 782 781 782 782 785 788 791 794 796 0 0 0
193: 787 785 784 782 782 781 782 782 785 788 791 794 795 0 0 0
194: 786 785 784 782 782 781 782 782 784 787 791 793 795 0 0 0
195: 786 785 784 782 782 781 782 782 784 787 791 793 795 0 0 0
196: 786 784 784 782 782 781 782 782 784 787 790 793 795 0 0 0
197: 785 784 783 782 782 781 782 782 784 787 790 793 794 0 0 0
198: 785 784 783 782 782 781 782 782 784 787 790 792 794 0 0 0
199: 784 784 783 782 782 781 782 782 784 786 790 792 794 0 0 0
200: 784 783 783 782 782 781 781 782 784 786 789 792 793 0 0 0
201: 784 783 783 782 782 781 781 782 783 786 789 791 793 0 0 0
202: 783 783 783 782 782 781 781 782 783 785 788 790 790 790 0 0
203: 783 783 783 782 782 781 781 781 783 785 788 789 790 789 0 0
204: 782 782 782 782 782 781 781 781 783 785 788 789 789 789 0 0
205: 782 782 782 782 782 781 781 781 782 784 787 788 789 788 0 0
206: 781 782 782 781 782 781 781 781 782 784 786 787 788 787 0 0
207: 781 781 782 781 782 781 781 781 782 783 786 787 787 786 0 0
208: 780 781 781 781 782 781 781 780 781 783 785 786 786 786 0 0
209: 780 780 781 781 782 781 781 780 781 782 784 785 785 785 0 0
210: 779 780 781 781 782 781 781 780 780 781 783 784 785 784 0 0
211: 779 779 780 781 782 781 781 780 780 781 782 783 784 783 0 0
212: 778 779 780 780 781 781 781 780 780 780 781 782 783 782 0 0
213: 777 779 780 780 781 781 780 779 779 779 781 781 782 782 0 0
214: 777 778 779 780 781 781 780 779 779 779 780 780 781 781 0 0
215: 776 778 779 780 781 781 780 779 778 778 779 779 780 780 0 0
216: 776 777 779 780 781 780 780 778 778 777 778 778 779 779 0 0
217: 775 777 778 779 781 780 780 778 777 776 777 777 778 778 0 0
218: 774 776 778 779 781 780 780 778 776 776 776 776 777 777 0 0
219: 774 776 778 779 780 780 779 777 776 775 775 775 776 776 0 0
220: 773 775 777 778 780 780 779 777 775 774 774 774 774 774 0 0
221: 773 774 777 778 780 780 779 777 775 773 773 773 773 773 0 0
222: 772 774 776 778 780 779 779 776 774 772 772 771 772 772 0 0
223: 771 773 776 777 779 779 778 776 774 771 771 770 770 770 0 0
224: 771 773 775 777 779 779 778 775 773 771 769 769 769 769 0 0
225: 770 772 775 777 779 779 778 775 772 770 768 768 768 767 0 0
226: 769 772 774 776 778 778 777 774 772 769 767 767 766 766 0 0
227: 769 771 774 776 778 778 777 774 771 768 766 765 765 764 0 0
228: 768 770 773 775 778 778 777 774 770 767 765 764 763 763 0 0
229: 767 770 773 775 777 777 776 773 770 766 764 763 762 762 0 0
230: 767 769 772 774 777 777 776 772 769 765 763 762 761 760 0 0
231: 766 769 772 774 777 777 775 772 768 765 762 760 760 759 0 0
232: 766 768 771 774 776 776 775 771 767 764 761 759 758 758 0 0
233: 765 767 771 773 776 776 774 771 767 763 760 758 757 756 0 0
234: 764 767 770 772 775 775 774 770 766 762 759 757 756 755 0 0
235: 764 766 769 772 775 775 773 770 765 761 758 756 754 753 0 0
236: 763 765 769 771 774 774 773 769 765 760 757 755 753 752 0 0
237: 762 765 768 771 774 774 772 768 764 759 756 753 752 751 0 0
238: 762 764 768 770 773 773 772 768 763 758 755 752 750 747 743 739
239: 761 763 767 770 772 772 771 767 762 758 754 751 749 745 742 738
240: 761 763 766 769 772 772 770 766 762 757 753 750 747 744 741 738
241: 760 762 766 768 771 771 770 765 761 756 752 749 746 744 741 737
242: 759 761 765 768 771 771 769 765 760 755 751 748 745 743 740 737
243: 759 761 764 767 770 770 768 764 759 754 750 747 745 742 739 736
244: 758 760 764 766 769 769 768 763 758 753 750 746 744 741 738 736
245: 757 760 763 766 769 768 767 763 758 753 749 746 743 740 738 735
246: 757 759 763 765 768 768 766 762 757 752 748 745 742 739 737 735
247: 756 758 762 764 767 767 765 761 756 751 747 744 741 739 737 735
248: 756 758 761 764 766 766 765 760 756 750 746 743 740 738 736 734
249: 755 757 761 763 766 766 764 760 755 750 746 742 740 737 736 734
250: 755 757 760 762 765 765 763 759 754 749 745 742 739 737 735 734
251: 754 756 760 762 764 764 762 758 753 748 744 741 738 736 735 734
252: 754 755 759 761 764 763 762 757 753 748 744 740 738 736 735 733
253: 753 755 758 761 763 763 761 757 752 747 743 740 737 735 734 733
254: 753 754 758 760 762 762 760 756 751 746 742 739 737 735 734 733
255: 752 754 757 759 762 761 760 755 751 746 742 738 736 734 734 733
256: 752 754 757 759 761 761 759 755 750 745 741 738 736 734 733 733
257: 752 753 756 758 761 760 758 754 750 745 741 737 735 734 733 732
258: 751 753 756 758 760 759 758 753 749 744 740 737 735 733 733 732
259: 751 752 755 757 759 759 757 753 748 744 740 737 734 733 732 732
260: 751 752 755 757 759 758 756 752 748 743 739 736 734 733 732 732
261: 750 751 755 756 758 757 756 752 747 743 739 736 734 733 732 732
262: 750 751 754 756 758 757 755 751 747 742 739 735 734 732 732 732
263: 750 751 754 755 757 756 755 751 747 742 738 735 733 732 732 732
264: 749 751 754 755 757 756 754 750 746 742 738 735 733 732 732 732
265: 749 750 753 754 756 755 754 750 746 741 738 735 733 732 732 732
266: 749 750 753 754 756 755 753 749 746 741 738 735 733 732 732 732
267: 749 750 753 754 756 754 753 749 745 741 737 734 733 732 732 732
268: 749 750 753 754 755 754 753 749 745 741 737 734 733 732 732 732
269: 749 750 752 753 755 754 752 748 745 740 737 734 733 732 732 732
270: 749 749 752 753 755 753 752 748 745 740 737 734 733 732 732 732
271: 749 749 752 753 754 753 752 748 744 740 737 734 733 732 732 732
272: 749 749 752 753 754 753 752 748 744 740 737 734 733 732 732 732
273: 749 749 752 753 754 753 751 748 744 740 737 734 733 732 732 732
274: 749 749 752 753 754 753 751 748 744 740 737 734 733 732 732 732
275: 749 749 752 753 754 752 751 748 744 740 737 735 733 733 733 733
276: 749 750 752 753 754 752 751 748 744 741 737 735 733 733 733 733
277: 749 750 752 753 754 752 751 748 745 741 738 735 734 733 733 733
278: 749 750 752 753 754 752 751 748 745 741 738 735 734 733 733 733
279: 750 750 752 753 754 752 751 748 745 741 738 735 734 733 733 733
280: 750 750 752 753 754 752 751 748 745 741 738 736 734 734 734 734
281: 750 750 753 753 754 753 751 748 745 742 739 736 735 734 734 734
282: 750 751 753 753 754 753 752 749 746 742 739 736 735 734 734 734
283: 751 751 753 753 754 753 752 749 746 742 739 737 735 735 734 734
284: 751 751 753 754 755 753 752 749 746 743 740 737 736 735 735 735
285: 751 751 754 754 755 753 752 749 747 743 740 738 736 735 735 735
286: 752 752 754 754 755 754 753 750 747 744 741 738 736 736 735 735
287: 752 752 754 754 755 754 753 750 748 744 741 739 737 736 736 736
288: 753 753 755 755 756 754 754 751 748 745 742 739 737 736 736 736
289: 753 753 755 755 756 755 754 751 749 745 742 740 738 737 736 736
290: 754 753 755 755 756 755 755 752 749 746 743 740 738 737 737 737
291: 754 754 756 756 757 756 755 752 750 746 743 741 739 738 737 737
292: 755 754 756 756 757 756 756 753 751 747 744 741 739 738 738 737
293: 755 755 757 757 758 757 756 754 751 748 745 742 740 739 738 738
294: 756 755 757 757 758 757 757 754 752 748 745 742 740 739 738 738
295: 756 756 757 758 759 758 757 755 753 749 746 743 741 739 739 738
296: 757 756 758 758 759 758 758 756 754 750 747 743 741 740 739 739
297: 757 757 758 759 760 759 759 757 754 751 747 744 742 740 740 739
298: 758 757 759 759 760 760 759 757 755 751 748 745 742 741 740 740
299: 758 758 759 760 761 760 760 758 756 752 749 745 743 741 740 740
300: 759 758 760 760 762 761 761 759 757 753 750 746 744 742 741 740
301: 759 759 761 761 762 762 762 760 758 754 750 747 744 742 741 741
302: 760 759 761 761 763 762 763 761 758 755 751 747 745 743 742 741
303: 761 760 762 762 764 763 763 762 759 755 752 748 745 743 742 742
304: 761 760 762 763 764 764 764 762 760 756 753 749 746 744 743 742
305: 762 761 763 763 765 765 765 763 761 757 753 749 746 744 743 742
306: 762 762 763 764 766 766 766 764 762 758 754 750 747 745 744 743
307: 763 762 764 765 766 766 767 765 763 759 755 751 748 745 744 743
308: 763 763 765 765 767 767 768 766 764 760 756 751 748 746 745 744
309: 764 763 765 766 768 768 769 767 765 761 756 752 749 746 745 744
310: 764 764 766 767 769 769 770 768 766 762 757 753 749 747 746 745
311: 765 765 766 767 769 770 771 769 767 762 758 753 750 748 746 745
312: 766 765 767 768 770 771 772 770 768 763 759 754 751 748 747 746
313: 766 766 768 769 771 772 773 771 769 764 760 755 751 749 747 746
314: 767 766 768 770 772 773 774 772 770 765 760 756 752 749 748 747
315: 767 767 769 770 773 774 775 773 771 766 761 756 753 750 748 747
316: 768 768 770 771 774 775 776 774 772 767 762 757 753 751 749 748
317: 768 768 770 772 774 776 777 775 773 768 763 758 754 751 750 749
318: 769 769 771 772 775 777 778 776 773 769 764 758 755 752 750 749
319: 769 769 772 773 776 777 779 777 774 769 764 759 755 752 751 750
320: 770 770 772 774 777 778 780 778 775 770 765 760 756 753 751 750
321: 770 771 773 775 778 779 781 779 776 771 766 761 757 754 752 751
322: 771 771 774 775 779 780 782 780 777 772 767 761 757 754 753 752
323: 772 772 774 776 779 781 783 781 778 773 767 762 758 755 753 752
324: 772 772 775 777 780 782 784 782 779 774 768 763 759 756 754 753
325: 773 773 776 778 781 783 784 783 780 774 769 764 759 757 755 754
326: 773 774 776 778 782 784 785 784 781 775 770 764 760 757 756 755
327: 774 774 777 779 783 785 786 785 781 776 770 765 761 758 756 755
328: 774 775 778 780 784 786 787 786 782 777 771 766 762 759 757 756
329: 775 776 778 780 784 787 788 786 783 777 772 767 763 760 758 757
330: 775 776 779 781 785 787 789 787 784 778 773 767 763 761 759 758
331: 776 777 780 782 786 788 790 788 784 779 773 768 764 761 760 759
332: 777 778 780 783 787 789 790 789 785 779 774 769 765 762 761 760
333: 777 778 781 783 787 790 791 789 786 780 775 770 766 0 762 761
334: 778 779 782 784 788 790 792 790 786 781 775 770 767 0 763 762
335: 778 779 782 785 789 791 793 791 787 781 776 771 767 0 764 763
336: 779 780 783 785 789 792 793 791 788 782 777 772 768 0 765 764
337: 780 781 783 786 790 792 794 792 788 782 777 773 769 0 766 765
338: 780 781 784 786 791 793 794 792 789 783 778 773 770 0 767 766
339: 781 782 785 787 791 793 795 793 789 784 778 774 771 0 768 767
340: 781 782 785 788 792 794 795 793 790 784 779 775 772 0 769 768
341: 782 783 786 788 792 794 796 794 790 785 780 776 773 0 770 769
342: 783 783 786 789 793 795 796 794 790 785 780 776 773 0 771 771
343: 783 784 787 789 793 795 797 794 791 785 781 777 774 0 772 772
344: 784 785 787 790 794 796 797 795 791 786 781 778 775 0 773 773
345: 784 785 788 790 794 796 797 795 791 786 782 778 776 0 774 774
346: 785 786 788 790 794 796 797 795 792 786 782 779 777 0 775 775
347: 785 786 789 791 795 797 798 795 792 787 782 780 777 0 776 777
348: 786 787 789 791 795 797 798 795 792 787 783 780 778 0 777 778
349: 786 787 790 792 795 797 798 796 792 787 783 781 779 0 779 779
350: 787 787 790 792 796 797 798 796 792 788 784 781 780 0 779 780
351: 787 788 790 792 796 797 798 796 792 788 784 782 780 0 780 781
352: 788 788 791 793 796 797 798 796 792 788 784 782 781 0 781 782
353: 788 789 791 793 796 797 798 796 793 788 784 782 781 0 782 783
354: 788 789 791 793 796 797 798 796 793 788 785 783 782 0 783 784
355: 789 789 792 793 796 797 798 796 793 788 785 783 782 0 784 784
356: 789 789 792 793 796 797 798 795 792 788 785 783 783 0 784 785
357: 789 790 792 793 797 797 798 795 792 788 785 783 783 0 785 786
358: 789 790 792 794 797 797 798 795 792 788 785 784 783 0 786 787
359: 790 790 793 794 796 797 797 795 792 788 786 784 784 0 786 788
