000 790 793 798 801 805 807 810 812 832 841 904 0 971 0 0 0
001 790 793 798 802 805 808 810 812 832 841 904 0 972 0 0 0
002 790 794 798 802 805 808 811 813 832 842 905 0 973 0 0 0
003 790 794 798 802 805 808 811 813 832 842 905 0 973 0 0 0
004 790 794 798 802 806 808 811 813 833 842 906 0 974 0 0 0
005 790 794 798 802 806 809 811 813 833 843 906 0 975 0 0 0
006 790 794 798 803 806 809 811 813 833 843 907 0 976 0 0 0
007 790 794 799 803 806 809 812 814 834 843 907 0 977 0 0 0
008 790 794 799 803 806 809 812 814 834 844 908 0 977 0 0 0
009 790 794 799 803 806 809 812 814 834 844 908 0 978 0 0 0
010 790 794 799 803 807 809 812 814 835 844 909 0 980 0 0 0
011 790 794 799 803 807 810 812 814 835 845 910 0 981 0 0 0
012 790 795 799 804 807 810 813 815 835 845 910 0 982 0 0 0
013 790 795 799 804 807 810 813 815 836 845 911 0 983 0 0 0
014 790 795 799 804 807 810 813 815 836 846 912 0 984 0 0 0
015 790 795 800 804 807 810 813 815 836 845 913 0 986 0 0 0
016 790 795 800 804 808 811 813 815 835 845 914 0 988 0 0 0
017 790 795 800 804 808 811 813 815 835 845 915 0 990 0 0 0
018 790 795 800 804 808 811 813 815 835 845 916 0 993 0 0 0
019 790 795 800 804 808 811 813 815 835 844 917 0 995 0 0 0
020 790 795 800 805 808 811 814 815 834 844 919 0 998 0 0 0
021 790 795 800 805 808 811 814 815 834 844 920 0 1001 0 0 0
022 790 795 800 805 808 811 814 815 834 843 921 0 1004 0 0 0
023 790 795 800 805 808 811 814 815 833 843 923 0 1007 0 0 0
024 791 795 800 805 808 811 814 815 833 843 925 0 1010 0 0 0
025 791 796 800 805 809 811 814 815 833 842 927 0 1015 0 0 0
026 791 796 800 805 809 811 814 815 832 842 927 0 1016 0 0 0
027 791 796 801 805 809 811 814 815 832 842 928 0 1018 0 0 0
028 791 796 801 805 809 811 814 815 832 842 929 0 1019 0 0 0
029 791 796 801 805 809 811 814 815 832 842 930 0 1021 0 0 0
030 791 796 801 805 809 811 814 815 831 0 931 0 1023 0 0 0
031 791 796 801 805 809 811 813 815 831 0 0 0 1029 0 0 0
032 791 796 801 805 809 811 813 815 830 0 0 0 1035 0 0 0
033 792 796 801 805 809 811 813 815 830 0 0 0 1041 0 0 0
034 792 796 801 805 808 811 813 815 829 0 0 0 1047 0 0 0
035 792 796 801 805 808 811 813 814 829 0 0 0 1054 0 0 0
036 792 796 801 805 808 811 813 814 828 0 0 0 1061 0 0 0
037 792 796 801 805 808 811 813 814 828 0 0 0 1068 0 0 0
038 792 797 801 805 808 810 812 814 827 0 0 0 1075 0 0 0
039 792 797 801 805 808 810 812 814 826 0 0 0 1083 0 0 0
040 792 797 801 805 808 810 812 813 825 0 0 0 1091 0 0 0
041 793 797 801 805 808 810 812 0 823 0 0 0 1122 0 0 0
042 793 797 801 805 807 809 811 0 0 0 0 0 0 0 0 0
043 793 797 801 804 807 809 811 0 0 0 0 0 0 0 0 0
044 793 797 801 804 807 809 811 0 0 0 0 0 0 0 0 0
045 793 797 801 804 807 809 810 0 0 0 0 0 0 0 0 0
046 793 797 801 804 807 808 810 0 0 0 0 0 0 0 0 0
047 793 797 801 804 806 808 810 0 0 0 0 0 1158 0 0 0
048 794 797 801 804 806 808 809 0 0 0 0 0 1162 0 0 0
049 794 797 800 804 806 807 809 0 0 0 0 0 1165 0 0 0
050 794 797 800 803 806 807 808 0 0 0 0 0 1168 0 0 0
051 794 797 800 803 805 807 808 0 0 0 0 0 1171 0 0 0
052 794 797 800 803 805 806 807 0 0 0 0 0 1173 0 0 0
053 794 797 800 803 805 806 807 0 0 0 0 0 1176 0 0 0
054 794 797 800 802 804 805 806 0 0 0 0 0 1178 0 0 0
055 794 797 800 802 804 805 806 0 0 0 0 0 1180 0 0 0
056 794 797 800 802 804 805 805 0 0 0 0 0 1182 0 0 0
057 794 797 800 802 803 804 805 0 0 0 0 0 1183 0 0 0
058 794 797 799 801 803 804 804 0 0 0 0 0 1183 0 0 0
059 794 797 799 801 803 803 804 0 0 0 0 0 1183 0 0 0
060 794 797 799 801 802 803 803 0 0 0 0 0 1182 0 0 0
061 794 796 799 801 802 803 803 0 0 0 0 0 1182 0 0 0
062 794 796 798 800 802 802 802 0 0 0 0 0 1181 0 0 0
063 794 796 798 800 801 802 802 0 0 0 0 0 1181 0 0 0
064 794 796 798 800 801 801 802 0 0 0 0 0 1180 0 0 0
065 794 796 798 799 800 801 801 0 0 0 0 0 1179 0 0 0
066 794 796 797 799 800 800 801 0 0 0 0 0 1179 0 0 0
067 794 795 797 799 800 800 800 0 0 0 0 0 1178 0 0 0
068 794 795 797 798 799 800 800 0 0 0 0 0 1177 0 0 0
069 794 795 797 798 799 799 799 0 0 0 0 0 1176 0 0 0
070 794 795 796 797 798 799 799 0 0 0 0 0 1175 0 0 0
071 794 795 796 797 798 798 799 0 0 0 0 0 1175 0 0 0
072 794 794 796 797 798 798 798 0 0 0 0 0 1174 0 0 0
073 794 794 795 796 797 798 798 0 0 0 0 0 1173 0 0 0
074 794 794 795 796 797 797 797 0 0 0 0 0 1172 0 0 0
075 793 794 795 795 796 797 797 0 0 0 0 0 1171 0 0 0
076 793 793 794 795 796 796 796 0 0 0 0 0 1171 0 0 0
077 793 793 794 795 796 796 796 0 0 0 0 0 1170 0 0 0
078 793 793 793 794 795 795 796 0 0 0 0 0 1169 0 0 0
079 793 792 793 794 795 795 795 0 0 0 0 0 1168 0 0 0
080 792 792 793 793 794 795 795 0 0 0 0 0 1168 0 0 0
081 792 792 792 793 794 794 794 0 0 0 0 0 1167 0 0 0
082 792 791 792 793 793 794 794 0 0 0 0 0 1166 0 0 0
083 792 791 792 792 793 793 794 0 0 0 0 0 1165 0 0 0
084 791 791 791 792 793 793 793 0 0 0 0 0 1165 0 0 0
085 791 790 791 791 792 793 793 0 0 0 0 0 1164 0 0 0
086 791 790 790 791 792 792 792 0 0 0 0 0 1164 0 0 0
087 790 789 790 791 791 792 792 0 0 0 0 0 1163 0 0 0
088 790 789 790 790 791 791 792 0 0 0 0 0 1163 0 0 0
089 790 789 789 790 791 791 791 0 0 0 0 0 1163 0 0 0
090 789 788 789 789 790 791 791 0 0 0 0 0 1163 0 0 0
091 789 788 788 789 790 790 790 0 0 0 0 0 1162 0 0 0
092 789 788 788 789 789 790 790 0 0 0 0 0 1162 0 0 0
093 788 787 788 788 789 789 790 0 0 0 0 0 1162 0 0 0
094 788 787 787 788 789 789 789 0 0 0 0 0 1163 0 0 0
095 787 786 787 787 788 789 789 0 0 0 0 0 1163 0 0 0
096 787 786 786 787 788 788 789 0 0 0 0 0 1163 0 0 0
097 787 786 786 787 788 788 788 0 0 0 0 0 1163 0 0 0
098 786 785 786 786 787 788 788 0 0 0 0 0 1163 0 0 0
099 786 785 785 786 787 787 787 0 0 0 0 0 1163 0 0 0
100 786 785 785 786 787 787 787 0 0 0 0 0 1163 0 0 0
101 785 784 785 785 786 787 787 0 0 0 0 0 1164 0 0 0
102 785 784 784 785 786 786 787 0 0 0 0 0 1163 0 0 0
103 785 784 784 785 786 786 786 0 0 0 0 0 1161 0 0 0
104 784 783 784 784 785 786 786 0 0 0 0 0 1160 0 0 0
105 784 783 783 784 785 785 786 0 0 0 0 0 1157 0 0 0
106 784 783 783 784 785 785 786 0 0 0 0 0 1155 0 0 0
107 783 783 783 784 785 785 785 0 0 0 0 0 1152 0 0 0
108 783 782 783 783 784 785 785 0 0 0 0 0 1148 0 0 0
109 783 782 782 783 784 785 785 0 0 0 0 0 1144 0 0 0
110 783 782 782 783 784 784 785 0 0 0 0 0 1139 0 0 0
111 783 782 782 783 784 784 785 0 0 0 0 0 0 0 0 0
112 782 782 782 782 783 784 785 0 786 0 0 0 1128 0 0 0
113 782 781 781 782 783 784 784 0 786 0 0 0 0 0 0 0
114 782 781 781 782 783 784 784 0 786 0 0 0 0 0 0 0
115 782 781 781 782 783 783 784 785 787 0 0 0 1105 0 0 0
116 782 781 781 782 783 783 784 785 787 0 0 0 1100 0 0 0
117 782 781 781 781 782 783 784 785 787 0 0 0 1094 0 0 0
118 782 781 781 781 782 783 784 785 787 0 0 0 1064 0 0 0
119 782 781 781 781 782 783 784 785 787 0 0 0 1052 0 0 0
120 782 781 781 781 782 783 784 785 787 0 0 0 1040 0 0 0
121 782 781 780 781 782 783 784 785 787 0 0 0 1028 0 0 0
122 782 781 780 781 782 783 784 785 787 0 0 0 1017 0 0 0
123 782 781 780 781 782 783 784 785 787 0 0 0 1002 0 0 0
124 782 781 780 781 782 783 784 785 788 0 0 0 987 0 0 0
125 782 781 780 781 781 783 784 785 788 0 0 0 973 0 0 0
126 782 781 780 781 781 783 784 785 788 790 0 0 960 0 0 0
127 782 781 780 781 781 783 784 786 788 790 0 0 947 0 0 0
128 782 781 780 781 781 783 784 786 789 791 0 0 940 0 0 0
129 782 781 780 781 781 783 784 786 789 791 0 0 927 0 0 0
130 782 781 780 781 781 783 784 786 789 791 0 0 921 0 0 0
131 782 781 780 781 781 783 784 786 789 791 845 0 914 0 0 0
132 782 781 780 781 781 783 784 786 789 791 794 0 0 0 0 0
133 782 781 781 781 781 783 784 786 789 791 794 0 0 0 0 0
134 782 781 781 781 781 783 784 786 789 792 794 0 0 0 0 0
135 782 781 781 781 782 783 784 786 790 792 795 0 0 0 0 0
136 783 781 781 781 782 783 784 786 790 792 795 0 0 0 0 0
137 783 782 781 781 782 783 784 786 790 792 795 0 0 0 0 0
138 783 782 781 781 782 783 785 786 790 792 795 0 0 0 0 0
139 783 782 781 781 782 783 785 787 790 792 814 0 862 0 0 0
140 783 782 781 781 782 783 785 787 790 792 812 0 854 0 0 0
141 783 782 781 782 782 783 785 787 790 793 810 0 847 0 0 0
142 784 782 782 782 782 783 785 787 790 793 808 0 840 0 0 0
143 784 783 782 782 782 783 785 787 790 793 806 0 835 0 0 0
144 784 783 782 782 782 783 785 787 791 793 805 0 829 0 0 0
145 784 783 782 782 783 784 785 787 791 793 803 0 813 0 0 0
146 784 783 782 782 783 784 785 787 791 793 802 0 811 0 0 0
147 784 783 783 782 783 784 785 787 791 793 801 804 809 0 813 0
148 784 784 783 783 783 784 785 787 790 793 799 802 807 0 811 0
149 785 784 783 783 783 784 785 787 791 793 799 802 807 0 811 0
150 785 784 783 783 783 784 785 787 791 793 799 802 807 0 811 0
151 785 784 783 783 783 784 785 787 791 793 799 802 807 0 810 0
152 785 784 783 783 784 784 786 787 791 793 799 802 807 0 810 0
153 785 785 784 784 784 784 786 788 791 793 799 802 807 808 810 0
154 785 785 784 784 784 784 786 788 791 793 799 802 806 807 810 0
155 786 785 784 784 784 785 786 788 791 793 799 802 806 807 809 0
156 786 785 784 784 784 785 786 788 791 793 798 801 805 806 808 0
157 786 785 784 784 784 785 786 788 790 793 798 801 804 806 807 0
158 786 785 785 784 784 785 786 788 790 793 797 800 804 805 807 0
159 786 786 785 785 785 785 786 788 790 793 797 800 803 805 806 0
160 786 786 785 785 785 785 786 788 790 793 796 799 803 804 806 0
161 786 786 785 785 785 785 786 788 790 793 796 799 802 804 805 0
162 787 786 785 785 785 785 786 788 790 792 796 799 802 804 805 0
163 787 786 786 785 785 785 786 788 790 792 795 798 802 804 805 0
164 787 787 786 785 785 785 786 788 790 792 795 798 802 803 805 0
165 787 787 786 785 785 785 786 788 790 792 795 798 802 803 804 0
166 787 787 786 786 785 785 786 788 790 792 795 798 801 803 804 0
167 787 787 786 786 785 785 786 788 790 792 795 798 801 803 804 0
168 787 787 786 786 785 785 786 788 790 792 795 798 801 803 804 0
169 787 787 786 786 786 786 786 788 789 792 795 798 801 802 803 0
170 788 787 787 786 786 786 786 787 789 792 794 798 801 802 803 0
171 788 788 787 786 786 786 786 787 789 792 794 797 800 802 803 0
172 788 788 787 786 786 786 786 787 789 791 794 797 800 802 803 0
173 788 788 787 786 786 786 786 787 789 791 794 797 800 801 802 0
174 788 788 787 786 786 786 786 787 789 791 794 797 800 801 802 0
175 788 788 787 787 786 786 786 787 789 791 794 797 800 801 802 0
176 788 788 787 787 786 786 786 787 789 791 794 796 799 801 802 0
177 788 788 787 787 786 786 786 787 789 791 793 796 799 801 802 0
178 788 788 787 787 786 786 786 787 788 791 793 796 799 800 801 0
179 788 788 788 787 786 786 786 787 788 790 793 796 799 800 801 0
180 788 788 788 787 786 786 786 787 788 790 793 796 799 800 801 0
181 788 789 788 787 786 786 786 787 788 790 793 796 799 800 801 0
182 788 789 788 787 786 786 786 787 788 790 793 796 798 800 801 0
183 788 789 788 787 786 786 786 787 788 790 792 795 798 800 801 0
184 788 789 788 787 786 786 786 787 788 790 792 795 798 800 800 0
185 788 789 788 787 786 786 786 786 788 790 792 795 798 799 800 0
186 788 789 788 787 787 786 786 786 788 789 792 795 798 799 800 0
187 788 789 788 787 787 786 786 786 787 789 792 795 798 799 800 0
188 788 789 788 787 787 786 786 786 787 789 792 795 798 799 800 0
189 788 789 788 788 787 786 786 786 787 789 792 795 797 799 800 0
190 788 789 788 788 787 786 786 786 787 789 791 794 797 799 800 0
191 788 789 788 788 787 786 786 786 787 789 791 794 797 799 800 0
192 788 789 788 788 787 786 786 786 787 789 791 794 797 799 799 0
193 788 789 788 788 787 786 785 786 787 789 791 794 797 798 799 0
194 788 789 788 788 787 786 785 786 787 788 791 794 797 798 799 0
195 788 789 789 788 787 786 785 786 787 788 791 794 797 798 799 0
196 788 789 789 788 787 786 785 786 787 788 791 794 797 798 799 0
197 788 789 789 788 787 786 785 786 786 788 791 794 797 798 799 0
198 788 789 789 788 787 786 785 786 786 788 791 794 797 798 799 0
199 788 789 789 788 787 786 785 786 786 788 790 793 796 798 799 0
200 789 790 789 788 787 786 785 785 786 788 790 793 796 798 799 0
201 789 790 789 788 787 786 785 785 786 788 790 793 796 798 799 0
202 789 790 789 788 787 786 785 785 786 788 790 793 796 798 799 0
203 789 790 789 788 787 786 785 785 786 788 790 793 796 798 799 0
204 789 790 789 788 787 786 785 785 786 788 790 793 796 798 799 0
205 789 790 789 788 787 786 785 785 786 788 790 793 796 798 799 0
206 789 790 789 788 787 786 785 785 786 788 790 793 796 798 799 0
207 789 790 789 788 787 786 785 785 786 787 790 793 796 798 799 0
208 789 790 789 788 787 786 785 785 786 787 790 793 796 798 799 0
209 789 790 789 788 787 786 785 785 786 787 790 793 796 798 799 0
210 789 790 789 788 787 786 785 785 786 787 790 793 796 798 799 0
211 789 790 789 788 787 786 785 785 786 787 790 793 796 798 799 0
212 789 790 789 788 787 786 785 785 786 787 790 793 796 798 799 0
213 790 790 789 788 787 786 785 785 786 787 790 793 796 798 799 0
214 790 790 789 788 787 786 786 785 786 787 790 793 796 798 799 0
215 790 790 789 789 787 786 786 786 786 787 790 793 796 798 799 0
216 790 790 790 789 787 786 786 786 786 787 790 793 796 798 799 0
217 790 791 790 789 787 786 786 786 786 787 790 793 796 798 799 0
218 790 791 790 789 787 786 786 786 786 787 790 793 796 798 799 0
219 790 791 790 789 787 787 786 786 786 787 790 793 796 798 799 0
220 790 791 790 789 788 787 786 786 786 787 790 793 796 798 799 0
221 791 791 790 789 788 787 786 786 786 787 790 793 796 798 799 0
222 791 791 790 789 788 787 786 786 786 787 790 793 796 798 799 0
223 791 791 790 789 788 787 786 786 786 787 790 793 796 798 799 0
224 791 791 790 789 788 787 786 786 786 787 790 793 796 798 799 0
225 791 791 790 789 788 787 786 786 786 787 790 793 796 798 799 0
226 791 791 790 789 788 787 786 786 787 787 790 793 796 798 799 0
227 791 791 790 789 788 787 787 786 787 787 790 793 796 798 799 0
228 792 791 790 789 788 787 787 786 787 787 790 793 796 798 799 0
229 792 791 790 790 788 787 787 787 787 788 790 793 796 798 799 0
230 792 791 791 790 788 788 787 787 787 788 790 793 796 798 799 0
231 792 792 791 790 789 788 787 787 787 788 790 793 796 798 799 0
232 792 792 791 790 789 788 787 787 787 788 790 793 797 798 799 0
233 792 792 791 790 789 788 787 787 787 788 790 793 797 798 799 0
234 792 792 791 790 789 788 787 787 787 788 790 793 797 798 799 0
235 792 792 791 790 789 788 788 787 787 788 790 793 797 798 799 0
236 792 792 791 790 789 788 788 787 787 788 790 793 797 798 799 0
237 793 792 791 790 789 788 788 787 787 788 790 793 797 798 800 0
238 793 792 791 791 789 789 788 787 787 788 790 793 797 798 800 0
239 793 792 791 791 790 789 788 787 787 788 790 793 797 799 800 0
240 793 792 791 791 790 789 788 788 787 788 790 793 797 799 800 0
241 793 792 792 791 790 789 788 788 788 788 790 793 797 799 800 0
242 793 792 792 791 790 789 788 788 788 788 790 793 797 799 800 0
243 793 792 792 791 790 789 788 788 788 788 790 794 797 799 800 0
244 793 792 792 791 790 789 789 788 788 788 791 794 797 799 800 0
245 793 792 792 791 790 789 789 788 788 788 791 794 797 799 800 0
246 793 793 792 791 790 790 789 788 788 788 791 794 797 799 800 0
247 793 793 792 792 791 790 789 788 788 789 791 794 798 799 801 0
248 793 793 792 792 791 790 789 788 788 789 791 794 798 799 801 0
249 793 793 792 792 791 790 789 788 788 789 791 794 798 800 801 0
250 793 793 792 792 791 790 789 789 788 789 791 794 798 800 801 0
251 793 793 792 792 791 790 789 789 788 789 791 794 798 800 801 0
252 793 793 792 792 791 790 789 789 789 789 791 795 798 800 802 0
253 793 793 793 792 791 790 789 789 789 789 792 795 799 800 802 0
254 793 793 793 792 791 790 789 789 789 789 792 795 799 801 802 0
255 793 793 793 792 791 790 790 789 789 790 792 795 799 801 802 0
256 793 793 793 792 791 790 790 789 789 790 792 795 799 801 803 0
257 793 793 793 792 791 790 790 789 789 790 792 796 799 801 803 0
258 793 793 793 792 791 790 790 789 789 790 792 796 800 802 803 0
259 793 793 793 792 791 790 790 789 789 790 793 796 800 802 804 0
260 793 793 793 792 791 790 790 789 790 790 793 796 800 802 804 0
261 792 793 793 792 791 791 790 790 790 791 793 797 801 803 804 0
262 792 792 793 792 791 791 790 790 790 791 793 797 801 803 805 0
263 792 792 793 792 791 791 790 790 790 791 794 797 802 804 805 0
264 792 792 793 792 791 791 790 790 790 791 794 798 802 804 806 0
265 792 792 792 792 791 791 790 790 790 791 794 798 802 805 806 0
266 791 792 792 792 791 791 790 790 790 792 795 798 803 805 807 0
267 791 792 792 792 791 791 790 790 790 792 795 799 803 806 807 0
268 791 792 792 792 791 791 790 790 791 792 795 799 804 806 808 0
269 791 792 792 792 791 791 790 790 791 792 796 800 805 807 808 0
270 790 791 792 792 791 791 790 790 791 793 796 801 805 807 809 0
271 790 791 792 792 791 791 791 791 791 793 797 801 806 808 810 0
272 790 791 792 792 791 791 791 791 792 794 798 802 807 809 810 0
273 790 791 792 792 791 791 791 791 792 794 798 803 807 809 811 0
274 789 791 792 792 791 791 791 791 792 795 799 804 808 810 811 0
275 789 791 791 792 791 791 791 791 793 795 800 805 809 811 812 0
276 789 790 791 791 791 791 791 791 793 796 801 806 810 811 812 0
277 788 790 791 791 791 791 791 791 793 797 802 806 810 812 813 0
278 788 790 791 791 791 791 791 792 794 797 803 807 811 813 813 0
279 788 790 791 791 791 791 791 792 794 798 804 808 812 813 813 0
280 787 790 791 791 791 791 791 792 794 799 805 809 813 814 814 0
281 787 789 791 791 791 791 791 792 795 800 805 810 813 814 814 0
282 787 789 790 791 791 791 792 792 795 800 805 810 814 815 814 0
283 787 789 790 791 791 791 792 792 795 800 807 812 815 816 816 0
284 786 789 790 791 791 791 792 792 796 801 808 813 817 817 817 0
285 786 789 790 791 791 791 792 793 796 801 810 815 818 818 818 0
286 786 788 790 791 791 791 792 793 797 802 811 816 820 819 819 0
287 785 788 790 790 791 792 792 793 797 803 813 818 821 820 821 0
288 785 788 789 790 791 792 792 793 798 803 815 820 823 821 0 0
289 785 788 789 790 791 792 793 793 798 804 816 822 825 822 0 0
290 785 788 789 790 791 792 793 794 799 805 818 824 827 823 0 0
291 785 788 789 790 791 792 793 794 800 806 820 826 830 824 0 0
292 784 787 789 790 791 792 793 794 800 806 822 828 832 826 0 0
293 784 787 789 790 791 792 793 794 801 807 825 840 0 0 0 0
294 784 787 789 790 791 792 793 794 802 808 827 843 0 0 0 0
295 784 787 789 790 791 792 794 795 803 809 830 847 0 0 0 0
296 784 787 788 790 791 792 794 795 803 810 832 851 0 0 0 0
297 784 787 788 790 791 793 794 795 804 811 821 0 0 0 0 0
298 784 787 788 790 791 793 794 795 805 812 822 0 0 0 0 0
299 784 787 788 790 791 793 794 796 806 813 840 0 887 0 0 0
300 784 786 788 790 791 793 795 796 806 814 843 0 861 0 0 0
301 784 786 788 790 792 793 795 796 807 815 846 0 866 0 0 0
302 784 786 788 790 792 793 795 796 808 816 848 0 870 0 0 0
303 784 786 788 790 792 793 795 797 809 817 851 0 875 0 0 0
304 784 786 788 790 792 794 795 797 809 817 854 0 881 0 0 0
305 784 786 788 790 792 794 796 797 810 818 856 0 886 0 0 0
306 784 786 788 790 792 794 796 797 811 819 859 0 893 0 0 0
307 784 786 788 790 792 794 796 798 811 820 861 0 899 0 0 0
308 784 786 788 790 792 794 796 798 812 821 864 0 906 0 0 0
309 784 786 788 790 793 795 797 798 813 821 866 0 913 0 0 0
310 784 786 789 791 793 795 797 799 813 822 868 0 917 0 0 0
311 784 787 789 791 793 795 797 799 814 822 870 0 921 0 0 0
312 784 787 789 791 793 795 797 799 815 822 872 0 925 0 0 0
313 784 787 789 791 793 795 798 799 815 823 874 0 928 0 0 0
314 784 787 789 791 793 796 798 800 816 824 876 0 931 0 0 0
315 784 787 789 791 794 796 798 800 817 825 878 0 933 0 0 0
316 784 787 789 792 794 796 798 800 817 825 879 0 935 0 0 0
317 785 787 789 792 794 796 799 800 818 826 881 0 938 0 0 0
318 785 787 790 792 794 797 799 801 818 827 882 0 940 0 0 0
319 785 787 790 792 795 797 799 801 819 827 884 0 942 0 0 0
320 785 787 790 792 795 797 799 801 819 828 885 0 945 0 0 0
321 785 788 790 793 795 797 800 802 820 828 886 0 947 0 0 0
322 785 788 790 793 795 798 800 802 820 829 888 0 948 0 0 0
323 786 788 790 793 796 798 800 802 821 829 889 0 950 0 0 0
324 786 788 791 793 796 798 801 802 821 830 889 0 952 0 0 0
325 786 788 791 794 796 799 801 803 821 830 890 0 953 0 0 0
326 786 788 791 794 796 799 801 803 822 831 891 0 954 0 0 0
327 786 789 791 794 797 799 801 803 822 831 891 0 955 0 0 0
328 786 789 791 794 797 799 802 804 822 831 892 0 956 0 0 0
329 786 789 792 794 797 800 802 804 823 832 892 0 956 0 0 0
330 787 789 792 795 797 800 802 804 823 832 893 0 957 0 0 0
331 787 789 792 795 798 800 803 804 823 832 893 0 957 0 0 0
332 787 789 792 795 798 800 803 805 824 833 894 0 958 0 0 0
333 787 790 792 795 798 801 803 805 824 833 894 0 959 0 0 0
334 787 790 793 796 799 801 803 805 824 833 894 0 959 0 0 0
335 787 790 793 796 799 801 804 806 824 834 895 0 959 0 0 0
336 787 790 793 796 799 802 804 806 825 834 895 0 960 0 0 0
337 788 790 793 796 799 802 804 806 825 834 895 0 960 0 0 0
338 788 790 794 797 800 802 805 806 825 835 896 0 961 0 0 0
339 788 791 794 797 800 802 805 807 826 835 896 0 961 0 0 0
340 788 791 794 797 800 803 805 807 826 835 896 0 962 0 0 0
341 788 791 794 797 800 803 805 807 826 835 897 0 962 0 0 0
342 788 791 794 798 801 803 806 807 826 836 897 0 963 0 0 0
343 788 791 795 798 801 803 806 808 827 836 898 0 963 0 0 0
344 789 791 795 798 801 804 806 808 827 836 898 0 964 0 0 0
345 789 791 795 798 801 804 806 808 827 837 898 0 964 0 0 0
346 789 792 795 799 802 804 807 809 828 837 899 0 965 0 0 0
347 789 792 795 799 802 804 807 809 828 837 899 0 965 0 0 0
348 789 792 795 799 802 805 807 809 828 838 899 0 965 0 0 0
349 789 792 796 799 802 805 807 809 829 838 900 0 966 0 0 0
350 789 792 796 799 803 805 808 810 829 838 900 0 966 0 0 0
351 789 792 796 800 803 805 808 810 829 838 901 0 967 0 0 0
352 789 792 796 800 803 806 808 810 829 839 901 0 967 0 0 0
353 789 793 796 800 803 806 808 810 830 839 901 0 968 0 0 0
354 789 793 797 800 803 806 809 811 830 839 902 0 968 0 0 0
355 789 793 797 800 804 806 809 811 830 840 902 0 969 0 0 0
356 790 793 797 801 804 807 809 811 830 840 902 0 969 0 0 0
357 790 793 797 801 804 807 809 811 831 840 903 0 970 0 0 0
358 790 793 797 801 804 807 810 812 831 841 903 0 970 0 0 0
359 790 793 797 801 804 807 810 812 831 841 904 0 971 0 0 0
