000 786 791 796 801 805 808 811 813 815 815 815 0 0 0 0 0
001 786 791 797 801 805 808 811 813 815 815 816 0 0 0 0 0
002 786 791 797 802 806 809 811 813 815 816 816 0 0 0 0 0
003 786 791 797 802 806 809 812 814 815 816 816 0 0 0 0 0
004 786 792 797 802 806 809 812 814 815 816 816 0 0 0 0 0
005 786 792 797 802 806 809 812 814 816 816 816 0 0 0 0 0
006 786 792 798 802 807 810 812 814 816 816 816 0 0 0 0 0
007 786 792 798 803 807 810 813 814 816 816 817 0 0 0 0 0
008 787 792 798 803 807 810 813 815 816 817 817 0 0 0 0 0
009 787 792 798 803 807 810 813 815 816 817 817 0 0 0 0 0
010 787 793 798 803 807 810 813 815 816 817 817 0 0 0 0 0
011 787 793 798 803 807 811 813 815 816 817 817 0 0 0 0 0
012 787 793 799 804 808 811 813 815 817 817 817 0 0 0 0 0
013 787 793 799 804 808 811 813 815 817 817 817 0 0 0 0 0
014 787 793 799 804 808 811 814 815 817 817 817 0 0 0 0 0
015 788 793 799 804 808 811 814 815 817 817 817 0 0 0 0 0
016 788 793 799 804 808 811 814 816 817 817 817 0 0 0 0 0
017 788 794 799 804 808 811 814 816 817 817 817 0 0 0 0 0
018 788 794 799 804 808 812 814 816 817 817 817 0 0 0 0 0
019 788 794 800 805 809 812 814 816 817 817 817 0 0 0 0 0
020 788 794 800 805 809 812 814 816 817 817 817 0 0 0 0 0
021 789 794 800 805 809 812 814 816 817 817 817 0 0 0 0 0
022 789 794 800 805 809 812 814 816 817 817 817 0 0 0 0 0
023 789 795 800 805 809 812 814 816 817 817 817 0 0 0 0 0
024 789 795 800 805 809 812 814 816 817 817 817 0 0 0 0 0
025 789 795 800 805 809 812 814 816 817 817 817 0 0 0 0 0
026 789 795 800 805 809 812 814 816 817 817 817 0 0 0 0 0
027 790 795 800 805 809 812 814 815 817 817 817 0 0 0 0 0
028 790 795 801 805 809 812 814 815 816 817 817 0 0 0 0 0
029 790 795 801 805 809 812 814 815 816 817 0 0 0 0 0 0
030 790 795 801 805 809 812 814 815 816 817 0 0 0 0 0 0
031 790 795 801 805 809 812 814 815 816 817 0 0 0 0 0 0
032 790 796 801 805 809 811 814 815 816 817 0 0 0 0 0 0
033 790 796 801 805 809 811 813 815 816 0 0 0 0 0 0 0
034 791 796 801 805 809 811 813 815 816 0 0 0 0 0 0 0
035 791 796 801 805 809 811 813 814 816 0 0 0 0 0 0 0
036 791 796 801 805 808 811 813 814 816 0 0 0 0 0 0 0
037 791 796 801 805 808 811 813 814 815 0 0 0 0 0 0 0
038 791 796 801 805 808 810 813 814 815 0 0 0 0 0 0 0
039 791 796 801 805 808 810 812 814 815 0 0 0 0 0 0 0
040 791 796 801 805 808 810 812 813 815 0 0 0 0 0 0 0
041 791 796 801 805 808 810 812 813 814 0 0 0 0 0 0 0
042 791 796 800 804 807 810 812 813 814 0 0 0 0 0 0 0
043 791 796 800 804 807 809 811 813 814 0 0 0 0 0 0 0
044 791 796 800 804 807 809 811 812 813 0 0 0 0 0 0 0
045 791 796 800 804 807 809 811 812 813 0 0 0 0 0 0 0
046 791 796 800 804 807 809 810 0 813 0 0 0 0 0 0 0
047 791 796 800 804 806 808 810 0 812 0 0 0 0 0 0 0
048 791 796 800 803 806 808 810 0 0 0 0 0 0 0 0 0
049 791 796 800 803 806 808 809 0 0 0 0 0 0 0 0 0
050 791 795 800 803 805 807 809 0 0 0 0 0 0 0 0 0
051 791 795 799 803 805 807 808 0 0 0 0 0 0 0 0 0
052 791 795 799 802 805 806 808 0 0 0 0 0 0 0 0 0
053 791 795 799 802 805 806 808 0 0 0 0 0 0 0 0 0
054 791 795 799 802 804 806 807 0 0 0 0 0 0 0 0 0
055 791 795 798 801 804 805 807 0 0 0 0 0 0 0 0 0
056 791 795 798 801 803 805 806 0 0 0 0 0 0 0 0 0
057 791 794 798 801 803 804 806 0 0 0 0 0 0 0 0 0
058 791 794 798 800 803 804 805 0 0 0 0 0 0 0 0 0
059 791 794 797 800 802 803 805 0 0 0 0 0 0 0 0 0
060 791 794 797 800 802 803 804 0 0 0 0 0 0 0 0 0
061 790 794 797 799 802 802 803 0 0 0 0 0 0 0 0 0
062 790 793 796 799 801 802 803 0 0 0 0 0 0 0 0 0
063 790 793 796 799 801 801 802 0 0 0 0 0 0 0 0 0
064 790 793 796 798 800 801 802 0 0 0 0 0 0 0 0 0
065 790 792 795 798 800 801 801 0 0 0 0 0 0 0 0 0
066 789 792 795 797 799 800 801 0 0 0 0 0 0 0 0 0
067 789 792 795 797 799 800 800 0 0 0 0 0 0 0 0 0
068 789 792 794 796 798 799 799 0 0 0 0 0 0 0 0 0
069 789 791 794 796 798 798 799 0 0 0 0 0 0 0 0 0
070 788 791 793 795 797 798 0 0 0 0 0 0 0 0 0 0
071 788 791 793 795 797 797 0 0 0 0 0 0 0 0 0 0
072 788 790 793 794 796 797 0 0 0 0 0 0 0 0 0 0
073 787 790 792 794 795 796 0 0 0 0 0 0 0 0 0 0
074 787 789 792 793 795 795 0 0 0 0 0 0 0 0 0 0
075 787 789 791 793 794 795 0 0 0 0 0 0 0 0 0 0
076 786 789 791 793 794 794 0 0 0 0 0 0 0 0 0 0
077 786 788 790 792 793 793 0 0 0 0 0 0 0 0 0 0
078 786 788 790 792 793 793 0 0 0 0 0 0 0 0 0 0
079 785 787 789 791 792 792 0 0 0 0 0 0 0 0 0 0
080 785 787 789 791 791 792 0 0 0 0 0 0 0 0 0 0
081 785 787 788 790 791 791 0 0 0 0 0 0 0 0 0 0
082 784 786 788 790 790 791 0 0 0 0 0 0 0 0 0 0
083 784 786 788 789 790 790 789 0 0 0 0 0 0 0 0 0
084 784 785 787 789 789 789 789 0 0 0 0 0 0 0 0 0
085 783 785 787 788 789 788 788 0 0 0 0 0 0 0 0 0
086 783 785 786 788 788 788 787 0 0 0 0 0 0 0 0 0
087 783 784 786 787 788 787 787 0 0 0 0 0 0 0 0 0
088 782 784 785 787 787 787 787 0 0 0 0 0 0 0 0 0
089 782 783 785 786 787 787 786 0 0 0 0 0 0 0 0 0
090 782 783 784 786 786 786 786 0 0 0 0 0 0 0 0 0
091 781 783 784 785 786 786 786 0 0 0 0 0 0 0 0 0
092 781 782 783 785 785 786 785 0 0 0 0 0 0 0 0 0
093 781 782 783 784 785 785 785 0 0 0 0 0 0 0 0 0
094 780 781 783 784 785 785 785 0 0 0 0 0 0 0 0 0
095 780 781 782 783 784 785 785 0 0 0 0 0 0 0 0 0
096 780 781 782 783 784 784 784 0 0 0 0 0 0 0 0 0
097 780 780 781 783 783 784 784 0 0 0 0 0 0 0 0 0
098 779 780 781 782 783 784 784 0 0 0 0 0 0 0 0 0
099 779 780 781 782 783 783 784 0 0 0 0 0 0 0 0 0
100 779 780 780 781 782 783 783 0 0 0 0 0 0 0 0 0
101 779 779 780 781 782 783 783 0 0 0 0 0 0 0 0 0
102 779 779 779 781 782 782 783 0 0 0 0 0 0 0 0 0
103 778 779 779 780 781 782 783 0 0 0 0 0 0 0 0 0
104 778 778 779 780 781 782 782 0 0 0 0 0 0 0 0 0
105 778 778 779 780 781 782 782 0 0 0 0 0 0 0 0 0
106 778 778 778 779 780 781 782 0 0 0 0 0 0 0 0 0
107 778 778 778 779 780 781 782 0 0 0 0 0 0 0 0 0
108 778 778 778 779 780 781 781 0 0 0 0 0 0 0 0 0
109 778 777 777 778 780 781 781 0 0 0 0 0 0 0 0 0
110 778 777 777 778 779 780 781 0 0 0 0 0 0 0 0 0
111 778 777 777 778 779 780 781 0 0 0 0 0 0 0 0 0
112 778 777 777 778 779 780 781 0 0 0 0 0 0 0 0 0
113 778 777 777 777 779 780 780 0 0 0 0 0 0 0 0 0
114 777 777 776 777 778 779 780 781 0 0 0 0 0 0 0 0
115 777 777 776 777 778 779 780 781 0 0 0 0 0 0 0 0
116 777 776 776 777 778 779 780 781 0 0 0 0 0 0 0 0
117 777 776 776 777 778 779 780 781 0 0 0 0 0 0 0 0
118 777 776 776 776 778 779 780 781 0 0 0 0 0 0 0 0
119 778 776 776 776 778 779 780 781 0 0 0 0 0 0 0 0
120 778 776 776 776 777 779 780 781 0 0 0 0 0 0 0 0
121 778 776 776 776 777 779 780 781 0 0 0 0 0 0 0 0
122 778 776 776 776 777 779 780 781 782 0 0 0 0 0 0 0
123 778 776 775 776 777 779 780 781 782 0 0 0 0 0 0 0
124 778 776 775 776 777 778 780 781 783 0 0 0 0 0 0 0
125 778 776 775 776 777 778 780 781 782 0 0 0 0 0 0 0
126 778 776 775 776 777 778 780 781 782 0 0 0 0 0 0 0
127 778 776 775 776 777 778 780 781 782 0 0 0 0 0 0 0
128 778 776 775 776 777 778 780 782 783 784 0 0 0 0 0 0
129 778 776 775 776 777 778 780 782 783 784 0 0 0 0 0 0
130 778 776 775 776 777 778 780 782 783 785 0 0 0 0 0 0
131 778 776 775 776 777 778 780 782 783 785 0 0 0 0 0 0
132 778 776 775 776 777 778 780 782 783 785 0 0 0 0 0 0
133 778 776 775 776 777 778 780 782 784 785 0 0 0 0 0 0
134 778 776 776 776 777 779 780 782 784 785 0 0 0 0 0 0
135 778 777 776 776 777 779 780 782 784 785 0 0 0 0 0 0
136 779 777 776 776 777 779 780 782 784 785 0 0 0 0 0 0
137 779 777 776 776 777 779 780 782 784 785 0 0 0 0 0 0
138 779 777 776 776 777 779 781 783 784 785 0 0 0 0 0 0
139 779 777 776 776 777 779 781 783 784 786 788 0 0 0 0 0
140 779 777 776 776 777 779 781 783 785 786 788 0 0 0 0 0
141 779 777 776 776 777 779 781 783 785 786 788 0 0 0 0 0
142 779 777 776 776 777 779 781 783 785 787 788 0 0 0 0 0
143 779 777 776 776 777 779 781 783 785 787 788 0 0 0 0 0
144 779 778 776 776 777 779 781 783 785 787 788 0 0 0 0 0
145 779 778 777 777 778 779 781 783 785 787 788 0 0 0 0 0
146 780 778 777 777 778 779 781 783 785 787 789 0 0 0 0 0
147 780 778 777 777 778 779 781 783 785 787 789 0 0 0 0 0
148 780 778 777 777 778 779 781 783 786 787 789 0 0 0 0 0
149 780 778 777 777 778 780 781 784 786 788 789 0 0 0 0 0
150 780 778 777 777 778 780 781 784 786 788 790 0 0 0 0 0
151 780 778 777 777 778 780 782 784 786 788 790 793 797 801 0 0
152 780 779 777 777 778 780 782 784 786 788 790 794 798 802 805 0
153 780 779 777 778 778 780 782 784 786 788 791 794 798 802 805 0
154 780 779 778 778 779 780 782 784 786 788 791 794 798 802 805 0
155 781 779 778 778 779 780 782 784 786 788 791 794 798 803 805 807
156 781 779 778 778 779 780 782 784 786 788 791 794 798 803 805 808
157 781 779 778 778 779 780 782 784 786 788 791 794 798 803 806 808
158 781 779 778 778 779 780 782 784 786 789 791 794 798 803 806 808
159 781 779 778 778 779 781 782 784 786 789 791 795 798 803 806 808
160 781 780 778 778 779 781 782 784 786 789 791 795 799 803 806 808
161 781 780 779 779 779 781 782 784 786 789 791 795 799 803 806 808
162 781 780 779 779 779 781 782 784 786 789 791 795 799 803 806 808
163 781 780 779 779 780 781 782 784 786 789 791 795 799 803 806 808
164 781 780 779 779 780 781 782 784 786 789 792 795 799 803 806 808
165 781 780 779 779 780 781 782 784 786 789 792 795 799 803 806 808
166 782 780 779 779 780 781 782 784 786 789 792 795 799 803 806 808
167 782 780 779 779 780 781 783 784 786 789 792 795 799 803 806 808
168 782 781 779 779 780 781 783 784 786 789 792 795 799 803 806 808
169 782 781 780 780 780 781 783 784 786 789 791 795 799 803 806 808
170 782 781 780 780 780 781 783 784 786 789 791 795 799 803 806 808
171 782 781 780 780 780 781 783 784 786 788 791 795 799 803 806 808
172 782 781 780 780 780 781 783 784 786 788 791 795 799 803 806 808
173 782 781 780 780 781 782 783 784 786 788 791 795 799 803 806 808
174 782 781 780 780 781 782 783 784 786 788 791 795 799 803 806 808
175 782 781 780 780 781 782 783 784 786 788 791 795 799 803 806 808
176 782 781 780 780 781 782 783 784 786 788 791 794 798 803 806 808
177 782 782 781 781 781 782 783 784 786 788 791 794 798 803 806 808
178 782 782 781 781 781 782 783 784 786 788 791 794 798 803 806 808
179 782 782 781 781 781 782 783 784 786 788 791 794 798 802 806 808
180 783 782 781 781 781 782 783 784 786 788 790 794 798 802 806 808
181 783 782 781 781 781 782 783 784 786 788 790 794 798 802 806 808
182 783 782 781 781 781 782 783 784 785 787 790 794 798 802 806 808
183 783 782 781 781 781 782 783 784 785 787 790 794 798 802 806 808
184 783 782 781 781 781 782 783 784 785 787 790 794 798 802 806 808
185 783 782 781 781 782 782 783 784 785 787 790 793 798 802 806 808
186 783 782 782 781 782 782 783 784 785 787 790 793 798 802 806 808
187 783 783 782 782 782 782 783 784 785 787 790 793 797 802 806 808
188 783 783 782 782 782 782 783 784 785 787 789 793 797 802 806 808
189 783 783 782 782 782 782 783 784 785 787 789 793 797 802 806 808
190 783 783 782 782 782 782 783 784 785 787 789 793 797 802 806 808
191 784 783 782 782 782 782 783 784 785 787 789 793 797 802 806 808
192 784 783 782 782 782 782 783 784 785 786 789 793 797 802 806 808
193 784 783 782 782 782 782 783 783 785 786 789 793 797 802 806 808
194 784 783 782 782 782 782 783 783 785 786 789 792 797 802 806 808
195 784 783 782 782 782 782 783 783 785 786 789 792 797 802 806 808
196 784 783 783 782 782 782 783 783 784 786 789 792 797 802 806 808
197 784 783 783 782 782 782 783 783 784 786 789 792 797 802 806 808
198 784 784 783 783 782 782 783 783 784 786 788 792 797 802 806 808
199 785 784 783 783 782 782 783 783 784 786 788 792 797 802 806 808
200 785 784 783 783 783 782 783 783 784 786 788 792 797 802 806 808
201 785 784 783 783 783 782 783 783 784 786 788 792 797 802 806 808
202 785 784 783 783 783 783 783 783 784 786 788 792 797 802 806 808
203 785 784 783 783 783 783 783 783 784 786 788 792 797 802 806 808
204 785 784 783 783 783 783 783 783 784 786 788 792 797 802 806 808
205 786 784 783 783 783 783 783 783 784 786 788 792 797 802 806 808
206 786 784 783 783 783 783 783 783 784 786 788 792 797 802 806 809
207 786 784 784 783 783 783 783 783 784 786 788 792 797 802 806 809
208 786 785 784 783 783 783 783 783 784 785 788 792 797 802 806 809
209 786 785 784 783 783 783 783 783 784 785 788 792 797 802 806 809
210 786 785 784 783 783 783 783 783 784 785 788 792 797 802 806 809
211 786 785 784 783 783 783 783 783 784 785 788 792 797 802 806 809
212 787 785 784 784 783 783 783 783 784 785 788 792 797 802 806 809
213 787 785 784 784 783 783 783 783 784 785 788 792 797 802 806 809
214 787 785 784 784 783 783 783 783 784 785 788 792 797 802 806 809
215 787 785 784 784 784 783 783 783 784 785 788 792 797 802 806 809
216 787 785 784 784 784 783 783 783 784 785 788 792 797 802 807 809
217 787 785 784 784 784 783 783 783 784 786 788 792 797 802 807 810
218 787 785 784 784 784 783 783 784 784 786 788 792 797 802 807 810
219 787 785 784 784 784 783 783 784 784 786 788 792 797 802 807 810
220 787 786 785 784 784 784 783 784 784 786 788 792 797 803 807 810
221 788 786 785 784 784 784 784 784 784 786 788 792 797 803 807 810
222 788 786 785 784 784 784 784 784 784 786 788 792 797 803 807 810
223 788 786 785 784 784 784 784 784 784 786 788 792 797 803 807 810
224 788 786 785 785 784 784 784 784 785 786 788 792 797 803 807 810
225 788 786 785 785 784 784 784 784 785 786 788 792 797 803 807 810
226 788 786 785 785 785 784 784 784 785 786 788 792 797 803 808 811
227 788 786 785 785 785 784 784 784 785 786 788 792 797 803 808 811
228 788 786 785 785 785 784 784 784 785 786 788 792 797 803 808 811
229 788 786 785 785 785 785 784 784 785 786 789 792 798 803 808 811
230 788 786 785 785 785 785 785 784 785 786 789 792 798 803 808 811
231 788 786 786 785 785 785 785 785 785 786 789 793 798 803 808 811
232 788 786 786 785 785 785 785 785 785 786 789 793 798 804 808 811
233 788 786 786 785 785 785 785 785 785 786 789 793 798 804 808 812
234 788 787 786 786 785 785 785 785 785 787 789 793 798 804 808 812
235 788 787 786 786 786 785 785 785 786 787 789 793 798 804 809 812
236 788 787 786 786 786 785 785 785 786 787 789 793 798 804 809 812
237 788 787 786 786 786 786 785 785 786 787 789 793 798 804 809 812
238 788 787 786 786 786 786 786 785 786 787 789 793 798 804 809 812
239 788 787 786 786 786 786 786 786 786 787 789 793 798 804 809 812
240 788 787 786 786 786 786 786 786 786 787 789 793 798 804 809 813
241 788 787 786 786 786 786 786 786 786 787 790 793 799 805 809 813
242 788 787 786 786 787 786 786 786 786 787 790 793 799 805 810 813
243 788 787 786 787 787 786 786 786 787 788 790 794 799 805 810 813
244 788 787 786 787 787 787 786 786 787 788 790 794 799 805 810 813
245 787 787 787 787 787 787 787 786 787 788 790 794 799 805 810 814
246 787 787 787 787 787 787 787 787 787 788 790 794 799 805 810 814
247 787 787 787 787 787 787 787 787 787 788 790 794 799 806 811 814
248 787 787 787 787 787 787 787 787 787 788 790 794 800 806 811 814
249 787 787 787 787 787 787 787 787 787 788 791 794 800 806 811 814
250 787 786 787 787 787 787 787 787 788 788 791 794 800 806 811 815
251 786 786 787 787 788 787 787 787 788 789 791 795 800 806 812 815
252 786 786 787 787 788 788 788 787 788 789 791 795 800 807 812 815
253 786 786 787 787 788 788 788 788 788 789 791 795 801 807 812 816
254 786 786 787 787 788 788 788 788 788 789 791 795 801 807 812 816
255 786 786 787 787 788 788 788 788 788 789 791 795 801 807 813 816
256 785 786 787 788 788 788 788 788 788 789 792 796 801 808 813 816
257 785 786 787 788 788 788 788 788 789 790 792 796 802 808 813 817
258 785 786 787 788 788 788 788 788 789 790 792 796 802 808 814 817
259 785 786 787 788 788 788 788 789 789 790 792 796 802 809 814 817
260 784 785 786 788 788 789 789 789 789 790 792 797 802 809 814 818
261 784 785 786 788 788 789 789 789 789 790 793 797 803 809 815 818
262 784 785 786 788 788 789 789 789 790 791 793 797 803 809 815 818
263 784 785 786 788 789 789 789 789 790 791 793 797 803 810 815 819
264 783 785 786 788 789 789 789 789 790 791 793 798 803 810 815 819
265 783 785 786 788 789 789 789 789 790 791 794 798 804 810 816 819
266 783 785 786 788 789 789 789 790 790 791 794 798 804 811 816 820
267 783 785 786 788 789 789 789 790 790 792 794 798 804 811 816 820
268 782 784 786 788 789 789 790 790 791 792 794 799 805 811 817 820
269 782 784 786 788 789 789 790 790 791 792 795 799 805 812 817 821
270 782 784 786 788 789 789 790 790 791 792 795 799 805 812 817 821
271 782 784 786 788 789 789 790 790 791 793 795 800 806 812 818 821
272 781 784 786 788 789 790 790 791 791 793 795 800 806 813 818 822
273 781 784 786 788 789 790 790 791 792 793 796 800 806 813 818 822
274 781 784 786 788 789 790 790 791 792 793 796 800 806 813 818 822
275 781 784 786 788 789 790 790 791 792 794 796 801 807 813 819 822
276 781 783 785 788 789 790 791 791 792 794 797 801 807 814 819 823
277 780 783 785 788 789 790 791 791 792 794 797 801 807 814 819 823
278 780 783 785 788 789 790 791 792 793 794 797 802 808 814 819 823
279 780 783 785 787 789 790 791 792 793 794 797 802 808 814 820 823
280 780 783 785 787 789 790 791 792 793 795 798 802 808 814 820 823
281 780 783 785 787 789 790 791 792 793 795 798 802 808 814 820 823
282 780 783 785 787 789 790 791 792 793 795 798 803 808 814 820 823
283 780 783 785 787 789 790 791 792 794 795 798 803 808 814 820 823
284 780 783 785 787 789 790 792 793 794 796 799 803 808 814 820 823
285 780 783 785 787 789 791 792 793 794 796 799 803 808 814 820 824
286 780 783 785 788 789 791 792 793 794 796 799 803 808 814 819 824
287 780 783 785 788 789 791 792 793 795 796 799 803 808 814 820 824
288 779 783 785 788 789 791 792 793 795 797 799 803 809 815 820 824
289 779 783 785 788 789 791 792 794 795 797 799 804 809 815 820 824
290 779 783 785 788 790 791 793 794 795 797 800 804 809 815 820 824
291 779 783 785 788 790 791 793 794 796 797 800 804 809 815 820 824
292 779 783 785 788 790 791 793 794 796 797 800 804 809 815 820 824
293 779 783 785 788 790 791 793 795 796 798 800 804 809 815 820 824
294 779 783 785 788 790 792 793 795 796 798 800 804 809 815 820 824
295 780 783 785 788 790 792 793 795 796 798 800 804 808 814 817 0
296 780 783 785 788 790 792 794 795 797 798 800 804 808 812 0 0
297 780 783 785 788 790 792 794 795 797 798 801 804 808 812 0 0
298 780 783 785 788 790 792 794 796 797 799 801 804 808 812 0 0
299 780 783 786 788 790 792 794 796 797 799 801 804 808 812 0 0
300 780 783 786 788 791 793 795 796 798 799 801 804 808 0 0 0
301 780 783 786 788 791 793 795 796 798 799 801 804 807 0 0 0
302 780 783 786 788 791 793 795 797 798 799 801 0 805 0 0 0
303 780 783 786 789 791 793 795 797 799 800 801 0 0 0 0 0
304 780 783 786 789 791 793 795 797 799 800 802 0 0 0 0 0
305 780 783 786 789 791 793 796 797 799 800 802 0 0 0 0 0
306 780 783 786 789 791 794 796 798 799 800 802 0 0 0 0 0
307 780 783 786 789 792 794 796 798 800 801 802 0 0 0 0 0
308 780 784 787 789 792 794 796 798 800 801 802 0 0 0 0 0
309 781 784 787 789 792 794 797 799 800 801 802 0 0 0 0 0
310 781 784 787 790 792 795 797 799 801 801 802 0 0 0 0 0
311 781 784 787 790 792 795 797 799 801 802 803 0 0 0 0 0
312 781 784 787 790 793 795 797 799 801 802 803 0 0 0 0 0
313 781 784 787 790 793 795 798 800 801 802 803 0 0 0 0 0
314 781 784 787 790 793 796 798 800 802 803 803 0 0 0 0 0
315 781 784 788 791 793 796 798 800 802 803 804 0 0 0 0 0
316 781 785 788 791 794 796 799 801 802 803 804 0 0 0 0 0
317 781 785 788 791 794 796 799 801 803 803 804 0 0 0 0 0
318 781 785 788 791 794 797 799 801 803 804 804 0 0 0 0 0
319 782 785 788 791 794 797 799 802 803 804 805 0 0 0 0 0
320 782 785 788 792 795 797 800 802 804 804 805 0 0 0 0 0
321 782 785 789 792 795 797 800 802 804 805 805 0 0 0 0 0
322 782 785 789 792 795 798 800 802 804 805 805 0 0 0 0 0
323 782 786 789 792 795 798 801 803 805 805 806 0 0 0 0 0
324 782 786 789 793 796 798 801 803 805 806 806 0 0 0 0 0
325 782 786 789 793 796 799 801 803 805 806 806 0 0 0 0 0
326 782 786 790 793 796 799 801 804 805 806 807 0 0 0 0 0
327 782 786 790 793 796 799 802 804 806 807 807 0 0 0 0 0
328 783 786 790 793 797 799 802 804 806 807 807 0 0 0 0 0
329 783 786 790 794 797 800 802 805 806 807 808 0 0 0 0 0
330 783 787 790 794 797 800 803 805 807 807 808 0 0 0 0 0
331 783 787 791 794 797 800 803 805 807 808 808 0 0 0 0 0
332 783 787 791 794 798 801 803 805 807 808 808 0 0 0 0 0
333 783 787 791 795 798 801 803 806 808 808 809 0 0 0 0 0
334 783 787 791 795 798 801 804 806 808 809 809 0 0 0 0 0
335 783 787 791 795 799 801 804 806 808 809 809 0 0 0 0 0
336 784 787 792 795 799 802 804 807 808 809 810 0 0 0 0 0
337 784 788 792 796 799 802 805 807 809 810 810 0 0 0 0 0
338 784 788 792 796 799 802 805 807 809 810 810 0 0 0 0 0
339 784 788 792 796 800 803 805 807 809 810 811 0 0 0 0 0
340 784 788 792 796 800 803 806 808 810 810 811 0 0 0 0 0
341 784 788 793 797 800 803 806 808 810 811 811 0 0 0 0 0
342 784 788 793 797 800 803 806 808 810 811 811 0 0 0 0 0
343 784 789 793 797 801 804 806 809 810 811 812 0 0 0 0 0
344 784 789 793 797 801 804 807 809 811 811 812 0 0 0 0 0
345 785 789 793 798 801 804 807 809 811 812 812 0 0 0 0 0
346 785 789 794 798 802 804 807 809 811 812 812 0 0 0 0 0
347 785 789 794 798 802 805 807 810 812 812 813 0 0 0 0 0
348 785 789 794 798 802 805 808 810 812 812 813 0 0 0 0 0
349 785 789 794 799 802 805 808 810 812 813 813 0 0 0 0 0
350 785 790 794 799 803 806 808 810 812 813 813 0 0 0 0 0
351 785 790 795 799 803 806 809 811 813 813 814 0 0 0 0 0
352 785 790 795 799 803 806 809 811 813 813 814 0 0 0 0 0
353 785 790 795 800 803 806 809 811 813 814 814 0 0 0 0 0
354 785 790 795 800 804 807 809 812 813 814 814 0 0 0 0 0
355 785 790 795 800 804 807 810 812 814 814 814 0 0 0 0 0
356 785 790 796 800 804 807 810 812 814 814 815 0 0 0 0 0
357 786 791 796 801 804 807 810 812 814 815 815 0 0 0 0 0
358 786 791 796 801 805 808 810 813 814 815 815 0 0 0 0 0
359 786 791 796 801 805 808 811 813 814 815 815 0 0 0 0 0
