 GCC version 15.1.1 20250425
 pos, header          41 C:\SCAN3OUT\PA000001\RA0000010003L.DAT;
                                                                                                   
AC    1    172
24    2    36
B5    3    181

EA    4    234
C2    5    194
56    6    86
4E    7    78

AC    8    172
24    9    36
63    10    99

EA    11    234
C2    12    194
48    13    72
8E    14    142

AC    15    172
24    16    36
57    17    87

EA    18    234
C2    19    194
43    20    67
4E    21    78

AC    22    172
24    23    36
58    24    88

EA    25    234
C2    26    194
39    27    57
BE    28    190

AC    29    172
24    30    36
32    31    50

EA    32    234
C2    33    194
45    34    69
AE    35    174

AC    36    172
24    37    36
75    38    117

EA    39    234
C2    40    194
45    41    69
6E    42    110

AC    43    172
24    44    36
45    45    69

EA    46    234
C2    47    194
45    48    69
5E    49    94

AC    50    172
24    51    36
28    52    40

EA    53    234
C2    54    194
42    55    66
6E    56    110

AC    57    172
24    58    36
25    59    37

EA    60    234
C2    61    194
3B    62    59
BE    63    190

AC    64    172
23    65    35
75    66    117

EA    67    234
C2    68    194
34    69    52
7E    70    126

AC    71    172
23    72    35
93    73    147

EA    74    234
C2    75    194
3A    76    58
2E    77    46

AC    78    172
23    79    35
A4    80    164

EA    81    234
C2    82    194
3A    83    58
8E    84    142

AC    85    172
23    86    35
77    87    119

EA    88    234
C2    89    194
38    90    56
9E    91    158

AC    92    172
23    93    35
A5    94    165

EA    95    234
C2    96    194
39    97    57
AE    98    174

AC    99    172
23    100    35
A2    101    162

EA    102    234
C2    103    194
3A    104    58
7E    105    126

AC    106    172
23    107    35
96    108    150

EA    109    234
C2    110    194
38    111    56
4E    112    78

2C    113    44
22    114    34
22    115    34

E2    116    226
C2    117    194
22    118    34
2E    119    46

2C    120    44
22    121    34
22    122    34

E2    123    226
C2    124    194
22    125    34
2E    126    46

2C    127    44
22    128    34
22    129    34

E2    130    226
C2    131    194
22    132    34
2E    133    46

2C    134    44
22    135    34
22    136    34

D    137    13
A    138    10
 pos,         138         138
         172          36         181         234         194          86          78         172          36          99         234         194          72         142         172          36          87         234         194          67          78         172          36          88         234         194          57         190         172          36          50         234         194          69         174         172          36         117         234         194          69         110         172          36          69         234         194          69          94         172          36          40         234         194          66         110         172          36          37         234         194          59         190         172          35         117         234         194          52         126         172          35         147         234         194          58          46         172          35         164         234         194          58         142         172          35         119         234         194          56         158         172          35         165         234         194          57         174         172          35         162         234         194          58         126         172          35         150         234         194          56          78          44          34          34         226         194          34          46          44          34          34         226         194          34          46          44          34          34         226         194          34          46          44          34          34          13          10
20 3 byte segments alternating with 19 4 bytes segments = 39
39 3 byte segments in groups of 2 separated by EA or at the end E2