 GCC version 15.1.1 20250425
 pos, header          41 C:\SCAN3OUT\PA000001\ED0000010003L.DAT;
                                                                                                   
2C    1    44
45    2    69
99    3    153

E2    4    226

C8    5    200
27    6    39
5E    7    94

2C    8    44
8B    9    139
B5    10    181

E2    11    226

CA    12    202
9A    13    154
AE    14    174

2C    15    44
B9    16    185
A3    17    163

E3    18    227

C3    19    195
82    20    130
5E    21    94

3C    22    60
47    23    71
B5    24    181

E3    25    227

C6    26    198
59    27    89
BE    28    190

3C    29    60
75    30    117
62    31    98

E3    32    227

C9    33    201
38    34    56
9E    35    158

3C    36    60
A3    37    163
64    38    100

E4    39    228

C2    40    194
28    41    40
4E    42    78

4C    43    76
2B    44    43
96    45    150

E4    46    228

C4    47    196
9B    48    155
AE    49    174

4C    50    76
59    51    89
BB    52    187

E4    53    228

C7    54    199
77    55    119
4E    56    78

4C    57    76
87    58    135
44    59    68

E4    60    228

CA    61    202
53    62    83
2E    63    46

4C    64    76
B4    65    180
97    66    151

E5    67    229

C3    68    195
5A    69    90
AE    70    174

5C    71    92
45    72    69
9B    73    155

E5    74    229

C6    75    198
34    76    52
8E    77    142

5C    78    92
73    79    115
2A    80    42

E5    81    229

C8    82    200
BA    83    186
6E    84    110

5C    85    92
9B    86    155
7A    87    122

E5    88    229

CB    89    203
95    90    149
5E    91    94

6C    92    108
29    93    41
33    94    51

E6    95    230

C4    96    196
65    97    101
AE    98    174

6C    99    108
56    100    86
54    101    84

E6    102    230

C7    103    199
29    104    41
5E    105    94

6C    106    108
82    107    130
6A    108    106

E6    109    230

C9    110    201
99    111    153
2E    112    46

6C    113    108
AA    114    170
25    115    37

E2    116    226

C2    117    194
22    118    34
2E    119    46

D2    120    210

C2    121    194
22    122    34
2E    123    46

D2    124    210

C2    125    194
22    126    34
2E    127    46

D2    128    210

C2    129    194
22    130    34
2E    131    46

D2    132    210

C2    133    194
22    134    34
2E    135    46

D2    136    210

C2    137    194
22    138    34
2F    139    47

D    140    13
A    141    10
 pos,         141         141
          44          69         153         226         200          39          94          44         139         181         226         202         154         174          44         185         163         227         195         130          94          60          71         181         227         198          89         190          60         117          98         227         201          56         158          60         163         100         228         194          40          78          76          43         150         228         196         155         174          76          89         187         228         199         119          78          76         135          68         228         202          83          46          76         180         151         229         195          90         174          92          69         155         229         198          52         142          92         115          42         229         200         186         110          92         155         122         229         203         149          94         108          41          51         230         196         101         174         108          86          84         230         199          41          94         108         130         106         230         201         153          46         108         170          37         226         194          34          46         210         194          34          46         210         194          34          46         210         194          34          46         210         194          34          46         210         194          34          47          13          10
17 3-byte sections alternating with 17 4 byte segments  =34  then 5 4-byte almost identical sections
39 3 bytes sections in groups of two separated by E2, E3, E4, E5, E6, E2 then in groups of 1 sep by D2


