000 47 73 98 129 154 184 210 239 269 297 326 0 548 0 0 0
001 47 73 98 129 154 184 210 239 269 297 327 0 549 0 0 0
002 47 73 98 130 154 184 211 239 270 297 327 0 549 0 0 0
003 46 73 98 130 154 185 211 238 270 297 327 0 549 0 0 0
004 46 73 98 130 154 185 211 238 270 297 327 0 549 0 0 0
005 46 73 98 130 154 185 211 238 270 297 328 0 550 0 0 0
006 46 73 98 130 154 185 211 237 270 297 328 0 550 0 0 0
007 46 73 98 130 154 185 211 237 270 297 328 0 550 0 0 0
008 46 73 98 130 155 185 211 237 270 298 328 0 550 0 0 0
009 46 73 98 130 155 185 211 237 270 298 328 0 550 0 0 0
010 46 73 98 130 155 185 211 237 270 298 328 0 550 0 0 0
011 46 73 98 130 155 184 212 237 269 298 328 0 550 0 0 0
012 46 73 99 130 155 184 212 237 269 298 328 0 550 0 0 0
013 46 73 99 130 155 184 212 237 269 298 328 0 549 0 0 0
014 46 72 99 130 155 184 212 238 269 298 328 0 549 0 0 0
015 46 72 99 130 155 185 212 238 269 298 328 0 549 0 0 0
016 46 72 99 130 155 185 212 239 269 298 328 0 549 0 0 0
017 46 72 99 130 155 185 212 239 269 299 329 0 549 0 0 0
018 46 71 99 130 155 185 212 239 269 299 329 0 549 0 0 0
019 46 71 99 130 155 185 213 239 269 299 329 0 549 0 0 0
020 46 71 99 129 155 185 213 240 270 299 329 0 549 0 0 0
021 46 71 99 129 155 185 213 240 270 299 329 0 549 0 0 0
022 46 71 99 129 155 185 212 240 270 299 329 0 550 0 0 0
023 46 71 99 129 155 185 212 240 270 299 329 0 550 0 0 0
024 46 71 99 129 155 185 212 240 269 299 329 0 550 0 0 0
025 46 71 99 128 155 185 212 240 269 299 329 0 550 0 0 0
026 46 71 99 128 155 185 212 240 269 299 329 0 550 0 0 0
027 46 71 99 128 155 185 212 240 269 298 329 0 551 0 0 0
028 46 72 99 128 155 185 212 240 269 298 329 0 551 0 0 0
029 46 72 99 128 155 185 212 240 269 298 329 0 551 0 0 0
030 46 72 99 128 155 185 212 240 268 0 329 0 551 0 0 0
031 46 72 99 128 155 185 211 240 268 0 0 0 551 0 0 0
032 46 72 99 128 155 185 211 240 268 0 0 0 551 0 0 0
033 46 72 99 128 155 185 211 240 267 0 0 0 551 0 0 0
034 46 72 99 127 155 185 211 240 267 0 0 0 551 0 0 0
035 46 72 99 127 155 184 211 240 267 0 0 0 551 0 0 0
036 46 72 99 127 154 184 211 239 267 0 0 0 551 0 0 0
037 46 72 99 127 154 184 211 239 267 0 0 0 551 0 0 0
038 46 72 99 127 154 184 211 239 267 0 0 0 551 0 0 0
039 46 72 99 128 154 184 210 239 267 0 0 0 552 0 0 0
040 46 72 99 128 154 184 210 239 267 0 0 0 552 0 0 0
041 46 72 99 128 154 183 210 0 267 0 0 0 552 0 0 0
042 46 72 99 128 154 183 210 0 0 0 0 0 552 0 0 0
043 46 72 99 128 154 183 210 0 0 0 0 0 552 0 0 0
044 46 72 99 128 154 183 209 0 0 0 0 0 552 0 0 0
045 46 72 99 128 154 183 209 0 0 0 0 0 552 0 0 0
046 46 72 99 128 154 182 209 0 0 0 0 0 552 0 0 0
047 46 72 99 128 154 182 208 0 0 0 0 0 552 0 0 0
048 46 72 99 128 154 182 208 0 0 0 0 0 552 0 0 0
049 46 72 99 128 154 182 208 0 0 0 0 0 552 0 0 0
050 46 72 99 128 154 181 207 0 0 0 0 0 552 0 0 0
051 46 72 99 128 154 181 207 0 0 0 0 0 552 0 0 0
052 46 72 99 127 154 181 207 0 0 0 0 0 552 0 0 0
053 46 72 99 127 154 181 207 0 0 0 0 0 552 0 0 0
054 46 72 98 127 154 181 207 0 0 0 0 0 552 0 0 0
055 46 72 98 127 154 181 207 0 0 0 0 0 552 0 0 0
056 46 72 98 127 153 181 207 0 0 0 0 0 552 0 0 0
057 46 72 98 127 153 180 207 0 0 0 0 0 552 0 0 0
058 46 72 98 127 153 180 207 0 0 0 0 0 552 0 0 0
059 46 72 98 126 153 180 207 0 0 0 0 0 552 0 0 0
060 46 72 98 126 153 180 207 0 0 0 0 0 551 0 0 0
061 47 72 97 126 152 180 207 0 0 0 0 0 551 0 0 0
062 47 72 97 126 152 180 207 0 0 0 0 0 550 0 0 0
063 47 72 97 126 152 180 207 0 0 0 0 0 550 0 0 0
064 47 72 97 126 152 180 207 0 0 0 0 0 549 0 0 0
065 47 72 97 126 152 179 206 0 0 0 0 0 548 0 0 0
066 47 72 97 125 152 179 206 0 0 0 0 0 547 0 0 0
067 47 72 97 125 152 179 206 0 0 0 0 0 546 0 0 0
068 48 72 97 125 152 179 205 0 0 0 0 0 545 0 0 0
069 48 72 97 125 152 179 205 0 0 0 0 0 544 0 0 0
070 48 72 97 125 152 178 204 0 0 0 0 0 544 0 0 0
071 48 72 97 125 152 178 204 0 0 0 0 0 543 0 0 0
072 48 72 97 124 152 178 204 0 0 0 0 0 543 0 0 0
073 48 72 97 124 152 178 203 0 0 0 0 0 543 0 0 0
074 48 72 97 124 151 178 203 0 0 0 0 0 542 0 0 0
075 48 72 97 124 151 178 202 0 0 0 0 0 542 0 0 0
076 48 72 97 124 151 178 202 0 0 0 0 0 542 0 0 0
077 48 72 97 124 151 178 202 0 0 0 0 0 541 0 0 0
078 48 72 97 123 151 177 202 0 0 0 0 0 540 0 0 0
079 48 72 97 123 150 177 201 0 0 0 0 0 539 0 0 0
080 48 72 97 123 150 177 201 0 0 0 0 0 538 0 0 0
081 48 72 97 123 150 177 201 0 0 0 0 0 537 0 0 0
082 47 72 97 123 150 177 201 0 0 0 0 0 536 0 0 0
083 47 72 97 123 150 177 201 0 0 0 0 0 534 0 0 0
084 47 72 97 123 150 177 202 0 0 0 0 0 533 0 0 0
085 47 72 97 123 149 177 202 0 0 0 0 0 532 0 0 0
086 47 72 97 123 149 177 202 0 0 0 0 0 531 0 0 0
087 47 72 97 123 149 176 202 0 0 0 0 0 531 0 0 0
088 47 72 97 123 149 176 202 0 0 0 0 0 530 0 0 0
089 46 72 97 123 149 176 202 0 0 0 0 0 530 0 0 0
090 46 72 97 123 149 176 202 0 0 0 0 0 530 0 0 0
091 46 72 97 122 149 176 202 0 0 0 0 0 531 0 0 0
092 46 71 97 122 149 176 202 0 0 0 0 0 531 0 0 0
093 46 71 97 122 149 176 202 0 0 0 0 0 531 0 0 0
094 46 71 97 122 149 176 202 0 0 0 0 0 532 0 0 0
095 46 71 97 122 148 176 202 0 0 0 0 0 532 0 0 0
096 46 71 97 122 148 176 202 0 0 0 0 0 533 0 0 0
097 46 71 97 121 148 176 202 0 0 0 0 0 534 0 0 0
098 46 71 97 121 148 176 202 0 0 0 0 0 534 0 0 0
099 46 71 97 121 148 176 201 0 0 0 0 0 535 0 0 0
100 46 71 96 121 148 176 201 0 0 0 0 0 536 0 0 0
101 46 71 96 121 148 176 201 0 0 0 0 0 536 0 0 0
102 45 71 96 121 147 176 201 0 0 0 0 0 537 0 0 0
103 45 71 96 121 147 175 201 0 0 0 0 0 538 0 0 0
104 45 71 96 121 147 175 201 0 0 0 0 0 538 0 0 0
105 45 71 96 121 147 175 201 0 0 0 0 0 539 0 0 0
106 45 71 95 121 147 175 200 0 0 0 0 0 540 0 0 0
107 45 71 95 121 147 175 200 0 0 0 0 0 541 0 0 0
108 45 70 95 121 147 175 200 0 0 0 0 0 542 0 0 0
109 44 70 95 121 147 175 200 0 0 0 0 0 543 0 0 0
110 44 70 95 121 147 175 200 0 0 0 0 0 543 0 0 0
111 44 70 95 121 147 175 200 0 0 0 0 0 544 0 0 0
112 44 71 95 121 147 175 200 0 252 0 0 0 545 0 0 0
113 44 71 95 121 147 175 200 0 252 0 0 0 546 0 0 0
114 44 71 95 121 147 175 200 0 252 0 0 0 547 0 0 0
115 44 71 95 121 147 175 200 228 252 0 0 0 547 0 0 0
116 44 71 95 121 147 175 200 228 253 0 0 0 548 0 0 0
117 44 71 95 121 147 175 200 228 253 0 0 0 549 0 0 0
118 45 71 95 122 147 175 200 228 253 0 0 0 549 0 0 0
119 45 71 95 122 147 175 200 228 254 0 0 0 549 0 0 0
120 45 71 95 122 147 175 200 228 254 0 0 0 550 0 0 0
121 45 71 95 122 147 175 200 228 255 0 0 0 550 0 0 0
122 45 71 95 122 147 175 200 228 255 0 0 0 550 0 0 0
123 45 71 95 122 147 174 200 228 255 0 0 0 550 0 0 0
124 45 71 95 122 147 174 200 228 255 0 0 0 550 0 0 0
125 46 71 95 122 147 174 200 228 256 0 0 0 551 0 0 0
126 46 71 95 123 147 174 200 228 256 285 0 0 551 0 0 0
127 46 71 95 123 147 174 200 228 256 285 0 0 551 0 0 0
128 46 71 96 123 147 174 200 228 256 285 0 0 551 0 0 0
129 46 71 96 123 147 174 200 228 256 285 0 0 550 0 0 0
130 45 71 96 122 147 174 200 228 256 285 0 0 550 0 0 0
131 45 71 96 122 147 174 200 228 256 285 314 0 550 0 0 0
132 45 72 96 122 147 174 201 228 256 285 314 0 549 0 0 0
133 45 72 96 122 147 174 201 228 256 285 314 0 548 0 0 0
134 45 72 96 122 147 174 201 228 256 285 314 0 548 0 0 0
135 45 72 96 122 147 175 201 228 256 285 314 0 547 0 0 0
136 45 72 96 122 147 175 201 228 256 285 314 0 547 0 0 0
137 45 72 97 122 147 175 201 229 256 285 314 0 546 0 0 0
138 45 72 97 122 147 175 201 229 257 285 314 0 546 0 0 0
139 45 72 97 122 148 175 201 229 257 285 314 0 375 0 0 0
140 45 72 97 122 148 176 201 229 257 286 314 0 375 0 0 0
141 45 72 97 122 148 176 201 229 257 286 314 0 375 0 0 0
142 45 73 97 122 148 176 201 229 257 286 314 0 375 0 0 0
143 46 73 97 122 149 176 201 230 257 286 314 0 375 0 0 0
144 46 73 97 122 149 176 202 230 257 286 315 0 375 0 0 0
145 46 73 97 122 149 176 202 230 257 286 315 0 375 0 443 0
146 46 73 97 122 150 176 202 230 257 286 315 0 375 0 443 0
147 45 73 97 123 150 176 202 230 257 287 315 345 375 0 443 0
148 45 73 97 123 150 176 202 230 257 287 315 345 376 0 443 0
149 45 73 97 123 150 176 202 230 257 287 316 345 376 0 443 0
150 45 73 97 123 150 176 202 230 257 287 316 345 376 0 443 0
151 45 73 97 123 150 176 202 230 257 287 316 345 376 0 442 0
152 45 73 97 123 150 176 202 230 257 287 316 345 376 0 442 0
153 45 73 97 123 150 176 202 230 257 287 316 345 376 408 442 0
154 45 73 97 123 150 176 202 230 257 287 316 345 377 408 442 0
155 45 73 97 123 150 176 202 230 257 287 316 345 377 408 441 0
156 45 73 97 123 150 176 202 230 257 287 316 345 377 407 441 0
157 45 73 97 124 150 176 202 231 257 287 316 345 377 407 441 0
158 46 74 97 124 150 177 203 231 257 287 316 345 377 407 441 0
159 46 74 97 124 150 177 203 231 257 287 316 345 377 407 440 0
160 46 74 97 124 150 177 203 231 257 287 316 345 377 407 440 0
161 46 74 97 124 151 177 203 231 257 287 316 345 377 407 440 0
162 46 74 97 125 151 177 203 231 257 287 316 345 377 407 440 0
163 46 74 97 125 151 177 203 231 257 287 316 345 377 407 440 0
164 47 74 98 125 151 177 203 231 257 287 316 345 377 406 440 0
165 47 74 98 125 151 177 204 231 257 287 316 345 377 406 440 0
166 47 75 98 125 151 177 204 231 257 287 316 345 377 406 439 0
167 47 75 98 125 151 177 204 231 257 287 316 345 377 406 439 0
168 47 75 98 125 151 177 204 231 257 287 316 345 376 406 439 0
169 47 75 98 125 151 177 204 231 257 287 316 345 376 406 439 0
170 47 75 98 125 151 177 204 231 257 287 316 345 376 406 439 0
171 47 75 98 125 151 177 204 231 257 287 316 345 375 406 439 0
172 47 75 98 125 151 177 204 231 257 287 315 345 375 406 440 0
173 47 75 98 125 152 177 204 231 257 287 315 345 375 406 440 0
174 47 75 98 125 152 177 203 231 257 286 315 345 374 406 440 0
175 47 75 98 125 152 177 203 231 257 286 315 345 374 406 440 0
176 47 75 99 125 152 177 203 231 258 286 315 345 374 406 440 0
177 47 75 99 126 152 177 203 231 258 287 314 344 373 406 440 0
178 47 75 99 126 152 177 203 232 258 287 314 344 373 406 439 0
179 47 75 99 126 152 178 203 232 258 287 314 344 373 405 439 0
180 47 75 99 126 152 178 203 232 258 287 314 344 373 405 439 0
181 47 75 99 125 152 178 203 232 258 286 314 344 373 405 439 0
182 47 75 99 125 152 178 203 232 258 286 314 343 373 405 439 0
183 47 75 99 125 152 178 203 231 258 286 314 343 373 405 439 0
184 46 75 99 125 152 178 203 231 258 286 313 343 373 405 439 0
185 46 75 99 125 152 178 203 231 257 286 313 343 373 405 438 0
186 46 75 99 125 152 178 203 231 257 285 313 343 372 404 438 0
187 47 75 99 125 152 178 203 231 257 285 313 342 372 404 438 0
188 47 75 99 125 152 178 203 231 257 285 313 342 372 404 438 0
189 47 75 99 125 151 178 203 231 257 284 313 342 372 404 438 0
190 47 75 99 125 151 178 204 231 257 284 313 342 371 404 438 0
191 47 75 99 125 152 178 204 231 257 284 313 342 371 404 437 0
192 47 75 99 125 152 178 204 231 257 284 313 342 371 404 437 0
193 47 75 99 125 152 178 204 230 257 284 313 342 371 403 437 0
194 47 75 99 125 152 178 204 230 256 284 313 342 370 403 437 0
195 47 75 99 126 152 178 204 230 256 284 312 341 370 403 436 0
196 47 75 99 126 152 178 203 230 256 283 312 341 370 403 436 0
197 47 75 99 126 152 178 203 230 256 283 312 341 370 403 436 0
198 46 75 99 126 152 178 203 230 256 283 312 341 370 403 435 0
199 46 74 99 126 152 178 203 230 255 283 312 340 369 402 435 0
200 46 74 99 126 152 178 203 229 255 283 312 340 369 402 435 0
201 46 74 100 126 152 178 203 229 255 283 312 340 369 402 434 0
202 46 74 100 126 151 178 202 229 255 283 312 339 369 402 434 0
203 46 74 100 126 151 178 202 229 255 283 312 339 368 402 434 0
204 46 74 100 126 151 178 202 229 255 283 312 339 368 401 434 0
205 46 74 100 126 151 178 202 229 255 283 312 339 368 401 434 0
206 46 74 100 126 151 178 202 229 255 283 312 338 368 401 434 0
207 46 74 101 126 151 178 202 229 255 283 312 338 367 401 434 0
208 46 73 101 126 151 178 202 229 255 283 312 338 367 401 434 0
209 46 73 101 126 151 178 202 229 255 283 311 338 367 401 434 0
210 46 73 101 126 151 178 202 228 255 283 311 338 367 400 434 0
211 46 73 100 126 151 177 202 228 255 283 311 337 367 400 434 0
212 46 73 100 126 151 177 202 228 255 282 311 337 367 400 434 0
213 46 73 100 126 150 177 202 228 255 282 311 337 367 400 434 0
214 46 73 100 125 150 177 202 228 255 282 310 337 367 399 434 0
215 46 73 100 125 150 177 202 228 255 282 310 337 367 399 434 0
216 46 73 100 125 150 177 202 228 254 281 310 336 367 399 434 0
217 46 73 99 125 150 177 202 228 254 281 310 336 367 398 434 0
218 46 73 99 125 150 177 202 228 254 281 310 336 367 398 433 0
219 47 73 99 125 150 177 202 228 254 281 310 336 367 398 433 0
220 47 73 99 125 150 177 202 227 254 281 310 336 367 398 433 0
221 47 73 99 125 150 176 202 227 254 281 310 336 367 397 433 0
222 47 73 99 125 150 176 202 227 254 281 310 336 367 397 432 0
223 46 73 99 125 150 176 202 227 254 281 310 336 367 397 432 0
224 46 73 99 125 150 176 202 227 254 281 310 336 367 397 432 0
225 46 73 98 125 150 176 202 227 254 281 310 336 367 397 432 0
226 46 73 98 125 150 176 201 227 254 281 309 336 367 397 433 0
227 46 73 98 125 150 176 201 227 255 281 309 336 367 397 433 0
228 46 73 98 125 150 176 201 227 255 280 309 335 366 397 433 0
229 46 73 98 125 150 176 201 227 255 280 309 335 366 396 433 0
230 46 73 98 125 150 176 201 227 255 280 308 335 366 396 433 0
231 46 73 97 125 150 176 201 228 255 280 308 335 366 396 433 0
232 47 73 97 125 150 176 201 228 255 280 308 335 366 396 434 0
233 47 73 97 125 150 176 201 228 255 280 308 335 365 396 434 0
234 47 73 97 125 150 176 200 228 254 280 308 334 365 396 433 0
235 47 73 97 125 150 176 200 228 254 280 307 334 365 396 433 0
236 47 73 97 125 150 176 200 228 254 280 307 334 364 396 433 0
237 47 73 97 125 150 176 200 228 254 280 307 334 364 396 433 0
238 47 73 97 125 150 176 200 228 254 280 307 334 363 396 432 0
239 47 73 97 125 150 176 201 228 254 280 307 334 363 396 432 0
240 47 73 97 125 150 176 201 228 254 280 307 334 362 396 432 0
241 47 73 97 125 150 176 201 228 254 280 307 334 362 396 431 0
242 47 73 97 125 150 176 201 228 254 280 307 334 361 396 431 0
243 47 73 97 125 150 176 201 228 254 279 307 333 361 397 430 0
244 47 73 97 124 150 176 201 228 254 279 306 333 361 397 430 0
245 47 73 97 124 150 176 201 228 253 279 306 333 361 397 430 0
246 47 73 97 124 150 176 201 228 253 279 306 333 361 396 429 0
247 47 73 97 124 150 176 202 228 253 279 306 333 361 396 429 0
248 47 73 97 124 150 176 202 228 253 279 306 332 361 396 428 0
249 47 73 97 124 150 176 201 227 253 279 306 332 361 396 428 0
250 47 73 97 124 150 176 201 227 253 279 306 332 361 396 428 0
251 47 73 97 124 150 176 201 227 253 279 305 331 362 395 427 0
252 47 73 97 124 150 176 201 227 253 279 305 331 362 395 427 0
253 47 73 97 124 150 176 201 227 253 279 305 331 363 395 427 0
254 47 73 97 124 150 176 201 227 253 279 305 331 363 395 427 0
255 47 73 97 124 150 176 201 226 253 280 305 331 363 395 427 0
256 47 73 97 124 150 176 201 226 253 280 305 331 364 394 427 0
257 47 73 97 125 150 176 200 226 254 280 305 331 364 394 427 0
258 47 73 97 125 150 176 200 226 254 280 305 331 364 394 427 0
259 47 73 97 125 150 176 200 226 254 280 305 331 364 394 428 0
260 46 73 97 125 150 176 200 226 254 280 305 331 364 393 428 0
261 46 73 97 125 150 176 200 226 254 280 305 331 364 393 428 0
262 46 73 97 125 150 176 200 226 254 280 305 332 364 392 429 0
263 46 72 97 125 150 176 200 226 254 279 305 332 364 392 429 0
264 46 72 97 125 150 176 200 226 254 279 305 332 364 392 429 0
265 46 72 97 125 150 176 200 226 253 279 306 333 364 392 430 0
266 46 72 97 125 150 176 200 226 253 279 306 333 364 392 430 0
267 46 72 97 125 150 176 200 226 253 279 306 334 364 393 431 0
268 46 72 97 125 150 176 200 226 253 279 306 334 365 393 431 0
269 46 72 97 125 150 176 200 226 253 279 306 334 365 394 431 0
270 46 72 97 125 150 176 200 226 253 279 307 335 365 395 432 0
271 46 72 98 125 150 176 201 226 253 279 307 335 365 395 432 0
272 47 72 98 124 150 176 201 226 253 279 307 335 365 396 433 0
273 47 72 98 124 150 176 201 226 252 279 307 335 366 397 433 0
274 47 72 98 124 150 176 200 226 252 280 307 335 366 397 434 0
275 47 72 98 124 149 176 200 226 252 280 307 336 366 398 435 0
276 47 72 98 124 149 176 200 226 253 280 308 336 366 399 435 0
277 46 72 98 124 149 176 200 226 253 280 308 336 366 399 436 0
278 46 72 98 124 149 176 200 226 253 280 308 336 366 400 436 0
279 46 72 98 123 149 176 200 226 253 280 308 336 367 400 437 0
280 46 72 98 123 149 176 201 226 253 280 308 336 367 401 437 0
281 46 72 98 123 149 176 201 226 253 281 308 336 367 401 438 0
282 46 72 98 123 149 176 201 227 253 281 309 336 367 401 438 0
283 46 73 98 123 149 176 201 227 254 281 309 337 367 402 439 0
284 46 73 98 123 149 176 201 227 254 281 309 337 367 402 439 0
285 46 73 98 123 149 176 201 227 254 281 309 337 368 403 440 0
286 46 73 98 123 149 176 201 227 255 281 309 338 368 403 440 0
287 46 73 98 123 149 176 202 228 255 281 309 338 368 403 440 0
288 46 73 98 123 150 176 202 228 255 281 310 338 369 403 0 0
289 46 73 98 123 150 176 202 228 255 281 310 339 369 403 0 0
290 46 73 99 123 150 176 202 228 256 281 310 339 369 403 0 0
291 46 73 99 123 150 176 202 229 256 282 310 340 369 403 0 0
292 46 73 99 123 150 176 202 229 256 282 310 340 369 403 0 0
293 46 73 99 123 150 176 202 229 256 282 310 340 0 403 0 0
294 46 73 98 123 150 176 202 229 256 282 310 341 0 403 0 0
295 46 73 98 123 150 176 202 229 257 283 311 341 0 403 0 0
296 46 73 98 123 150 176 202 230 257 283 311 341 0 403 0 0
297 46 73 98 123 150 176 202 230 257 284 311 0 0 403 0 0
298 46 73 98 123 151 176 202 230 257 284 311 0 543 0 0 0
299 46 73 98 123 151 176 202 230 257 284 312 0 543 0 0 0
300 46 73 98 123 151 176 202 230 257 285 312 0 542 0 0 0
301 46 73 97 123 151 176 203 230 258 285 313 0 542 0 0 0
302 46 73 97 123 151 176 203 231 258 286 313 0 541 0 0 0
303 46 73 97 124 151 176 203 231 258 286 313 0 540 0 0 0
304 46 73 97 124 151 176 203 231 258 287 313 0 539 0 0 0
305 46 73 97 124 152 176 203 231 258 287 314 0 537 0 0 0
306 46 73 97 124 152 176 203 231 259 287 314 0 536 0 0 0
307 47 73 97 124 152 176 204 231 259 287 314 0 535 0 0 0
308 47 73 97 124 152 176 204 232 259 288 314 0 534 0 0 0
309 47 73 97 125 152 176 204 232 259 288 315 0 534 0 0 0
310 47 73 97 125 152 176 204 232 259 288 315 0 533 0 0 0
311 47 73 97 125 152 176 204 232 260 288 315 0 533 0 0 0
312 47 73 97 125 152 176 204 232 260 288 315 0 532 0 0 0
313 47 73 97 125 152 176 204 232 260 288 316 0 532 0 0 0
314 47 73 97 125 152 177 205 232 260 289 316 0 532 0 0 0
315 47 73 97 125 152 177 205 233 260 289 316 0 532 0 0 0
316 47 73 97 125 152 177 205 233 261 289 316 0 531 0 0 0
317 47 73 97 125 152 178 205 233 261 289 317 0 531 0 0 0
318 47 73 97 125 152 178 205 233 261 289 317 0 530 0 0 0
319 47 73 97 125 152 178 206 233 261 289 317 0 530 0 0 0
320 47 73 97 125 152 178 206 233 261 290 318 0 529 0 0 0
321 47 73 98 125 152 179 206 233 261 290 318 0 528 0 0 0
322 47 73 98 125 152 179 206 234 262 290 319 0 528 0 0 0
323 47 73 98 125 152 179 207 234 262 290 319 0 528 0 0 0
324 47 73 98 125 152 180 207 234 262 290 319 0 527 0 0 0
325 47 73 98 125 152 180 207 234 262 290 320 0 527 0 0 0
326 47 73 98 125 152 180 207 234 263 290 320 0 528 0 0 0
327 47 73 99 125 152 180 207 235 263 290 320 0 528 0 0 0
328 47 73 99 125 152 180 208 235 263 291 320 0 528 0 0 0
329 47 73 99 125 152 180 208 235 263 291 321 0 529 0 0 0
330 47 73 99 125 153 181 208 235 263 291 321 0 529 0 0 0
331 47 73 99 125 153 181 208 235 264 291 321 0 530 0 0 0
332 47 73 99 125 153 181 209 235 264 292 321 0 530 0 0 0
333 47 73 99 125 153 181 209 236 264 292 322 0 531 0 0 0
334 46 73 99 125 153 181 209 236 264 292 322 0 531 0 0 0
335 46 73 99 125 153 181 209 236 264 292 322 0 532 0 0 0
336 46 73 99 126 154 181 210 236 265 293 322 0 533 0 0 0
337 46 73 99 126 154 182 210 236 265 293 322 0 534 0 0 0
338 46 73 99 126 154 182 210 236 265 293 323 0 535 0 0 0
339 46 73 99 126 154 182 210 236 265 293 323 0 536 0 0 0
340 46 73 99 126 154 182 210 237 266 294 323 0 537 0 0 0
341 46 73 99 126 154 182 210 237 266 294 323 0 538 0 0 0
342 46 73 99 126 154 182 210 237 266 294 323 0 539 0 0 0
343 46 73 99 127 154 182 210 237 267 294 324 0 540 0 0 0
344 46 73 99 127 154 182 210 237 267 294 324 0 541 0 0 0
345 46 73 99 127 154 182 210 237 267 294 324 0 542 0 0 0
346 46 73 99 127 154 182 210 237 267 294 324 0 543 0 0 0
347 47 73 99 127 154 182 210 237 268 295 324 0 543 0 0 0
348 47 73 99 127 154 183 210 237 268 295 324 0 544 0 0 0
349 47 73 99 128 154 183 210 237 268 295 324 0 545 0 0 0
350 47 73 99 128 154 183 210 237 268 295 324 0 545 0 0 0
351 47 73 99 128 154 183 210 238 268 295 324 0 546 0 0 0
352 47 73 98 128 154 183 210 238 268 296 325 0 546 0 0 0
353 47 73 98 128 154 183 210 238 268 296 325 0 547 0 0 0
354 47 73 98 129 154 183 210 238 268 296 325 0 547 0 0 0
355 47 73 98 129 154 183 210 238 268 296 325 0 547 0 0 0
356 47 73 98 129 154 184 210 239 268 296 325 0 547 0 0 0
357 47 73 98 129 154 184 210 239 269 296 325 0 548 0 0 0
358 47 73 98 129 154 184 210 239 269 296 326 0 548 0 0 0
359 47 73 98 129 154 184 210 239 269 297 326 0 548 0 0 0
