           0         752         749         745         740         735         729         722         714         706         697         686         676         664         651         638         624
           1         752         749         745         740         735         729         722         714         706         697         686         676         664         651         638         624
           2         752         749         745         740         735         729         722         714         706         697         686         676         664         651         638         624
           3         752         749         745         740         735         729         722         714         706         697         686         676         664         651         638         624
           4         752         749         745         740         735         729         722         714         706         697         686         676         664         651         638         624
           5         752         749         745         740         735         729         722         714         706         697         686         676         664         651         638         624
           6         752         749         745         740         735         729         722         714         706         697         686         676         664         651         638         624
           7         752         749         745         740         735         729         722         714         706         697         686         676         664         651         638         624
           8         752         749         745         740         735         729         722         714         706         697         686         676         664         651         638         624
           9         752         749         745         740         735         729         722         714         706         697         686         676         664         651         638         624
          10         752         749         745         740         735         729         722         714         706         697         686         676         664         651         638         624
          11         752         749         745         740         735         729         722         714         706         697         686         676         664         651         638         624
          12         752         749         745         740         735         729         722         714         706         697         686         676         664         651         638         624
          13         752         749         745         740         735         729         722         714         706         697         686         676         664         651         638         624
          14         752         749         745         740         735         729         722         714         706         697         686         676         664         651         638         624
          15         752         749         745         740         735         729         722         714         706         697         686         676         664         651         638         624
          16         752         749         745         740         735         729         722         714         706         697         686         676         664         651         638         624
          17         752         749         745         740         735         729         722         714         706         697         686         676         664         651         638         624
          18         752         749         745         740         735         729         722         714         706         697         686         676         664         651         638         624
          19         752         749         745         740         735         729         722         714         706         697         686         676         664         651         638         624
          20         752         749         745         740         735         729         722         714         706         697         686         676         664         651         638         624
          21         752         749         745         740         735         729         722         714         706         697         686         676         664         651         638         624
          22         752         749         745         740         735         729         722         714         706         697         686         676         664         651         638         624
          23         753         749         745         740         735         729         722         714         706         697         686         676         664         651         638         624
          24         753         749         745         740         735         729         722         714         706         697         686         676         664         651         638         624
          25         753         749         745         740         735         729         722         714         706         697         686         676         664         651         638         624
          26         753         749         745         740         735         729         722         714         706         697         686         676         664         651         638         624
          27         753         749         745         740         735         729         722         714         706         697         686         676         664         651         638         624
          28         753         749         745         740         735         729         722         714         706         697         686         676         664         651         638         624
          29         753         749         745         740         735         729         722         714         706         697         686         676         664         651         638         624
          30         753         749         745         740         735         729         722         714         706         697         686         676         664         651         638         624
          31         753         749         745         740         735         729         722         714         706         697         686         676         664         651         638         624
          32         753         749         745         740         735         729         722         714         706         697         686         676         664         651         638         624
          33         753         749         745         740         735         729         722         715         706         697         686         676         664         651         638         624
          34         753         749         745         740         735         729         722         715         706         697         686         676         664         651         638         623
          35         753         749         745         740         735         729         722         715         706         697         686         676         664         651         638         623
          36         753         749         745         740         735         729         722         715         706         697         686         676         664         651         638         623
          37         753         749         745         740         735         729         722         715         706         697         686         676         664         651         638         623
          38         753         749         745         740         735         729         722         715         706         697         686         676         664         651         638         623
          39         753         749         745         740         735         729         722         715         706         697         686         676         664         651         638         623
          40         753         749         745         740         735         729         722         715         706         697         686         676         664         651         638         623
          41         753         749         745         740         735         729         722         715         706         697         686         676         664         651         638         623
          42         753         749         745         740         735         729         722         715         706         697         686         676         664         651         638         623
          43         753         749         745         741         735         729         722         715         706         697         686         676         664         651         638         623
          44         753         749         745         741         735         729         722         715         706         697         686         676         664         651         638         623
          45         753         749         745         741         735         729         722         715         706         697         686         676         664         651         638         623
          46         753         749         745         741         735         729         722         715         706         697         686         676         664         651         638         623
          47         753         749         745         741         735         729         722         715         706         697         686         676         664         651         638         623
          48         753         749         745         741         735         729         722         715         706         697         686         676         664         651         638         623
          49         753         749         745         740         735         729         722         715         706         697         686         676         664         651         638         623
          50         753         749         745         740         735         729         722         715         706         697         686         676         664         651         638         623
          51         753         749         745         740         735         729         722         715         706         697         686         676         664         651         638         623
          52         753         749         745         740         735         729         722         714         706         697         686         675         664         651         638         623
          53         753         749         745         740         735         729         722         714         706         697         686         675         664         651         638         623
          54         753         749         745         740         735         729         722         714         706         697         686         675         664         651         638         623
          55         753         749         745         740         735         729         722         714         706         697         686         675         664         651         638         623
          56         753         749         745         740         735         729         722         714         706         697         686         675         664         651         638         623
          57         753         749         745         740         735         729         722         714         706         697         686         675         664         651         638         623
          58         753         749         745         740         735         729         722         714         706         697         686         675         664         651         638         623
          59         753         749         745         740         735         729         722         714         706         697         686         675         664         651         638         623
          60         753         749         745         740         735         729         722         714         706         697         686         675         664         651         638         623
          61         753         749         745         740         735         729         722         714         706         697         686         675         664         651         638         623
          62         753         749         745         740         735         729         722         714         706         697         686         675         664         651         638         623
          63         753         749         745         740         735         729         722         714         706         697         686         675         664         651         638         623
          64         753         749         745         740         735         729         722         714         706         697         686         675         664         651         638         623
          65         753         749         745         740         735         729         722         714         706         697         686         675         664         651         638         623
          66         753         749         745         740         735         729         722         714         706         697         686         675         664         651         638         623
          67         753         749         745         740         735         729         722         714         706         697         686         675         664         651         638         623
          68         753         749         745         740         735         729         722         714         706         697         686         675         664         651         638         623
          69         753         749         745         740         735         729         722         714         706         697         686         675         664         651         638         623
          70         753         749         745         740         735         729         722         714         706         697         686         675         664         651         638         623
          71         753         749         745         740         735         729         722         714         706         697         686         675         664         651         638         623
          72         753         749         745         740         735         729         722         714         706         697         686         675         664         651         637         623
          73         753         749         745         740         735         729         722         714         706         697         686         675         664         651         637         623
          74         753         749         745         740         735         729         722         714         706         697         686         675         663         651         637         623
          75         753         749         745         740         735         729         722         714         706         697         686         675         663         651         637         623
          76         753         749         745         740         735         729         722         714         706         697         686         675         663         651         637         623
          77         753         749         745         740         735         729         722         714         706         697         686         675         663         651         637         623
          78         753         749         745         740         735         729         722         714         706         697         686         675         663         651         637         623
          79         753         749         745         740         735         729         722         714         706         697         686         675         663         651         637         623
          80         753         749         745         740         735         729         722         714         706         697         686         675         663         651         637         623
          81         753         749         745         740         735         729         722         714         706         697         686         675         663         651         637         623
          82         753         749         745         740         735         729         722         714         706         697         686         675         663         651         637         623
          83         753         749         745         740         735         729         722         714         706         697         686         675         663         651         637         623
          84         753         749         745         740         735         729         722         714         706         697         686         675         663         651         637         623
          85         753         749         745         740         735         729         722         714         706         697         686         675         663         651         637         623
          86         753         749         745         740         735         729         722         714         706         697         686         675         663         651         637         623
          87         753         749         745         740         735         729         722         714         706         697         686         675         663         651         637         623
          88         753         749         745         740         735         729         722         714         706         697         686         675         663         651         637         623
          89         753         749         745         740         735         729         722         714         706         697         686         675         663         651         637         623
          90         753         749         745         740         735         729         722         714         706         697         686         675         663         651         637         623
          91         753         749         745         740         735         729         722         714         706         697         686         675         663         651         637         623
          92         753         749         745         740         735         729         722         714         706         697         686         675         663         651         637         623
          93         753         749         745         740         735         729         722         714         706         697         686         675         663         651         637         623
          94         753         749         745         740         735         729         722         714         706         697         686         675         663         651         637         623
          95         753         749         745         740         735         729         722         714         706         697         686         675         663         651         637         623
          96         753         749         745         740         735         729         722         714         706         697         686         675         663         651         637         623
          97         753         749         745         740         735         729         722         714         706         697         686         675         663         651         637         623
          98         753         749         745         740         735         729         722         714         706         697         686         675         663         651         637         623
          99         753         749         745         740         735         729         722         714         706         697         686         675         663         651         637         623
         100         753         749         745         740         735         729         722         714         706         697         686         675         663         651         637         623
         101         753         749         745         740         735         729         722         714         706         697         686         675         663         651         637         623
         102         753         749         745         740         735         729         722         714         706         697         686         675         663         651         637         623
         103         753         749         745         740         735         729         722         714         706         697         686         675         663         651         637         623
         104         753         749         745         740         735         729         722         714         706         697         686         675         663         651         637         623
         105         753         749         745         740         735         729         722         714         706         697         686         675         663         651         637         623
         106         753         749         745         740         735         729         722         714         706         697         686         675         663         651         637         623
         107         753         749         745         740         735         729         722         714         706         697         686         675         663         651         637         623
         108         753         749         745         740         735         729         722         714         706         697         686         675         663         651         637         623
         109         753         749         745         740         735         729         722         714         706         697         686         675         663         651         637         623
         110         753         749         745         740         735         729         722         714         706         697         686         675         663         651         637         623
         111         753         749         745         740         735         729         722         714         706         697         686         675         663         651         637         623
         112         753         749         745         740         735         729         722         714         706         697         686         675         663         651         637         623
         113         753         749         745         740         735         729         722         714         706         697         686         675         663         651         637         623
         114         753         749         745         740         735         729         722         714         706         697         686         675         663         651         637         623
         115         753         749         745         740         735         729         722         714         706         697         686         675         663         651         637         623
         116         753         749         745         740         735         729         722         714         706         697         686         675         663         651         637         623
         117         753         749         745         740         735         729         722         714         706         697         686         675         663         651         637         623
         118         753         749         745         740         735         729         722         714         706         697         686         675         663         651         637         623
         119         753         749         745         740         735         729         722         714         706         697         686         675         663         651         637         623
         120         753         749         745         740         735         729         722         714         706         697         686         675         663         651         637         623
         121         753         749         745         740         735         729         722         714         706         697         686         675         663         651         637         623
         122         753         749         745         740         735         729         722         714         706         697         686         675         663         651         637         623
         123         753         749         745         740         735         729         722         714         706         697         686         675         663         651         637         623
         124         753         749         745         740         735         729         722         714         706         697         686         675         663         651         637         623
         125         753         749         745         740         735         729         722         714         706         697         686         675         663         651         637         623
         126         753         749         745         740         735         729         722         714         706         696         686         675         663         651         637         623
         127         753         749         745         740         735         729         722         714         706         696         686         675         663         651         637         623
         128         753         749         745         740         735         729         722         714         706         697         686         675         663         651         637         623
         129         753         749         745         740         735         729         722         714         706         697         686         675         663         651         637         623
         130         753         749         745         740         735         729         722         714         706         697         686         675         663         651         637         623
         131         753         749         745         740         735         729         722         714         706         697         686         675         663         651         637         623
         132         753         749         745         740         735         729         722         714         706         697         686         675         663         651         637         623
         133         753         749         745         740         735         729         722         714         706         697         686         675         663         651         637         623
         134         753         749         745         740         735         729         722         714         706         697         686         675         663         651         637         623
         135         753         749         745         740         735         729         722         714         706         697         686         675         663         651         637         623
         136         753         749         745         740         735         729         722         714         706         697         686         675         663         651         637         623
         137         753         749         745         740         735         729         722         714         706         697         686         675         663         651         637         623
         138         753         749         745         740         735         729         722         714         706         697         686         675         664         651         637         623
         139         753         749         745         740         735         729         722         714         706         697         686         675         664         651         637         623
         140         753         749         745         740         735         729         722         714         706         697         686         675         664         651         637         623
         141         753         749         745         740         735         729         722         714         706         697         686         675         664         651         637         623
         142         753         749         745         740         735         729         722         714         706         697         686         675         664         651         637         623
         143         753         749         745         741         735         729         722         714         706         697         686         675         664         651         637         623
         144         753         749         745         741         735         729         722         714         706         697         686         675         664         651         637         623
         145         753         749         745         741         735         729         722         714         706         697         686         675         664         651         637         623
         146         753         749         745         741         735         729         722         714         706         697         686         675         664         651         637         623
         147         753         749         745         741         735         729         722         714         706         697         686         675         664         651         637         623
         148         753         749         745         741         735         729         722         714         706         697         686         675         664         651         637         623
         149         753         749         745         741         735         729         722         714         706         697         686         675         664         651         637         623
         150         753         749         745         741         735         729         722         715         706         697         686         675         664         651         637         623
         151         753         749         745         741         735         729         722         715         706         697         686         675         664         651         637         623
         152         753         749         745         741         735         729         722         715         706         697         686         675         664         651         637         623
         153         753         749         745         741         735         729         722         715         706         697         686         675         664         651         637         623
         154         753         749         745         741         735         729         722         715         706         697         686         675         664         651         637         623
         155         753         749         745         741         735         729         722         715         706         697         686         675         664         651         637         623
         156         753         749         745         741         735         729         722         715         706         697         686         675         664         651         637         623
         157         753         749         745         741         735         729         722         715         706         697         686         675         664         651         637         623
         158         753         749         745         741         735         729         722         715         706         697         686         675         664         651         637         623
         159         753         749         745         741         735         729         722         715         706         697         686         676         664         651         638         623
         160         753         749         745         741         735         729         722         715         706         697         686         676         664         651         638         623
         161         753         749         745         741         735         729         722         715         706         697         686         676         664         651         638         623
         162         753         749         745         741         735         729         722         715         706         697         686         676         664         651         638         623
         163         753         749         745         741         735         729         722         715         706         697         686         676         664         651         638         623
         164         753         749         745         741         735         729         722         715         706         697         686         676         664         651         638         623
         165         753         749         745         741         735         729         722         715         706         697         686         676         664         651         638         623
         166         753         749         745         741         735         729         722         715         706         697         686         676         664         651         638         623
         167         753         749         745         741         735         729         722         715         706         697         686         676         664         651         638         623
         168         753         749         745         741         735         729         722         715         706         697         686         676         664         651         638         623
         169         753         749         745         741         735         729         722         715         706         697         686         676         664         651         638         623
         170         753         749         745         741         735         729         722         715         706         697         686         676         664         651         638         623
         171         753         749         745         741         735         729         722         715         706         697         686         676         664         651         638         623
         172         753         749         745         741         735         729         722         715         706         697         686         676         664         651         638         623
         173         753         749         745         741         735         729         722         715         706         697         686         676         664         651         638         623
         174         753         749         745         741         735         729         722         715         706         697         686         676         664         651         638         623
         175         753         749         745         741         735         729         722         715         706         697         686         675         664         651         638         623
         176         753         749         745         741         735         729         722         715         706         697         686         675         664         651         638         623
         177         753         749         745         741         735         729         722         715         706         697         686         675         664         651         638         623
         178         753         749         745         741         735         729         722         715         706         697         686         675         664         651         638         623
         179         753         749         745         741         735         729         722         715         706         697         686         675         664         651         638         623
         180         753         749         745         741         735         729         722         715         706         697         686         675         664         651         638         623
         181         753         749         745         741         735         729         722         715         706         697         686         675         664         651         638         623
         182         753         749         745         741         735         729         722         715         706         697         686         675         664         651         638         623
         183         753         749         745         741         735         729         722         715         706         697         686         675         664         651         638         623
         184         753         749         745         741         735         729         722         715         706         697         686         675         664         651         638         623
         185         753         749         745         741         735         729         722         715         706         697         686         675         664         651         638         623
         186         753         749         745         741         735         729         722         715         706         697         686         675         664         651         638         623
         187         753         749         745         741         735         729         722         715         706         697         686         675         664         651         638         623
         188         753         749         745         741         735         729         722         715         706         697         686         675         664         651         638         623
         189         753         749         745         741         735         729         722         715         706         697         686         676         664         651         638         623
         190         753         749         745         741         735         729         722         715         706         697         686         676         664         651         638         623
         191         753         749         745         741         735         729         722         715         706         697         686         676         664         651         638         623
         192         753         749         745         741         735         729         722         715         706         697         686         676         664         651         638         623
         193         753         749         745         741         735         729         722         715         706         697         686         676         664         651         638         623
         194         753         749         745         741         735         729         722         715         706         697         686         676         664         651         638         623
         195         753         749         745         741         735         729         722         715         706         697         686         676         664         651         638         623
         196         753         749         745         741         735         729         722         715         706         697         686         676         664         651         638         623
         197         753         749         745         741         735         729         722         715         706         697         686         676         664         651         638         623
         198         753         749         745         741         735         729         722         715         706         697         686         676         664         651         638         623
         199         753         749         745         741         735         729         722         715         706         697         686         676         664         651         638         623
         200         753         749         745         741         735         729         722         715         706         697         686         676         664         651         638         623
         201         753         749         745         741         735         729         722         715         706         697         686         676         664         651         638         623
         202         753         749         745         741         735         729         722         715         706         697         686         676         664         651         638         623
         203         753         749         745         741         735         729         722         715         706         697         686         676         664         651         638         623
         204         753         749         745         741         735         729         722         715         706         697         686         676         664         651         638         623
         205         753         749         745         741         735         729         722         715         706         697         686         676         664         651         638         623
         206         753         749         745         741         735         729         722         715         706         697         686         676         664         651         638         623
         207         753         749         745         741         735         729         722         715         706         697         686         676         664         651         638         623
         208         753         749         745         741         735         729         722         715         706         697         686         676         664         651         638         623
         209         753         749         745         741         735         729         722         715         706         697         686         676         664         651         638         623
         210         753         749         745         741         735         729         722         715         706         697         686         676         664         651         638         623
         211         753         749         745         741         735         729         722         715         706         697         686         676         664         651         638         623
         212         753         749         745         741         735         729         722         715         706         697         686         676         664         651         638         623
         213         753         749         745         741         735         729         722         715         706         697         686         676         664         651         638         623
         214         753         749         745         741         735         729         722         715         706         697         686         676         664         651         638         623
         215         753         749         745         741         735         729         722         715         706         697         686         676         664         651         638         623
         216         753         749         745         741         735         729         722         715         706         697         686         676         664         651         638         623
         217         753         749         745         741         735         729         722         715         706         697         686         676         664         651         638         623
         218         753         749         745         741         735         729         722         715         706         697         686         676         664         651         638         623
         219         753         749         745         741         735         729         722         715         706         697         686         676         664         651         638         623
         220         753         749         745         741         735         729         722         715         706         697         686         676         664         651         638         623
         221         753         749         745         741         735         729         722         715         706         697         686         676         664         651         638         623
         222         753         749         745         741         735         729         722         715         706         697         686         675         664         651         638         623
         223         753         749         745         741         735         729         722         715         706         697         686         675         664         651         638         623
         224         753         749         745         741         735         729         722         715         706         697         686         675         664         651         638         623
         225         753         749         745         741         735         729         722         715         706         697         686         675         664         651         638         623
         226         753         749         745         741         735         729         722         715         706         697         686         675         664         651         638         623
         227         753         749         745         741         735         729         722         715         706         697         686         675         664         651         638         623
         228         753         749         745         741         735         729         722         715         706         697         686         675         664         651         638         623
         229         753         749         745         741         735         729         722         715         706         697         686         675         664         651         638         623
         230         753         749         745         741         735         729         722         715         706         697         686         675         664         651         638         623
         231         753         749         745         741         735         729         722         715         706         697         686         675         664         651         638         623
         232         753         749         745         741         735         729         722         715         706         697         686         675         664         651         638         623
         233         753         749         745         741         735         729         722         715         706         697         686         675         664         651         638         623
         234         753         749         745         741         735         729         722         715         706         697         686         675         664         651         638         623
         235         753         749         745         741         735         729         722         715         706         697         686         675         664         651         638         623
         236         753         749         745         741         735         729         722         715         706         697         686         675         664         651         638         623
         237         753         749         745         741         735         729         722         715         706         697         686         675         664         651         638         623
         238         753         749         745         741         735         729         722         715         706         697         686         675         664         651         638         623
         239         753         749         745         741         735         729         722         715         706         697         686         675         664         651         638         623
         240         753         749         745         741         735         729         722         715         706         697         686         675         664         651         638         623
         241         753         749         745         741         735         729         722         715         706         697         686         675         664         651         638         623
         242         753         749         745         741         735         729         722         715         706         697         686         675         664         651         638         623
         243         753         749         745         741         735         729         722         715         706         697         686         675         664         651         638         623
         244         753         749         745         741         735         729         722         715         706         697         686         675         664         651         638         623
         245         753         749         745         741         735         729         722         715         706         697         686         675         664         651         638         623
         246         753         749         745         741         735         729         722         715         706         697         686         675         664         651         638         623
         247         753         749         745         741         735         729         722         715         706         697         686         675         664         651         638         623
         248         753         749         745         741         735         729         722         715         706         697         686         675         664         651         638         623
         249         753         749         745         741         735         729         722         715         706         697         686         675         664         651         638         623
         250         753         749         745         741         735         729         722         715         706         697         686         675         664         651         638         623
         251         753         749         745         741         735         729         722         715         706         697         686         675         664         651         638         623
         252         753         749         745         741         735         729         722         715         706         697         686         675         664         651         638         623
         253         753         749         745         741         735         729         722         715         706         697         686         675         664         651         638         623
         254         753         749         745         741         735         729         722         715         706         697         686         675         664         651         638         623
         255         753         749         745         741         735         729         722         715         706         697         686         675         664         651         638         623
         256         753         749         745         741         735         729         722         715         706         697         686         675         664         651         638         623
         257         753         749         745         741         735         729         722         715         706         697         686         675         664         651         638         623
         258         753         749         745         741         735         729         722         715         706         697         686         676         664         651         638         623
         259         753         749         745         741         735         729         722         715         706         697         686         676         664         651         638         623
         260         753         749         745         740         735         729         722         715         706         697         686         676         664         651         638         623
         261         753         749         745         740         735         729         722         715         706         697         686         676         664         651         638         623
         262         753         749         745         740         735         729         722         715         706         697         686         676         664         651         638         623
         263         753         749         745         740         735         729         722         715         706         697         686         676         664         651         638         623
         264         753         749         745         740         735         729         722         715         706         697         686         676         664         651         638         623
         265         753         749         745         740         735         729         722         715         706         697         686         676         664         651         638         623
         266         753         749         745         740         735         729         722         715         706         697         686         676         664         651         638         623
         267         753         749         745         740         735         729         722         715         706         697         686         675         664         651         638         623
         268         753         749         745         740         735         729         722         715         706         697         686         675         664         651         638         623
         269         753         749         745         740         735         729         722         715         706         697         686         675         664         651         638         623
         270         753         749         745         740         735         729         722         715         706         697         686         675         664         651         638         623
         271         753         749         745         740         735         729         722         715         706         697         686         675         664         651         638         623
         272         753         749         745         740         735         729         722         715         706         697         686         675         664         651         638         623
         273         753         749         745         740         735         729         722         715         706         697         686         675         664         651         638         623
         274         753         749         745         740         735         729         722         715         706         697         686         675         664         651         638         623
         275         753         749         745         740         735         729         722         715         706         697         686         675         664         651         638         623
         276         753         749         745         740         735         729         722         715         706         697         686         675         664         651         638         623
         277         753         749         745         740         735         729         722         715         706         697         686         675         664         651         638         623
         278         753         749         745         740         735         729         722         715         706         697         686         675         664         651         638         623
         279         753         749         745         740         735         729         722         715         706         697         686         675         664         651         638         623
         280         753         749         745         740         735         729         722         715         706         697         686         675         664         651         638         623
         281         753         749         745         740         735         729         722         715         706         697         686         675         664         651         638         623
         282         753         749         745         740         735         729         722         715         706         697         686         675         664         651         638         623
         283         753         749         745         740         735         729         722         715         706         697         686         675         664         651         638         623
         284         753         749         745         740         735         729         722         715         706         697         686         675         664         651         638         623
         285         753         749         745         740         735         729         722         715         706         697         686         675         664         651         638         623
         286         753         749         745         740         735         729         722         715         706         697         686         675         664         651         638         623
         287         753         749         745         740         735         729         722         715         706         697         686         676         664         651         638         623
         288         753         749         745         740         735         729         722         715         706         697         686         676         664         651         638         623
         289         753         749         745         740         735         729         722         715         706         697         686         676         664         651         638         623
         290         753         749         745         740         735         729         722         715         706         697         686         676         664         651         638         623
         291         753         749         745         740         735         729         722         715         706         697         686         676         664         651         638         623
         292         753         749         745         740         735         729         722         715         706         697         686         676         664         651         638         623
         293         753         749         745         740         735         729         722         715         706         697         686         676         664         651         638         623
         294         753         749         745         740         735         729         722         715         706         697         686         676         664         651         638         623
         295         753         749         745         740         735         729         722         715         706         697         686         676         664         651         638         623
         296         753         749         745         740         735         729         722         715         706         697         686         676         664         651         638         624
         297         753         749         745         740         735         729         722         715         706         697         686         676         664         651         638         624
         298         753         749         745         740         735         729         722         715         706         697         686         676         664         651         638         624
         299         753         749         745         740         735         729         722         715         706         697         686         676         664         651         638         624
         300         753         749         745         740         735         729         722         715         706         697         686         676         664         651         638         624
         301         753         749         745         740         735         729         722         715         706         697         686         676         664         651         638         624
         302         753         749         745         740         735         729         722         715         706         697         686         676         664         651         638         624
         303         753         749         745         740         735         729         722         715         706         697         686         676         664         651         638         624
         304         753         749         745         740         735         729         722         715         706         697         686         676         664         651         638         624
         305         753         749         745         740         735         729         722         715         706         697         686         676         664         651         638         624
         306         753         749         745         740         735         729         722         715         706         697         686         676         664         651         638         624
         307         753         749         745         740         735         729         722         715         706         697         686         676         664         651         638         624
         308         753         749         745         740         735         729         722         715         706         697         686         676         664         651         638         624
         309         753         749         745         740         735         729         722         715         706         697         686         676         664         651         638         624
         310         753         749         745         740         735         729         722         715         706         697         686         676         664         651         638         624
         311         753         749         745         740         735         729         722         715         706         697         686         676         664         651         638         624
         312         753         749         745         740         735         729         722         715         706         697         686         676         664         651         638         624
         313         753         749         745         740         735         729         722         715         706         697         686         676         664         651         638         624
         314         753         749         745         740         735         729         722         715         706         697         686         676         664         651         638         624
         315         753         749         745         740         735         729         722         715         706         697         686         676         664         651         638         624
         316         753         749         745         740         735         729         722         715         706         697         686         676         664         651         638         624
         317         753         749         745         740         735         729         722         715         706         697         686         676         664         651         638         624
         318         753         749         745         740         735         729         722         715         706         697         686         676         664         651         638         624
         319         753         749         745         740         735         729         722         715         706         697         686         676         664         651         638         624
         320         753         749         745         740         735         729         722         715         706         697         686         676         664         651         638         624
         321         753         749         745         740         735         729         722         715         706         697         686         676         664         651         638         624
         322         753         749         745         740         735         729         722         715         706         697         686         676         664         651         638         624
         323         753         749         745         740         735         729         722         715         706         697         686         676         664         651         638         624
         324         753         749         745         740         735         729         722         715         706         697         686         676         664         651         638         624
         325         753         749         745         740         735         729         722         715         706         697         686         676         664         651         638         624
         326         753         749         745         740         735         729         722         715         706         697         686         676         664         651         638         624
         327         753         749         745         740         735         729         722         715         706         697         686         676         664         651         638         624
         328         753         749         745         740         735         729         722         714         706         697         686         676         664         651         638         624
         329         753         749         745         740         735         729         722         714         706         697         686         676         664         651         638         624
         330         753         749         745         740         735         729         722         714         706         697         686         676         664         651         638         624
         331         753         749         745         740         735         729         722         714         706         697         686         676         664         651         638         624
         332         753         749         745         740         735         729         722         714         706         697         686         676         664         651         638         624
         333         753         749         745         740         735         729         722         714         706         697         686         676         664         651         638         624
         334         753         749         745         740         735         729         722         714         706         697         686         676         664         651         638         624
         335         753         749         745         740         735         729         722         714         706         697         686         676         664         651         638         624
         336         753         749         745         740         735         729         722         714         706         697         686         676         664         651         638         624
         337         753         749         745         740         735         729         722         714         706         697         686         676         664         651         638         624
         338         752         749         745         740         735         729         722         714         706         697         686         676         664         651         638         624
         339         752         749         745         740         735         729         722         714         706         697         686         676         664         651         638         624
         340         752         749         745         740         735         729         722         714         706         697         686         676         664         651         638         624
         341         752         749         745         740         735         729         722         714         706         697         686         676         664         651         638         624
         342         752         749         745         740         735         729         722         714         706         697         686         676         664         651         638         624
         343         752         749         745         740         735         729         722         714         706         697         686         676         664         651         638         624
         344         752         749         745         740         735         729         722         714         706         697         686         676         664         651         638         624
         345         752         749         745         740         735         729         722         714         706         697         686         676         664         651         638         624
         346         752         749         745         740         735         729         722         714         706         697         686         676         664         651         638         624
         347         752         749         745         740         735         729         722         714         706         697         686         676         664         651         638         624
         348         752         749         745         740         735         729         722         714         706         697         686         676         664         651         638         624
         349         752         749         745         740         735         729         722         714         706         697         686         676         664         651         638         624
         350         752         749         745         740         735         729         722         714         706         697         686         676         664         651         638         624
         351         752         749         745         740         735         729         722         714         706         697         686         676         664         651         638         624
         352         752         749         745         740         735         729         722         714         706         697         686         676         664         651         638         624
         353         752         749         745         740         735         729         722         714         706         697         686         676         664         651         638         624
         354         752         749         745         740         735         729         722         714         706         697         686         676         664         651         638         624
         355         752         749         745         740         735         729         722         714         706         697         686         676         664         651         638         624
         356         752         749         745         740         735         729         722         714         706         697         686         676         664         651         638         624
         357         752         749         745         740         735         729         722         714         706         697         686         676         664         651         638         624
         358         752         749         745         740         735         729         722         714         706         697         686         676         664         651         638         624
         359         752         749         745         740         735         729         722         714         706         697         686         676         664         651         638         624
