C:\RK-3\Data\PA000001\HT0000010012R.DAT;
000:  0.0100   0.0300   0.0530   0.0810   0.1210   0.1680   0.2340   0.3100   0.3760   0.4520   0.5600   0.6800   0.7870   0.9040   1.0350   1.1770   1.3270   1.4870 -10000000000.0000 -10000000000.0000 -10000000000.0000 -10000000000.0000 -10000000000.0000;
001:  0.0100   0.0300   0.0530   0.0810   0.1210   0.1680   0.2330   0.3100   0.3760   0.4520   0.5600   0.6810   0.7870   0.9050   1.0360   1.1780   1.3280   1.4890 -10000000000.0000 -10000000000.0000 -10000000000.0000 -10000000000.0000 -10000000000.0000;
002:  0.0110   0.0300   0.0530   0.0810   0.1210   0.1680   0.2340   0.3100   0.3760   0.4520   0.5610   0.6810   0.7870   0.9050   1.0370   1.1790   1.3290   1.4900 -10000000000.0000 -10000000000.0000 -10000000000.0000 -10000000000.0000 -10000000000.0000;
003:  0.0110   0.0300   0.0530   0.0810   0.1210   0.1680   0.2340   0.3100   0.3770   0.4520   0.5610   0.6820   0.7880   0.9060   1.0380   1.1800   1.3300   1.4910 -10000000000.0000 -10000000000.0000 -10000000000.0000 -10000000000.0000 -10000000000.0000;
004:  0.0110   0.0300   0.0530   0.0810   0.1210   0.1680   0.2340   0.3100   0.3770   0.4530   0.5610   0.6820   0.7890   0.9070   1.0400   1.1810   1.3300   1.4910 -10000000000.0000 -10000000000.0000 -10000000000.0000 -10000000000.0000 -10000000000.0000;
005:  0.0110   0.0300   0.0530   0.0810   0.1210   0.1680   0.2340   0.3100   0.3770   0.4530   0.5620   0.6830   0.7900   0.9080   1.0410   1.1820   1.3310   1.4920 -10000000000.0000 -10000000000.0000 -10000000000.0000 -10000000000.0000 -10000000000.0000;
006:  0.0100   0.0300   0.0530   0.0810   0.1210   0.1680   0.2340   0.3100   0.3770   0.4530   0.5620   0.6840   0.7900   0.9080   1.0410   1.1820   1.3310   1.4920 -10000000000.0000 -10000000000.0000 -10000000000.0000 -10000000000.0000 -10000000000.0000;
007:  0.0110   0.0300   0.0530   0.0810   0.1210   0.1680   0.2340   0.3100   0.3770   0.4530   0.5620   0.6840   0.7910   0.9090   1.0430   1.1840   1.3330   1.4930 -10000000000.0000 -10000000000.0000 -10000000000.0000 -10000000000.0000 -10000000000.0000;
008:  0.0110   0.0300   0.0530   0.0810   0.1210   0.1680   0.2330   0.3100   0.3770   0.4530   0.5620   0.6850   0.7910   0.9100   1.0440   1.1850   1.3340   1.4930 -10000000000.0000 -10000000000.0000 -10000000000.0000 -10000000000.0000 -10000000000.0000;
009:  0.0110   0.0300   0.0530   0.0810   0.1210   0.1680   0.2340   0.3100   0.3770   0.4530   0.5630   0.6850   0.7920   0.9110   1.0450   1.1860   1.3350   1.4940 -10000000000.0000 -10000000000.0000 -10000000000.0000 -10000000000.0000 -10000000000.0000;
010:  0.0110   0.0300   0.0530   0.0810   0.1210   0.1680   0.2330   0.3090   0.3770   0.4530   0.5630   0.6860   0.7930   0.9120   1.0460   1.1870   1.3350   1.4950 -10000000000.0000 -10000000000.0000 -10000000000.0000 -10000000000.0000 -10000000000.0000;
011:  0.0110   0.0300   0.0530   0.0810   0.1210   0.1680   0.2330   0.3090   0.3770   0.4530   0.5640   0.6870   0.7930   0.9120   1.0470   1.1870   1.3360   1.4960 -10000000000.0000 -10000000000.0000 -10000000000.0000 -10000000000.0000 -10000000000.0000;
012:  0.0100   0.0300   0.0530   0.0810   0.1210   0.1680   0.2330   0.3090   0.3770   0.4530   0.5640   0.6870   0.7930   0.9130   1.0470   1.1880   1.3370   1.4950 -10000000000.0000 -10000000000.0000 -10000000000.0000 -10000000000.0000 -10000000000.0000;
013:  0.0110   0.0300   0.0530   0.0810   0.1210   0.1690   0.2330   0.3090   0.3770   0.4530   0.5640   0.6880   0.7940   0.9130   1.0480   1.1890   1.3380   1.4960 -10000000000.0000 -10000000000.0000 -10000000000.0000 -10000000000.0000 -10000000000.0000;
014:  0.0110   0.0300   0.0530   0.0810   0.1210   0.1690   0.2330   0.3090   0.3770   0.4540   0.5640   0.6880   0.7950   0.9140   1.0500   1.1900   1.3380   1.4960 -10000000000.0000 -10000000000.0000 -10000000000.0000 -10000000000.0000 -10000000000.0000;
015:  0.0100   0.0300   0.0520   0.0810   0.1210   0.1680   0.2330   0.3080   0.3770   0.4530   0.5640   0.6890   0.7960   0.9150   1.0500   1.1900 -10000000000.0000 -10000000000.0000 -10000000000.0000 -10000000000.0000 -10000000000.0000 -10000000000.0000 -10000000000.0000;
016:  0.0100   0.0300   0.0520   0.0810   0.1210   0.1680   0.2320   0.3080   0.3770   0.4530   0.5640   0.6890   0.7960   0.9150   1.0510   1.1900 -10000000000.0000 -10000000000.0000 -10000000000.0000 -10000000000.0000 -10000000000.0000 -10000000000.0000 -10000000000.0000;
017:  0.0100   0.0300   0.0520   0.0810   0.1210   0.1680   0.2320   0.3080   0.3770   0.4540   0.5650   0.6900   0.7960   0.9160   1.0510   1.1900 -10000000000.0000 -10000000000.0000 -10000000000.0000 -10000000000.0000 -10000000000.0000 -10000000000.0000 -10000000000.0000;
018:  0.0100   0.0300   0.0520   0.0810   0.1210   0.1680   0.2320   0.3080   0.3770   0.4540   0.5650   0.6900   0.7970   0.9160   1.0510   1.1900 -10000000000.0000 -10000000000.0000 -10000000000.0000 -10000000000.0000 -10000000000.0000 -10000000000.0000 -10000000000.0000;
019:  0.0100   0.0300   0.0520   0.0810   0.1210   0.1680   0.2320   0.3080   0.3770   0.4530   0.5650   0.6900   0.7970   0.9160   1.0520   1.1890 -10000000000.0000 -10000000000.0000 -10000000000.0000 -10000000000.0000 -10000000000.0000 -10000000000.0000 -10000000000.0000;
020:  0.0100   0.0290   0.0520   0.0800   0.1200   0.1680   0.2320   0.3080   0.3760   0.4540   0.5650   0.6900   0.7970   0.9160   1.0520   1.1890 -10000000000.0000 -10000000000.0000 -10000000000.0000 -10000000000.0000 -10000000000.0000 -10000000000.0000 -10000000000.0000;
021:  0.0100   0.0300   0.0520   0.0810   0.1200   0.1680   0.2320   0.3080   0.3770   0.4540   0.5650   0.6910   0.7980   0.9170   1.0520   1.1880 -10000000000.0000 -10000000000.0000 -10000000000.0000 -10000000000.0000 -10000000000.0000 -10000000000.0000 -10000000000.0000;
022:  0.0090   0.0290   0.0520   0.0800   0.1200   0.1670   0.2320   0.3070   0.3760   0.4530   0.5640   0.6900   0.7980   0.9170   1.0510   1.1870 -10000000000.0000 -10000000000.0000 -10000000000.0000 -10000000000.0000 -10000000000.0000 -10000000000.0000 -10000000000.0000;
023:  0.0090   0.0290   0.0520   0.0800   0.1200   0.1670   0.2320   0.3070   0.3760   0.4530   0.5640   0.6900   0.7980   0.9180   1.0510   1.1870 -10000000000.0000 -10000000000.0000 -10000000000.0000 -10000000000.0000 -10000000000.0000 -10000000000.0000 -10000000000.0000;
024:  0.0100   0.0290   0.0520   0.0800   0.1200   0.1670   0.2320   0.3070   0.3760   0.4530   0.5640   0.6900   0.7980   0.9180   1.0510   1.1850 -10000000000.0000 -10000000000.0000 -10000000000.0000 -10000000000.0000 -10000000000.0000 -10000000000.0000 -10000000000.0000;
025:  0.0090   0.0290   0.0520   0.0800   0.1200   0.1670   0.2320   0.3070   0.3760   0.4530   0.5630   0.6900   0.7980   0.9180   1.0510   1.1850 -10000000000.0000 -10000000000.0000 -10000000000.0000 -10000000000.0000 -10000000000.0000 -10000000000.0000 -10000000000.0000;
026:  0.0090   0.0290   0.0520   0.0810   0.1200   0.1670   0.2310   0.3080   0.3760   0.4530   0.5630   0.6890   0.7980   0.9190   1.0510   1.1840 -10000000000.0000 -10000000000.0000 -10000000000.0000 -10000000000.0000 -10000000000.0000 -10000000000.0000 -10000000000.0000;
027:  0.0100   0.0300   0.0520   0.0810   0.1200   0.1680   0.2320   0.3080   0.3760   0.4540   0.5630   0.6890   0.7990   0.9200   1.0510 -10000000000.0000 -10000000000.0000 -10000000000.0000 -10000000000.0000 -10000000000.0000 -10000000000.0000 -10000000000.0000 -10000000000.0000;
028:  0.0100   0.0300   0.0520   0.0810   0.1200   0.1670   0.2320   0.3080   0.3760   0.4540   0.5620   0.6890   0.8000   0.9200   1.0510 -10000000000.0000 -10000000000.0000 -10000000000.0000 -10000000000.0000 -10000000000.0000 -10000000000.0000 -10000000000.0000 -10000000000.0000;
029:  0.0100   0.0300   0.0520   0.0810   0.1200   0.1670   0.2320   0.3080   0.3760   0.4530   0.5620   0.6880   0.8000   0.9210   1.0510 -10000000000.0000 -10000000000.0000 -10000000000.0000 -10000000000.0000 -10000000000.0000 -10000000000.0000 -10000000000.0000 -10000000000.0000;
030:  0.0100   0.0290   0.0520   0.0800   0.1200   0.1670   0.2310   0.3070   0.3760   0.4530   0.5610   0.6880   0.8000   0.9210   1.0510 -10000000000.0000 -10000000000.0000 -10000000000.0000 -10000000000.0000 -10000000000.0000 -10000000000.0000 -10000000000.0000 -10000000000.0000;
031:  0.0100   0.0290   0.0520   0.0800   0.1200   0.1670   0.2310   0.3070   0.3760   0.4530   0.5600   0.6870   0.8010   0.9210   1.0510 -10000000000.0000 -10000000000.0000 -10000000000.0000 -10000000000.0000 -10000000000.0000 -10000000000.0000 -10000000000.0000 -10000000000.0000;
032:  0.0100   0.0300   0.0520   0.0800   0.1200   0.1670   0.2320   0.3070   0.3760   0.4530   0.5590   0.6870   0.8010   0.9220   1.0520 -10000000000.0000 -10000000000.0000 -10000000000.0000 -10000000000.0000 -10000000000.0000 -10000000000.0000 -10000000000.0000 -10000000000.0000;
033:  0.0100   0.0300   0.0520   0.0800   0.1200   0.1670   0.2310   0.3070   0.3760   0.4530   0.5590   0.6860   0.8020   0.9230   1.0530 -10000000000.0000 -10000000000.0000 -10000000000.0000 -10000000000.0000 -10000000000.0000 -10000000000.0000 -10000000000.0000 -10000000000.0000;
034:  0.0100   0.0290   0.0510   0.0800   0.1200   0.1670   0.2310   0.3070   0.3760   0.4520   0.5580   0.6850   0.8020   0.9230   1.0540 -10000000000.0000 -10000000000.0000 -10000000000.0000 -10000000000.0000 -10000000000.0000 -10000000000.0000 -10000000000.0000 -10000000000.0000;
035:  0.0100   0.0290   0.0520   0.0800   0.1200   0.1670   0.2310   0.3070   0.3760   0.4520   0.5570   0.6840   0.8020   0.9240   1.0550 -10000000000.0000 -10000000000.0000 -10000000000.0000 -10000000000.0000 -10000000000.0000 -10000000000.0000 -10000000000.0000 -10000000000.0000;
036:  0.0100   0.0290   0.0510   0.0800   0.1200   0.1670   0.2310   0.3070   0.3750   0.4510   0.5560   0.6840   0.8030   0.9250   1.0560 -10000000000.0000 -10000000000.0000 -10000000000.0000 -10000000000.0000 -10000000000.0000 -10000000000.0000 -10000000000.0000 -10000000000.0000;
037:  0.0100   0.0290   0.0510   0.0800   0.1200   0.1670   0.2310   0.3070   0.3750   0.4500   0.5540   0.6840   0.8030   0.9250   1.0580 -10000000000.0000 -10000000000.0000 -10000000000.0000 -10000000000.0000 -10000000000.0000 -10000000000.0000 -10000000000.0000 -10000000000.0000;
038:  0.0090   0.0290   0.0510   0.0800   0.1190   0.1660   0.2310   0.3070   0.3750   0.4500   0.5530   0.6830   0.8030   0.9250   1.0590 -10000000000.0000 -10000000000.0000 -10000000000.0000 -10000000000.0000 -10000000000.0000 -10000000000.0000 -10000000000.0000 -10000000000.0000;
039:  0.0100   0.0290   0.0510   0.0800   0.1190   0.1660   0.2310   0.3070   0.3750   0.4490   0.5530   0.6830   0.8030   0.9270   1.0610 -10000000000.0000 -10000000000.0000 -10000000000.0000 -10000000000.0000 -10000000000.0000 -10000000000.0000 -10000000000.0000 -10000000000.0000;
040:  0.0090   0.0290   0.0510   0.0800   0.1190   0.1660   0.2310   0.3070   0.3750   0.4490   0.5520   0.6830   0.8030   0.9270   1.0620 -10000000000.0000 -10000000000.0000 -10000000000.0000 -10000000000.0000 -10000000000.0000 -10000000000.0000 -10000000000.0000 -10000000000.0000;
041:  0.0090   0.0290   0.0510   0.0800   0.1190   0.1660   0.2310   0.3070   0.3750   0.4480   0.5520   0.6820   0.8030   0.9270   1.0630 -10000000000.0000 -10000000000.0000 -10000000000.0000 -10000000000.0000 -10000000000.0000 -10000000000.0000 -10000000000.0000 -10000000000.0000;
042:  0.0100   0.0300   0.0520   0.0800   0.1200   0.1670   0.2310   0.3070   0.3760   0.4480   0.5520   0.6830   0.8040   0.9290 -10000000000.0000 -10000000000.0000 -10000000000.0000 -10000000000.0000 -10000000000.0000 -10000000000.0000 -10000000000.0000 -10000000000.0000 -10000000000.0000;
043:  0.0100   0.0300   0.0520   0.0800   0.1190   0.1670   0.2310   0.3080   0.3760   0.4480   0.5520   0.6830   0.8040   0.9290 -10000000000.0000 -10000000000.0000 -10000000000.0000 -10000000000.0000 -10000000000.0000 -10000000000.0000 -10000000000.0000 -10000000000.0000 -10000000000.0000;
044:  0.0100   0.0300   0.0520   0.0800   0.1200   0.1670   0.2310   0.3070   0.3760   0.4480   0.5520   0.6840   0.8050   0.9290 -10000000000.0000 -10000000000.0000 -10000000000.0000 -10000000000.0000 -10000000000.0000 -10000000000.0000 -10000000000.0000 -10000000000.0000 -10000000000.0000;
045:  0.0110   0.0300   0.0520   0.0810   0.1200   0.1670   0.2320   0.3080   0.3770   0.4490   0.5520   0.6850   0.8050 -10000000000.0000 -10000000000.0000 -10000000000.0000 -10000000000.0000 -10000000000.0000 -10000000000.0000 -10000000000.0000 -10000000000.0000 -10000000000.0000 -10000000000.0000;
046:  0.0100   0.0300   0.0520   0.0810   0.1200   0.1670   0.2320   0.3080   0.3760   0.4480   0.5520   0.6840 -10000000000.0000 -10000000000.0000 -10000000000.0000 -10000000000.0000 -10000000000.0000 -10000000000.0000 -10000000000.0000 -10000000000.0000 -10000000000.0000 -10000000000.0000 -10000000000.0000;
047:  0.0110   0.0300   0.0520   0.0810   0.1200   0.1670   0.2320   0.3080   0.3760   0.4480   0.5520   0.6840 -10000000000.0000 -10000000000.0000 -10000000000.0000 -10000000000.0000 -10000000000.0000 -10000000000.0000 -10000000000.0000 -10000000000.0000 -10000000000.0000 -10000000000.0000 -10000000000.0000;
048:  0.0110   0.0300   0.0520   0.0810   0.1200   0.1670   0.2310   0.3070   0.3760   0.4480   0.5520   0.6840 -10000000000.0000 -10000000000.0000 -10000000000.0000 -10000000000.0000 -10000000000.0000 -10000000000.0000 -10000000000.0000 -10000000000.0000 -10000000000.0000 -10000000000.0000 -10000000000.0000;
049:  0.0110   0.0300   0.0520   0.0810   0.1200   0.1670   0.2320   0.3070   0.3760   0.4490   0.5530   0.6840 -10000000000.0000 -10000000000.0000 -10000000000.0000 -10000000000.0000 -10000000000.0000 -10000000000.0000 -10000000000.0000 -10000000000.0000 -10000000000.0000 -10000000000.0000 -10000000000.0000;
050:  0.0110   0.0300   0.0520   0.0810   0.1200   0.1670   0.2320   0.3070   0.3760   0.4490   0.5530   0.6830 -10000000000.0000 -10000000000.0000 -10000000000.0000 -10000000000.0000 -10000000000.0000 -10000000000.0000 -10000000000.0000 -10000000000.0000 -10000000000.0000 -10000000000.0000 -10000000000.0000;
051:  0.0110   0.0300   0.0520   0.0800   0.1200   0.1670   0.2310   0.3070   0.3760   0.4490   0.5540   0.6830 -10000000000.0000 -10000000000.0000 -10000000000.0000 -10000000000.0000 -10000000000.0000 -10000000000.0000 -10000000000.0000 -10000000000.0000 -10000000000.0000 -10000000000.0000 -10000000000.0000;
052:  0.0110   0.0300   0.0520   0.0810   0.1200   0.1670   0.2310   0.3070   0.3760   0.4500   0.5540   0.6830 -10000000000.0000 -10000000000.0000 -10000000000.0000 -10000000000.0000 -10000000000.0000 -10000000000.0000 -10000000000.0000 -10000000000.0000 -10000000000.0000 -10000000000.0000 -10000000000.0000;
053:  0.0110   0.0300   0.0520   0.0810   0.1200   0.1670   0.2320   0.3070   0.3760   0.4500   0.5550   0.6820 -10000000000.0000 -10000000000.0000 -10000000000.0000 -10000000000.0000 -10000000000.0000 -10000000000.0000 -10000000000.0000 -10000000000.0000 -10000000000.0000 -10000000000.0000 -10000000000.0000;
054:  0.0110   0.0300   0.0520   0.0810   0.1200   0.1670   0.2310   0.3070   0.3760   0.4510   0.5560   0.6820 -10000000000.0000 -10000000000.0000 -10000000000.0000 -10000000000.0000 -10000000000.0000 -10000000000.0000 -10000000000.0000 -10000000000.0000 -10000000000.0000 -10000000000.0000 -10000000000.0000;
055:  0.0110   0.0300   0.0520   0.0800   0.1200   0.1670   0.2310   0.3070   0.3750   0.4510   0.5560   0.6810 -10000000000.0000 -10000000000.0000 -10000000000.0000 -10000000000.0000 -10000000000.0000 -10000000000.0000 -10000000000.0000 -10000000000.0000 -10000000000.0000 -10000000000.0000 -10000000000.0000;
056:  0.0110   0.0300   0.0520   0.0800   0.1200   0.1670   0.2310   0.3070   0.3750   0.4510   0.5570   0.6800 -10000000000.0000 -10000000000.0000 -10000000000.0000 -10000000000.0000 -10000000000.0000 -10000000000.0000 -10000000000.0000 -10000000000.0000 -10000000000.0000 -10000000000.0000 -10000000000.0000;
057:  0.0110   0.0300   0.0520   0.0810   0.1200   0.1670   0.2320   0.3070   0.3750   0.4520   0.5580   0.6800 -10000000000.0000 -10000000000.0000 -10000000000.0000 -10000000000.0000 -10000000000.0000 -10000000000.0000 -10000000000.0000 -10000000000.0000 -10000000000.0000 -10000000000.0000 -10000000000.0000;
058:  0.0110   0.0300   0.0520   0.0810   0.1200   0.1670   0.2310   0.3060   0.3750   0.4520   0.5580   0.6790 -10000000000.0000 -10000000000.0000 -10000000000.0000 -10000000000.0000 -10000000000.0000 -10000000000.0000 -10000000000.0000 -10000000000.0000 -10000000000.0000 -10000000000.0000 -10000000000.0000;
059:  0.0110   0.0300   0.0520   0.0800   0.1200   0.1670   0.2310   0.3060   0.3750   0.4520   0.5580   0.6770 -10000000000.0000 -10000000000.0000 -10000000000.0000 -10000000000.0000 -10000000000.0000 -10000000000.0000 -10000000000.0000 -10000000000.0000 -10000000000.0000 -10000000000.0000 -10000000000.0000;
060:  0.0110   0.0300   0.0520   0.0800   0.1190   0.1670   0.2310   0.3060   0.3740   0.4520   0.5580   0.6760 -10000000000.0000 -10000000000.0000 -10000000000.0000 -10000000000.0000 -10000000000.0000 -10000000000.0000 -10000000000.0000 -10000000000.0000 -10000000000.0000 -10000000000.0000 -10000000000.0000;
061:  0.0090   0.0280   0.0500   0.0790   0.1180   0.1650   0.2300   0.3050   0.3730   0.4510   0.5560 -10000000000.0000 -10000000000.0000 -10000000000.0000 -10000000000.0000 -10000000000.0000 -10000000000.0000 -10000000000.0000 -10000000000.0000 -10000000000.0000 -10000000000.0000 -10000000000.0000 -10000000000.0000;
062:  0.0090   0.0280   0.0500   0.0790   0.1180   0.1650   0.2290   0.3040   0.3730   0.4510   0.5560 -10000000000.0000 -10000000000.0000 -10000000000.0000 -10000000000.0000 -10000000000.0000 -10000000000.0000 -10000000000.0000 -10000000000.0000 -10000000000.0000 -10000000000.0000 -10000000000.0000 -10000000000.0000;
063:  0.0090   0.0280   0.0500   0.0790   0.1170   0.1650   0.2290   0.3040   0.3730   0.4510   0.5560 -10000000000.0000 -10000000000.0000 -10000000000.0000 -10000000000.0000 -10000000000.0000 -10000000000.0000 -10000000000.0000 -10000000000.0000 -10000000000.0000 -10000000000.0000 -10000000000.0000 -10000000000.0000;
064:  0.0090   0.0280   0.0500   0.0780   0.1170   0.1640   0.2290   0.3040   0.3720   0.4510   0.5550 -10000000000.0000 -10000000000.0000 -10000000000.0000 -10000000000.0000 -10000000000.0000 -10000000000.0000 -10000000000.0000 -10000000000.0000 -10000000000.0000 -10000000000.0000 -10000000000.0000 -10000000000.0000;
065:  0.0090   0.0280   0.0500   0.0780   0.1170   0.1640   0.2290   0.3040   0.3720   0.4510   0.5540 -10000000000.0000 -10000000000.0000 -10000000000.0000 -10000000000.0000 -10000000000.0000 -10000000000.0000 -10000000000.0000 -10000000000.0000 -10000000000.0000 -10000000000.0000 -10000000000.0000 -10000000000.0000;
066:  0.0090   0.0280   0.0500   0.0780   0.1170   0.1650   0.2290   0.3040   0.3730   0.4510   0.5540 -10000000000.0000 -10000000000.0000 -10000000000.0000 -10000000000.0000 -10000000000.0000 -10000000000.0000 -10000000000.0000 -10000000000.0000 -10000000000.0000 -10000000000.0000 -10000000000.0000 -10000000000.0000;
067:  0.0090   0.0280   0.0500   0.0780   0.1170   0.1650   0.2290   0.3040   0.3730   0.4510   0.5540 -10000000000.0000 -10000000000.0000 -10000000000.0000 -10000000000.0000 -10000000000.0000 -10000000000.0000 -10000000000.0000 -10000000000.0000 -10000000000.0000 -10000000000.0000 -10000000000.0000 -10000000000.0000;
068:  0.0090   0.0280   0.0500   0.0780   0.1170   0.1640   0.2290   0.3030   0.3730   0.4510   0.5520 -10000000000.0000 -10000000000.0000 -10000000000.0000 -10000000000.0000 -10000000000.0000 -10000000000.0000 -10000000000.0000 -10000000000.0000 -10000000000.0000 -10000000000.0000 -10000000000.0000 -10000000000.0000;
069:  0.0090   0.0280   0.0500   0.0780   0.1170   0.1640   0.2290   0.3030   0.3730   0.4510   0.5510 -10000000000.0000 -10000000000.0000 -10000000000.0000 -10000000000.0000 -10000000000.0000 -10000000000.0000 -10000000000.0000 -10000000000.0000 -10000000000.0000 -10000000000.0000 -10000000000.0000 -10000000000.0000;
070:  0.0090   0.0280   0.0500   0.0780   0.1170   0.1640   0.2290   0.3030   0.3730   0.4510   0.5500 -10000000000.0000 -10000000000.0000 -10000000000.0000 -10000000000.0000 -10000000000.0000 -10000000000.0000 -10000000000.0000 -10000000000.0000 -10000000000.0000 -10000000000.0000 -10000000000.0000 -10000000000.0000;
071:  0.0080   0.0280   0.0500   0.0780   0.1160   0.1640   0.2280   0.3030   0.3730   0.4510   0.5490 -10000000000.0000 -10000000000.0000 -10000000000.0000 -10000000000.0000 -10000000000.0000 -10000000000.0000 -10000000000.0000 -10000000000.0000 -10000000000.0000 -10000000000.0000 -10000000000.0000 -10000000000.0000;
072:  0.0080   0.0280   0.0500   0.0780   0.1160   0.1640   0.2280   0.3020   0.3730   0.4510   0.5480 -10000000000.0000 -10000000000.0000 -10000000000.0000 -10000000000.0000 -10000000000.0000 -10000000000.0000 -10000000000.0000 -10000000000.0000 -10000000000.0000 -10000000000.0000 -10000000000.0000 -10000000000.0000;
073:  0.0080   0.0280   0.0500   0.0780   0.1160   0.1630   0.2280   0.3020   0.3720   0.4510   0.5470 -10000000000.0000 -10000000000.0000 -10000000000.0000 -10000000000.0000 -10000000000.0000 -10000000000.0000 -10000000000.0000 -10000000000.0000 -10000000000.0000 -10000000000.0000 -10000000000.0000 -10000000000.0000;
074:  0.0080   0.0280   0.0500   0.0780   0.1160   0.1630   0.2280   0.3010   0.3720   0.4510   0.5450 -10000000000.0000 -10000000000.0000 -10000000000.0000 -10000000000.0000 -10000000000.0000 -10000000000.0000 -10000000000.0000 -10000000000.0000 -10000000000.0000 -10000000000.0000 -10000000000.0000 -10000000000.0000;
075:  0.0080   0.0280   0.0500   0.0780   0.1160   0.1630   0.2270   0.3010   0.3720   0.4510   0.5440 -10000000000.0000 -10000000000.0000 -10000000000.0000 -10000000000.0000 -10000000000.0000 -10000000000.0000 -10000000000.0000 -10000000000.0000 -10000000000.0000 -10000000000.0000 -10000000000.0000 -10000000000.0000;
076:  0.0080   0.0280   0.0490   0.0770   0.1160   0.1630   0.2270   0.3010   0.3720   0.4510   0.5430 -10000000000.0000 -10000000000.0000 -10000000000.0000 -10000000000.0000 -10000000000.0000 -10000000000.0000 -10000000000.0000 -10000000000.0000 -10000000000.0000 -10000000000.0000 -10000000000.0000 -10000000000.0000;
077:  0.0080   0.0270   0.0490   0.0770   0.1160   0.1630   0.2270   0.3000   0.3720   0.4500   0.5420 -10000000000.0000 -10000000000.0000 -10000000000.0000 -10000000000.0000 -10000000000.0000 -10000000000.0000 -10000000000.0000 -10000000000.0000 -10000000000.0000 -10000000000.0000 -10000000000.0000 -10000000000.0000;
078:  0.0080   0.0280   0.0490   0.0770   0.1160   0.1630   0.2270   0.3000   0.3710   0.4500   0.5410 -10000000000.0000 -10000000000.0000 -10000000000.0000 -10000000000.0000 -10000000000.0000 -10000000000.0000 -10000000000.0000 -10000000000.0000 -10000000000.0000 -10000000000.0000 -10000000000.0000 -10000000000.0000;
079:  0.0080   0.0270   0.0490   0.0770   0.1160   0.1620   0.2270   0.3000   0.3710   0.4500   0.5410 -10000000000.0000 -10000000000.0000 -10000000000.0000 -10000000000.0000 -10000000000.0000 -10000000000.0000 -10000000000.0000 -10000000000.0000 -10000000000.0000 -10000000000.0000 -10000000000.0000 -10000000000.0000;
080:  0.0080   0.0280   0.0490   0.0770   0.1160   0.1620   0.2270   0.2990   0.3700   0.4490   0.5390 -10000000000.0000 -10000000000.0000 -10000000000.0000 -10000000000.0000 -10000000000.0000 -10000000000.0000 -10000000000.0000 -10000000000.0000 -10000000000.0000 -10000000000.0000 -10000000000.0000 -10000000000.0000;
081:  0.0080   0.0270   0.0490   0.0770   0.1150   0.1620   0.2260   0.2990   0.3700   0.4490   0.5390 -10000000000.0000 -10000000000.0000 -10000000000.0000 -10000000000.0000 -10000000000.0000 -10000000000.0000 -10000000000.0000 -10000000000.0000 -10000000000.0000 -10000000000.0000 -10000000000.0000 -10000000000.0000;
082:  0.0080   0.0270   0.0490   0.0770   0.1150   0.1620   0.2260   0.2990   0.3700   0.4490   0.5390 -10000000000.0000 -10000000000.0000 -10000000000.0000 -10000000000.0000 -10000000000.0000 -10000000000.0000 -10000000000.0000 -10000000000.0000 -10000000000.0000 -10000000000.0000 -10000000000.0000 -10000000000.0000;
083:  0.0080   0.0270   0.0490   0.0770   0.1150   0.1620   0.2260   0.2990   0.3690   0.4480   0.5390 -10000000000.0000 -10000000000.0000 -10000000000.0000 -10000000000.0000 -10000000000.0000 -10000000000.0000 -10000000000.0000 -10000000000.0000 -10000000000.0000 -10000000000.0000 -10000000000.0000 -10000000000.0000;
084:  0.0080   0.0270   0.0490   0.0770   0.1150   0.1620   0.2260   0.2980   0.3690   0.4480   0.5390 -10000000000.0000 -10000000000.0000 -10000000000.0000 -10000000000.0000 -10000000000.0000 -10000000000.0000 -10000000000.0000 -10000000000.0000 -10000000000.0000 -10000000000.0000 -10000000000.0000 -10000000000.0000;
085:  0.0080   0.0270   0.0490   0.0770   0.1150   0.1620   0.2260   0.2980   0.3690   0.4480   0.5390 -10000000000.0000 -10000000000.0000 -10000000000.0000 -10000000000.0000 -10000000000.0000 -10000000000.0000 -10000000000.0000 -10000000000.0000 -10000000000.0000 -10000000000.0000 -10000000000.0000 -10000000000.0000;
086:  0.0080   0.0270   0.0490   0.0770   0.1150   0.1620   0.2260   0.2980   0.3690   0.4470   0.5390 -10000000000.0000 -10000000000.0000 -10000000000.0000 -10000000000.0000 -10000000000.0000 -10000000000.0000 -10000000000.0000 -10000000000.0000 -10000000000.0000 -10000000000.0000 -10000000000.0000 -10000000000.0000;
087:  0.0080   0.0270   0.0490   0.0770   0.1150   0.1620   0.2260   0.2980   0.3690   0.4470   0.5390 -10000000000.0000 -10000000000.0000 -10000000000.0000 -10000000000.0000 -10000000000.0000 -10000000000.0000 -10000000000.0000 -10000000000.0000 -10000000000.0000 -10000000000.0000 -10000000000.0000 -10000000000.0000;
088:  0.0080   0.0270   0.0490   0.0770   0.1150   0.1620   0.2250   0.2980   0.3680   0.4470   0.5390 -10000000000.0000 -10000000000.0000 -10000000000.0000 -10000000000.0000 -10000000000.0000 -10000000000.0000 -10000000000.0000 -10000000000.0000 -10000000000.0000 -10000000000.0000 -10000000000.0000 -10000000000.0000;
089:  0.0080   0.0270   0.0490   0.0770   0.1150   0.1610   0.2250   0.2980   0.3680   0.4460   0.5390 -10000000000.0000 -10000000000.0000 -10000000000.0000 -10000000000.0000 -10000000000.0000 -10000000000.0000 -10000000000.0000 -10000000000.0000 -10000000000.0000 -10000000000.0000 -10000000000.0000 -10000000000.0000;
090:  0.0080   0.0270   0.0490   0.0770   0.1150   0.1610   0.2250   0.2980   0.3680   0.4460   0.5390 -10000000000.0000 -10000000000.0000 -10000000000.0000 -10000000000.0000 -10000000000.0000 -10000000000.0000 -10000000000.0000 -10000000000.0000 -10000000000.0000 -10000000000.0000 -10000000000.0000 -10000000000.0000;
091:  0.0080   0.0270   0.0490   0.0770   0.1150   0.1620   0.2250   0.2980   0.3680   0.4460   0.5390 -10000000000.0000 -10000000000.0000 -10000000000.0000 -10000000000.0000 -10000000000.0000 -10000000000.0000 -10000000000.0000 -10000000000.0000 -10000000000.0000 -10000000000.0000 -10000000000.0000 -10000000000.0000;
092:  0.0080   0.0270   0.0490   0.0770   0.1150   0.1620   0.2250   0.2980   0.3680   0.4460   0.5400 -10000000000.0000 -10000000000.0000 -10000000000.0000 -10000000000.0000 -10000000000.0000 -10000000000.0000 -10000000000.0000 -10000000000.0000 -10000000000.0000 -10000000000.0000 -10000000000.0000 -10000000000.0000;
093:  0.0080   0.0270   0.0490   0.0770   0.1150   0.1620   0.2250   0.2980   0.3680   0.4470   0.5400 -10000000000.0000 -10000000000.0000 -10000000000.0000 -10000000000.0000 -10000000000.0000 -10000000000.0000 -10000000000.0000 -10000000000.0000 -10000000000.0000 -10000000000.0000 -10000000000.0000 -10000000000.0000;
094:  0.0080   0.0270   0.0490   0.0770   0.1150   0.1610   0.2250   0.2980   0.3680   0.4460   0.5400 -10000000000.0000 -10000000000.0000 -10000000000.0000 -10000000000.0000 -10000000000.0000 -10000000000.0000 -10000000000.0000 -10000000000.0000 -10000000000.0000 -10000000000.0000 -10000000000.0000 -10000000000.0000;
095:  0.0080   0.0270   0.0480   0.0770   0.1150   0.1610   0.2250   0.2980   0.3680   0.4460   0.5400 -10000000000.0000 -10000000000.0000 -10000000000.0000 -10000000000.0000 -10000000000.0000 -10000000000.0000 -10000000000.0000 -10000000000.0000 -10000000000.0000 -10000000000.0000 -10000000000.0000 -10000000000.0000;
096:  0.0080   0.0270   0.0480   0.0760   0.1150   0.1610   0.2250   0.2980   0.3680   0.4460   0.5400 -10000000000.0000 -10000000000.0000 -10000000000.0000 -10000000000.0000 -10000000000.0000 -10000000000.0000 -10000000000.0000 -10000000000.0000 -10000000000.0000 -10000000000.0000 -10000000000.0000 -10000000000.0000;
097:  0.0080   0.0270   0.0490   0.0770   0.1150   0.1610   0.2250   0.2970   0.3680   0.4460   0.5400 -10000000000.0000 -10000000000.0000 -10000000000.0000 -10000000000.0000 -10000000000.0000 -10000000000.0000 -10000000000.0000 -10000000000.0000 -10000000000.0000 -10000000000.0000 -10000000000.0000 -10000000000.0000;
098:  0.0080   0.0270   0.0490   0.0770   0.1150   0.1610   0.2250   0.2970   0.3680   0.4460   0.5400 -10000000000.0000 -10000000000.0000 -10000000000.0000 -10000000000.0000 -10000000000.0000 -10000000000.0000 -10000000000.0000 -10000000000.0000 -10000000000.0000 -10000000000.0000 -10000000000.0000 -10000000000.0000;
099:  0.0080   0.0270   0.0490   0.0770   0.1150   0.1610   0.2250   0.2970   0.3680   0.4460   0.5400 -10000000000.0000 -10000000000.0000 -10000000000.0000 -10000000000.0000 -10000000000.0000 -10000000000.0000 -10000000000.0000 -10000000000.0000 -10000000000.0000 -10000000000.0000 -10000000000.0000 -10000000000.0000;
100:  0.0080   0.0270   0.0490   0.0770   0.1150   0.1610   0.2250   0.2970   0.3680   0.4460   0.5390 -10000000000.0000 -10000000000.0000 -10000000000.0000 -10000000000.0000 -10000000000.0000 -10000000000.0000 -10000000000.0000 -10000000000.0000 -10000000000.0000 -10000000000.0000 -10000000000.0000 -10000000000.0000;
101:  0.0080   0.0270   0.0490   0.0770   0.1150   0.1610   0.2250   0.2970   0.3680   0.4460   0.5390 -10000000000.0000 -10000000000.0000 -10000000000.0000 -10000000000.0000 -10000000000.0000 -10000000000.0000 -10000000000.0000 -10000000000.0000 -10000000000.0000 -10000000000.0000 -10000000000.0000 -10000000000.0000;
102:  0.0080   0.0270   0.0490   0.0770   0.1150   0.1620   0.2250   0.2980   0.3680   0.4460   0.5390 -10000000000.0000 -10000000000.0000 -10000000000.0000 -10000000000.0000 -10000000000.0000 -10000000000.0000 -10000000000.0000 -10000000000.0000 -10000000000.0000 -10000000000.0000 -10000000000.0000 -10000000000.0000;
103:  0.0080   0.0270   0.0490   0.0770   0.1150   0.1620   0.2250   0.2980   0.3680   0.4460   0.5390 -10000000000.0000 -10000000000.0000 -10000000000.0000 -10000000000.0000 -10000000000.0000 -10000000000.0000 -10000000000.0000 -10000000000.0000 -10000000000.0000 -10000000000.0000 -10000000000.0000 -10000000000.0000;
104:  0.0080   0.0270   0.0490   0.0770   0.1150   0.1620   0.2250   0.2970   0.3670   0.4450   0.5390 -10000000000.0000 -10000000000.0000 -10000000000.0000 -10000000000.0000 -10000000000.0000 -10000000000.0000 -10000000000.0000 -10000000000.0000 -10000000000.0000 -10000000000.0000 -10000000000.0000 -10000000000.0000;
105:  0.0080   0.0270   0.0490   0.0770   0.1150   0.1610   0.2250   0.2970   0.3670   0.4450   0.5390 -10000000000.0000 -10000000000.0000 -10000000000.0000 -10000000000.0000 -10000000000.0000 -10000000000.0000 -10000000000.0000 -10000000000.0000 -10000000000.0000 -10000000000.0000 -10000000000.0000 -10000000000.0000;
106:  0.0080   0.0270   0.0490   0.0770   0.1150   0.1610   0.2250   0.2980   0.3670   0.4450   0.5390 -10000000000.0000 -10000000000.0000 -10000000000.0000 -10000000000.0000 -10000000000.0000 -10000000000.0000 -10000000000.0000 -10000000000.0000 -10000000000.0000 -10000000000.0000 -10000000000.0000 -10000000000.0000;
107:  0.0080   0.0270   0.0490   0.0770   0.1150   0.1610   0.2250   0.2980   0.3670   0.4450   0.5390 -10000000000.0000 -10000000000.0000 -10000000000.0000 -10000000000.0000 -10000000000.0000 -10000000000.0000 -10000000000.0000 -10000000000.0000 -10000000000.0000 -10000000000.0000 -10000000000.0000 -10000000000.0000;
108:  0.0080   0.0270   0.0490   0.0770   0.1150   0.1620   0.2250   0.2980   0.3680   0.4450   0.5390 -10000000000.0000 -10000000000.0000 -10000000000.0000 -10000000000.0000 -10000000000.0000 -10000000000.0000 -10000000000.0000 -10000000000.0000 -10000000000.0000 -10000000000.0000 -10000000000.0000 -10000000000.0000;
109:  0.0080   0.0270   0.0490   0.0770   0.1160   0.1620   0.2250   0.2980   0.3680   0.4450   0.5390 -10000000000.0000 -10000000000.0000 -10000000000.0000 -10000000000.0000 -10000000000.0000 -10000000000.0000 -10000000000.0000 -10000000000.0000 -10000000000.0000 -10000000000.0000 -10000000000.0000 -10000000000.0000;
110:  0.0080   0.0270   0.0490   0.0770   0.1160   0.1620   0.2250   0.2990   0.3680   0.4450   0.5400 -10000000000.0000 -10000000000.0000 -10000000000.0000 -10000000000.0000 -10000000000.0000 -10000000000.0000 -10000000000.0000 -10000000000.0000 -10000000000.0000 -10000000000.0000 -10000000000.0000 -10000000000.0000;
111:  0.0080   0.0270   0.0490   0.0770   0.1160   0.1620   0.2260   0.2990   0.3680   0.4450   0.5400 -10000000000.0000 -10000000000.0000 -10000000000.0000 -10000000000.0000 -10000000000.0000 -10000000000.0000 -10000000000.0000 -10000000000.0000 -10000000000.0000 -10000000000.0000 -10000000000.0000 -10000000000.0000;
112:  0.0080   0.0280   0.0490   0.0770   0.1160   0.1620   0.2260   0.2990   0.3680   0.4450   0.5410 -10000000000.0000 -10000000000.0000 -10000000000.0000 -10000000000.0000 -10000000000.0000 -10000000000.0000 -10000000000.0000 -10000000000.0000 -10000000000.0000 -10000000000.0000 -10000000000.0000 -10000000000.0000;
113:  0.0080   0.0270   0.0490   0.0770   0.1160   0.1620   0.2260   0.2990   0.3690   0.4450   0.5410 -10000000000.0000 -10000000000.0000 -10000000000.0000 -10000000000.0000 -10000000000.0000 -10000000000.0000 -10000000000.0000 -10000000000.0000 -10000000000.0000 -10000000000.0000 -10000000000.0000 -10000000000.0000;
114:  0.0080   0.0270   0.0490   0.0770   0.1160   0.1620   0.2260   0.3000   0.3690   0.4440   0.5410 -10000000000.0000 -10000000000.0000 -10000000000.0000 -10000000000.0000 -10000000000.0000 -10000000000.0000 -10000000000.0000 -10000000000.0000 -10000000000.0000 -10000000000.0000 -10000000000.0000 -10000000000.0000;
115:  0.0080   0.0270   0.0490   0.0770   0.1160   0.1620   0.2260   0.3000   0.3690   0.4440   0.5420 -10000000000.0000 -10000000000.0000 -10000000000.0000 -10000000000.0000 -10000000000.0000 -10000000000.0000 -10000000000.0000 -10000000000.0000 -10000000000.0000 -10000000000.0000 -10000000000.0000 -10000000000.0000;
116:  0.0080   0.0280   0.0490   0.0780   0.1160   0.1630   0.2260   0.3000   0.3690   0.4440   0.5420 -10000000000.0000 -10000000000.0000 -10000000000.0000 -10000000000.0000 -10000000000.0000 -10000000000.0000 -10000000000.0000 -10000000000.0000 -10000000000.0000 -10000000000.0000 -10000000000.0000 -10000000000.0000;
117:  0.0080   0.0280   0.0490   0.0780   0.1160   0.1630   0.2260   0.3000   0.3690   0.4440   0.5420 -10000000000.0000 -10000000000.0000 -10000000000.0000 -10000000000.0000 -10000000000.0000 -10000000000.0000 -10000000000.0000 -10000000000.0000 -10000000000.0000 -10000000000.0000 -10000000000.0000 -10000000000.0000;
118:  0.0110   0.0300   0.0520   0.0800   0.1190   0.1650   0.2290   0.3030   0.3710   0.4470   0.5450   0.6510 -10000000000.0000 -10000000000.0000 -10000000000.0000 -10000000000.0000 -10000000000.0000 -10000000000.0000 -10000000000.0000 -10000000000.0000 -10000000000.0000 -10000000000.0000 -10000000000.0000;
119:  0.0110   0.0300   0.0520   0.0800   0.1190   0.1650   0.2290   0.3030   0.3710   0.4460   0.5460   0.6520 -10000000000.0000 -10000000000.0000 -10000000000.0000 -10000000000.0000 -10000000000.0000 -10000000000.0000 -10000000000.0000 -10000000000.0000 -10000000000.0000 -10000000000.0000 -10000000000.0000;
120:  0.0110   0.0300   0.0520   0.0800   0.1190   0.1650   0.2290   0.3030   0.3710   0.4460   0.5460   0.6530 -10000000000.0000 -10000000000.0000 -10000000000.0000 -10000000000.0000 -10000000000.0000 -10000000000.0000 -10000000000.0000 -10000000000.0000 -10000000000.0000 -10000000000.0000 -10000000000.0000;
121:  0.0110   0.0300   0.0520   0.0800   0.1180   0.1650   0.2280   0.3030   0.3710   0.4460   0.5460   0.6540 -10000000000.0000 -10000000000.0000 -10000000000.0000 -10000000000.0000 -10000000000.0000 -10000000000.0000 -10000000000.0000 -10000000000.0000 -10000000000.0000 -10000000000.0000 -10000000000.0000;
122:  0.0110   0.0300   0.0520   0.0800   0.1190   0.1650   0.2290   0.3030   0.3700   0.4450   0.5460   0.6560 -10000000000.0000 -10000000000.0000 -10000000000.0000 -10000000000.0000 -10000000000.0000 -10000000000.0000 -10000000000.0000 -10000000000.0000 -10000000000.0000 -10000000000.0000 -10000000000.0000;
123:  0.0110   0.0300   0.0520   0.0800   0.1190   0.1650   0.2290   0.3030   0.3700   0.4450   0.5460   0.6570 -10000000000.0000 -10000000000.0000 -10000000000.0000 -10000000000.0000 -10000000000.0000 -10000000000.0000 -10000000000.0000 -10000000000.0000 -10000000000.0000 -10000000000.0000 -10000000000.0000;
124:  0.0110   0.0300   0.0520   0.0800   0.1190   0.1650   0.2290   0.3030   0.3710   0.4450   0.5460   0.6580 -10000000000.0000 -10000000000.0000 -10000000000.0000 -10000000000.0000 -10000000000.0000 -10000000000.0000 -10000000000.0000 -10000000000.0000 -10000000000.0000 -10000000000.0000 -10000000000.0000;
125:  0.0110   0.0300   0.0520   0.0800   0.1190   0.1660   0.2290   0.3040   0.3710   0.4450   0.5460   0.6600 -10000000000.0000 -10000000000.0000 -10000000000.0000 -10000000000.0000 -10000000000.0000 -10000000000.0000 -10000000000.0000 -10000000000.0000 -10000000000.0000 -10000000000.0000 -10000000000.0000;
126:  0.0110   0.0300   0.0520   0.0800   0.1190   0.1650   0.2290   0.3030   0.3700   0.4450   0.5460   0.6600 -10000000000.0000 -10000000000.0000 -10000000000.0000 -10000000000.0000 -10000000000.0000 -10000000000.0000 -10000000000.0000 -10000000000.0000 -10000000000.0000 -10000000000.0000 -10000000000.0000;
127:  0.0110   0.0300   0.0520   0.0800   0.1190   0.1650   0.2290   0.3030   0.3700   0.4440   0.5460   0.6620 -10000000000.0000 -10000000000.0000 -10000000000.0000 -10000000000.0000 -10000000000.0000 -10000000000.0000 -10000000000.0000 -10000000000.0000 -10000000000.0000 -10000000000.0000 -10000000000.0000;
128:  0.0110   0.0300   0.0520   0.0800   0.1190   0.1660   0.2290   0.3040   0.3700   0.4440   0.5460   0.6630 -10000000000.0000 -10000000000.0000 -10000000000.0000 -10000000000.0000 -10000000000.0000 -10000000000.0000 -10000000000.0000 -10000000000.0000 -10000000000.0000 -10000000000.0000 -10000000000.0000;
129:  0.0110   0.0300   0.0520   0.0800   0.1190   0.1660   0.2300   0.3040   0.3700   0.4440   0.5460   0.6650 -10000000000.0000 -10000000000.0000 -10000000000.0000 -10000000000.0000 -10000000000.0000 -10000000000.0000 -10000000000.0000 -10000000000.0000 -10000000000.0000 -10000000000.0000 -10000000000.0000;
130:  0.0110   0.0300   0.0520   0.0800   0.1190   0.1660   0.2290   0.3040   0.3700   0.4440   0.5470   0.6660 -10000000000.0000 -10000000000.0000 -10000000000.0000 -10000000000.0000 -10000000000.0000 -10000000000.0000 -10000000000.0000 -10000000000.0000 -10000000000.0000 -10000000000.0000 -10000000000.0000;
131:  0.0110   0.0300   0.0520   0.0800   0.1190   0.1660   0.2300   0.3040   0.3710   0.4450   0.5470   0.6670 -10000000000.0000 -10000000000.0000 -10000000000.0000 -10000000000.0000 -10000000000.0000 -10000000000.0000 -10000000000.0000 -10000000000.0000 -10000000000.0000 -10000000000.0000 -10000000000.0000;
132:  0.0110   0.0300   0.0520   0.0800   0.1190   0.1660   0.2300   0.3040   0.3710   0.4450   0.5470   0.6680 -10000000000.0000 -10000000000.0000 -10000000000.0000 -10000000000.0000 -10000000000.0000 -10000000000.0000 -10000000000.0000 -10000000000.0000 -10000000000.0000 -10000000000.0000 -10000000000.0000;
133:  0.0120   0.0310   0.0530   0.0810   0.1200   0.1670   0.2310   0.3050   0.3720   0.4460   0.5490   0.6710   0.7840 -10000000000.0000 -10000000000.0000 -10000000000.0000 -10000000000.0000 -10000000000.0000 -10000000000.0000 -10000000000.0000 -10000000000.0000 -10000000000.0000 -10000000000.0000;
134:  0.0120   0.0310   0.0530   0.0810   0.1200   0.1670   0.2310   0.3050   0.3720   0.4460   0.5490   0.6710   0.7840 -10000000000.0000 -10000000000.0000 -10000000000.0000 -10000000000.0000 -10000000000.0000 -10000000000.0000 -10000000000.0000 -10000000000.0000 -10000000000.0000 -10000000000.0000;
135:  0.0120   0.0310   0.0530   0.0810   0.1200   0.1670   0.2310   0.3050   0.3720   0.4460   0.5500   0.6720   0.7840 -10000000000.0000 -10000000000.0000 -10000000000.0000 -10000000000.0000 -10000000000.0000 -10000000000.0000 -10000000000.0000 -10000000000.0000 -10000000000.0000 -10000000000.0000;
136:  0.0120   0.0310   0.0530   0.0810   0.1200   0.1670   0.2310   0.3060   0.3720   0.4470   0.5500   0.6730   0.7850 -10000000000.0000 -10000000000.0000 -10000000000.0000 -10000000000.0000 -10000000000.0000 -10000000000.0000 -10000000000.0000 -10000000000.0000 -10000000000.0000 -10000000000.0000;
137:  0.0120   0.0310   0.0530   0.0810   0.1200   0.1670   0.2310   0.3060   0.3720   0.4470   0.5500   0.6730   0.7850 -10000000000.0000 -10000000000.0000 -10000000000.0000 -10000000000.0000 -10000000000.0000 -10000000000.0000 -10000000000.0000 -10000000000.0000 -10000000000.0000 -10000000000.0000;
138:  0.0100   0.0290   0.0510   0.0800   0.1190   0.1660   0.2300   0.3040   0.3710   0.4450   0.5490   0.6720   0.7830   0.9000 -10000000000.0000 -10000000000.0000 -10000000000.0000 -10000000000.0000 -10000000000.0000 -10000000000.0000 -10000000000.0000 -10000000000.0000 -10000000000.0000;
139:  0.0100   0.0290   0.0510   0.0800   0.1190   0.1660   0.2300   0.3050   0.3710   0.4460   0.5490   0.6720   0.7840   0.9000 -10000000000.0000 -10000000000.0000 -10000000000.0000 -10000000000.0000 -10000000000.0000 -10000000000.0000 -10000000000.0000 -10000000000.0000 -10000000000.0000;
140:  0.0100   0.0290   0.0510   0.0800   0.1190   0.1660   0.2300   0.3050   0.3720   0.4470   0.5500   0.6730   0.7840   0.9000 -10000000000.0000 -10000000000.0000 -10000000000.0000 -10000000000.0000 -10000000000.0000 -10000000000.0000 -10000000000.0000 -10000000000.0000 -10000000000.0000;
141:  0.0100   0.0290   0.0520   0.0800   0.1190   0.1660   0.2300   0.3050   0.3720   0.4470   0.5500   0.6730   0.7840   0.8990 -10000000000.0000 -10000000000.0000 -10000000000.0000 -10000000000.0000 -10000000000.0000 -10000000000.0000 -10000000000.0000 -10000000000.0000 -10000000000.0000;
142:  0.0100   0.0290   0.0510   0.0800   0.1190   0.1660   0.2300   0.3050   0.3720   0.4470   0.5510   0.6730   0.7840   0.8990 -10000000000.0000 -10000000000.0000 -10000000000.0000 -10000000000.0000 -10000000000.0000 -10000000000.0000 -10000000000.0000 -10000000000.0000 -10000000000.0000;
143:  0.0090   0.0280   0.0510   0.0790   0.1180   0.1650   0.2290   0.3040   0.3710   0.4470   0.5500   0.6730   0.7830   0.8980   1.0290 -10000000000.0000 -10000000000.0000 -10000000000.0000 -10000000000.0000 -10000000000.0000 -10000000000.0000 -10000000000.0000 -10000000000.0000;
144:  0.0090   0.0290   0.0510   0.0790   0.1180   0.1650   0.2300   0.3050   0.3720   0.4480   0.5510   0.6730   0.7840   0.8990   1.0300 -10000000000.0000 -10000000000.0000 -10000000000.0000 -10000000000.0000 -10000000000.0000 -10000000000.0000 -10000000000.0000 -10000000000.0000;
145:  0.0100   0.0290   0.0510   0.0800   0.1190   0.1650   0.2300   0.3050   0.3720   0.4480   0.5520   0.6740   0.7850   0.9000   1.0300 -10000000000.0000 -10000000000.0000 -10000000000.0000 -10000000000.0000 -10000000000.0000 -10000000000.0000 -10000000000.0000 -10000000000.0000;
146:  0.0080   0.0270   0.0500   0.0780   0.1170   0.1640   0.2290   0.3040   0.3710   0.4470   0.5510   0.6730   0.7840   0.8990   1.0280   1.1680 -10000000000.0000 -10000000000.0000 -10000000000.0000 -10000000000.0000 -10000000000.0000 -10000000000.0000 -10000000000.0000;
147:  0.0080   0.0280   0.0500   0.0780   0.1180   0.1640   0.2290   0.3040   0.3720   0.4470   0.5510   0.6730   0.7840   0.8990   1.0290   1.1680 -10000000000.0000 -10000000000.0000 -10000000000.0000 -10000000000.0000 -10000000000.0000 -10000000000.0000 -10000000000.0000;
148:  0.0080   0.0280   0.0500   0.0790   0.1180   0.1650   0.2290   0.3040   0.3720   0.4480   0.5520   0.6740   0.7850   0.9000   1.0290   1.1680 -10000000000.0000 -10000000000.0000 -10000000000.0000 -10000000000.0000 -10000000000.0000 -10000000000.0000 -10000000000.0000;
149:  0.0080   0.0280   0.0500   0.0790   0.1180   0.1650   0.2290   0.3050   0.3720   0.4480   0.5530   0.6740   0.7860   0.9010   1.0300   1.1680 -10000000000.0000 -10000000000.0000 -10000000000.0000 -10000000000.0000 -10000000000.0000 -10000000000.0000 -10000000000.0000;
150:  0.0090   0.0280   0.0500   0.0790   0.1180   0.1650   0.2300   0.3050   0.3730   0.4490   0.5530   0.6740   0.7860   0.9020   1.0310   1.1690 -10000000000.0000 -10000000000.0000 -10000000000.0000 -10000000000.0000 -10000000000.0000 -10000000000.0000 -10000000000.0000;
151:  0.0090   0.0280   0.0500   0.0790   0.1180   0.1650   0.2290   0.3050   0.3730   0.4490   0.5530   0.6750   0.7870   0.9020   1.0300   1.1680 -10000000000.0000 -10000000000.0000 -10000000000.0000 -10000000000.0000 -10000000000.0000 -10000000000.0000 -10000000000.0000;
152:  0.0090   0.0280   0.0510   0.0790   0.1180   0.1660   0.2300   0.3060   0.3740   0.4500   0.5540   0.6760   0.7880   0.9030   1.0320   1.1690   1.3140 -10000000000.0000 -10000000000.0000 -10000000000.0000 -10000000000.0000 -10000000000.0000 -10000000000.0000;
153:  0.0090   0.0290   0.0510   0.0790   0.1190   0.1660   0.2300   0.3060   0.3740   0.4500   0.5550   0.6760   0.7880   0.9040   1.0320   1.1690   1.3150 -10000000000.0000 -10000000000.0000 -10000000000.0000 -10000000000.0000 -10000000000.0000 -10000000000.0000;
154:  0.0100   0.0290   0.0510   0.0800   0.1190   0.1660   0.2310   0.3070   0.3750   0.4510   0.5560   0.6770   0.7890   0.9050   1.0330   1.1700   1.3170   1.4860 -10000000000.0000 -10000000000.0000 -10000000000.0000 -10000000000.0000 -10000000000.0000;
155:  0.0100   0.0290   0.0510   0.0800   0.1190   0.1660   0.2310   0.3070   0.3750   0.4510   0.5560   0.6770   0.7900   0.9060   1.0340   1.1690   1.3170   1.4860 -10000000000.0000 -10000000000.0000 -10000000000.0000 -10000000000.0000 -10000000000.0000;
156:  0.0100   0.0290   0.0510   0.0800   0.1190   0.1670   0.2310   0.3070   0.3760   0.4520   0.5570   0.6780   0.7910   0.9070   1.0340   1.1700   1.3180   1.4860 -10000000000.0000 -10000000000.0000 -10000000000.0000 -10000000000.0000 -10000000000.0000;
157:  0.0100   0.0290   0.0510   0.0800   0.1190   0.1670   0.2310   0.3070   0.3760   0.4520   0.5580   0.6790   0.7910   0.9080   1.0350   1.1710   1.3200   1.4880 -10000000000.0000 -10000000000.0000 -10000000000.0000 -10000000000.0000 -10000000000.0000;
158:  0.0100   0.0290   0.0510   0.0800   0.1190   0.1670   0.2310   0.3070   0.3760   0.4520   0.5580   0.6790   0.7910   0.9080   1.0360   1.1710   1.3200   1.4880 -10000000000.0000 -10000000000.0000 -10000000000.0000 -10000000000.0000 -10000000000.0000;
159:  0.0100   0.0290   0.0510   0.0800   0.1190   0.1670   0.2320   0.3080   0.3760   0.4520   0.5580   0.6800   0.7920   0.9090   1.0360   1.1710   1.3210   1.4880 -10000000000.0000 -10000000000.0000 -10000000000.0000 -10000000000.0000 -10000000000.0000;
160:  0.0100   0.0290   0.0510   0.0800   0.1190   0.1670   0.2320   0.3080   0.3760   0.4530   0.5590   0.6810   0.7920   0.9090   1.0370   1.1700   1.3220   1.4880 -10000000000.0000 -10000000000.0000 -10000000000.0000 -10000000000.0000 -10000000000.0000;
161:  0.0100   0.0290   0.0510   0.0800   0.1190   0.1670   0.2320   0.3080   0.3760   0.4530   0.5590   0.6810   0.7930   0.9110   1.0380   1.1720   1.3240   1.4900 -10000000000.0000 -10000000000.0000 -10000000000.0000 -10000000000.0000 -10000000000.0000;
162:  0.0100   0.0290   0.0510   0.0800   0.1190   0.1670   0.2320   0.3080   0.3770   0.4530   0.5590   0.6810   0.7930   0.9110   1.0380   1.1720   1.3230   1.4900 -10000000000.0000 -10000000000.0000 -10000000000.0000 -10000000000.0000 -10000000000.0000;
163:  0.0100   0.0290   0.0510   0.0800   0.1190   0.1670   0.2320   0.3080   0.3770   0.4530   0.5600   0.6810   0.7930   0.9110   1.0380   1.1730   1.3250   1.4900 -10000000000.0000 -10000000000.0000 -10000000000.0000 -10000000000.0000 -10000000000.0000;
164:  0.0100   0.0290   0.0510   0.0800   0.1190   0.1670   0.2320   0.3080   0.3770   0.4530   0.5600   0.6820   0.7930   0.9120   1.0400   1.1740   1.3260   1.4910   1.7070   1.9340 -10000000000.0000 -10000000000.0000 -10000000000.0000;
165:  0.0100   0.0290   0.0510   0.0800   0.1190   0.1670   0.2320   0.3090   0.3770   0.4530   0.5600   0.6820   0.7930   0.9120   1.0400   1.1740   1.3270   1.4910   1.7070   1.9320 -10000000000.0000 -10000000000.0000 -10000000000.0000;
166:  0.0100   0.0290   0.0510   0.0800   0.1190   0.1670   0.2320   0.3090   0.3770   0.4540   0.5610   0.6820   0.7930   0.9120   1.0410   1.1750   1.3280   1.4910   1.7070   1.9310 -10000000000.0000 -10000000000.0000 -10000000000.0000;
167:  0.0100   0.0290   0.0510   0.0800   0.1190   0.1670   0.2320   0.3090   0.3770   0.4530   0.5600   0.6820   0.7930   0.9120   1.0410   1.1760   1.3290   1.4920   1.7060   1.9290 -10000000000.0000 -10000000000.0000 -10000000000.0000;
168:  0.0100   0.0290   0.0510   0.0800   0.1190   0.1670   0.2320   0.3090   0.3770   0.4530   0.5600   0.6820   0.7930   0.9120   1.0410   1.1770   1.3290   1.4920   1.7050   1.9270 -10000000000.0000 -10000000000.0000 -10000000000.0000;
169:  0.0100   0.0290   0.0510   0.0800   0.1190   0.1670   0.2320   0.3090   0.3770   0.4530   0.5610   0.6830   0.7940   0.9130   1.0420   1.1770   1.3290   1.4920   1.7040   1.9260 -10000000000.0000 -10000000000.0000 -10000000000.0000;
170:  0.0100   0.0290   0.0510   0.0800   0.1190   0.1670   0.2320   0.3090   0.3770   0.4530   0.5600   0.6830   0.7930   0.9120   1.0410   1.1780   1.3290   1.4910   1.7020   1.9240 -10000000000.0000 -10000000000.0000 -10000000000.0000;
171:  0.0100   0.0290   0.0510   0.0800   0.1190   0.1670   0.2320   0.3090   0.3770   0.4530   0.5600   0.6830   0.7930   0.9120   1.0410   1.1790   1.3300   1.4920   1.7020   1.9220 -10000000000.0000 -10000000000.0000 -10000000000.0000;
172:  0.0100   0.0290   0.0510   0.0800   0.1190   0.1670   0.2320   0.3090   0.3770   0.4530   0.5600   0.6830   0.7940   0.9120   1.0420   1.1790   1.3300   1.4920   1.7010   1.9210 -10000000000.0000 -10000000000.0000 -10000000000.0000;
173:  0.0100   0.0290   0.0510   0.0800   0.1190   0.1670   0.2320   0.3090   0.3770   0.4530   0.5600   0.6830   0.7930   0.9120   1.0420   1.1810   1.3300   1.4920   1.7000   1.9200 -10000000000.0000 -10000000000.0000 -10000000000.0000;
174:  0.0100   0.0290   0.0510   0.0800   0.1190   0.1660   0.2320   0.3090   0.3770   0.4530   0.5610   0.6830   0.7940   0.9120   1.0420   1.1810   1.3310   1.4920   1.6990   1.9190 -10000000000.0000 -10000000000.0000 -10000000000.0000;
175:  0.0100   0.0290   0.0510   0.0800   0.1190   0.1660   0.2320   0.3090   0.3770   0.4530   0.5600   0.6830   0.7930   0.9110   1.0410   1.1810   1.3310   1.4920   1.6970   1.9180 -10000000000.0000 -10000000000.0000 -10000000000.0000;
176:  0.0100   0.0290   0.0510   0.0800   0.1190   0.1660   0.2320   0.3090   0.3760   0.4530   0.5600   0.6830   0.7930   0.9110   1.0410   1.1810   1.3300   1.4920   1.6960   1.9180 -10000000000.0000 -10000000000.0000 -10000000000.0000;
177:  0.0100   0.0290   0.0510   0.0800   0.1190   0.1660   0.2330   0.3090   0.3770   0.4530   0.5600   0.6830   0.7930   0.9110   1.0410   1.1800   1.3300   1.4920   1.6950   1.9180 -10000000000.0000 -10000000000.0000 -10000000000.0000;
178:  0.0100   0.0290   0.0510   0.0800   0.1190   0.1660   0.2330   0.3090   0.3770   0.4530   0.5600   0.6820   0.7940   0.9110   1.0400   1.1810   1.3300   1.4920   1.6940   1.9190 -10000000000.0000 -10000000000.0000 -10000000000.0000;
179:  0.0100   0.0290   0.0510   0.0800   0.1190   0.1670   0.2330   0.3100   0.3760   0.4530   0.5600   0.6830   0.7940   0.9110   1.0400   1.1800   1.3300   1.4920   1.6930   1.9190 -10000000000.0000 -10000000000.0000 -10000000000.0000;
180:  0.0100   0.0290   0.0510   0.0800   0.1190   0.1670   0.2330   0.3100   0.3760   0.4530   0.5600   0.6830   0.7940   0.9110   1.0400   1.1800   1.3300   1.4930   1.6930   1.9210 -10000000000.0000 -10000000000.0000 -10000000000.0000;
181:  0.0100   0.0290   0.0510   0.0800   0.1190   0.1670   0.2330   0.3100   0.3770   0.4530   0.5600   0.6820   0.7940   0.9110   1.0400   1.1800   1.3300   1.4930   1.6930   1.9230 -10000000000.0000 -10000000000.0000 -10000000000.0000;
182:  0.0100   0.0290   0.0510   0.0800   0.1190   0.1670   0.2330   0.3100   0.3770   0.4530   0.5600   0.6830   0.7940   0.9110   1.0400   1.1800   1.3300   1.4920   1.6930   1.9240 -10000000000.0000 -10000000000.0000 -10000000000.0000;
183:  0.0100   0.0290   0.0510   0.0800   0.1190   0.1670   0.2330   0.3100   0.3770   0.4530   0.5600   0.6830   0.7940   0.9110   1.0400   1.1800   1.3290   1.4920   1.6930   1.9250 -10000000000.0000 -10000000000.0000 -10000000000.0000;
184:  0.0100   0.0290   0.0510   0.0800   0.1190   0.1670   0.2330   0.3100   0.3770   0.4530   0.5600   0.6820   0.7930   0.9110   1.0400   1.1790   1.3290   1.4920   1.6930   1.9260 -10000000000.0000 -10000000000.0000 -10000000000.0000;
185:  0.0100   0.0290   0.0510   0.0800   0.1200   0.1670   0.2330   0.3100   0.3770   0.4530   0.5600   0.6820   0.7940   0.9110   1.0400   1.1800   1.3280   1.4920   1.6940   1.9270 -10000000000.0000 -10000000000.0000 -10000000000.0000;
186:  0.0100   0.0290   0.0510   0.0800   0.1200   0.1670   0.2330   0.3100   0.3770   0.4530   0.5600   0.6820   0.7930   0.9110   1.0400   1.1790   1.3270   1.4910   1.6940   1.9270 -10000000000.0000 -10000000000.0000 -10000000000.0000;
187:  0.0100   0.0290   0.0510   0.0800   0.1190   0.1670   0.2330   0.3100   0.3760   0.4530   0.5600   0.6820   0.7930   0.9100   1.0390   1.1790   1.3270   1.4910   1.6930   1.9270 -10000000000.0000 -10000000000.0000 -10000000000.0000;
188:  0.0100   0.0290   0.0510   0.0800   0.1190   0.1670   0.2330   0.3090   0.3760   0.4530   0.5600   0.6820   0.7930   0.9100   1.0390   1.1780   1.3260   1.4900   1.6930   1.9260 -10000000000.0000 -10000000000.0000 -10000000000.0000;
189:  0.0100   0.0290   0.0510   0.0800   0.1200   0.1670   0.2330   0.3090   0.3760   0.4530   0.5600   0.6810   0.7930   0.9100   1.0390   1.1780   1.3260   1.4890   1.6920   1.9260 -10000000000.0000 -10000000000.0000 -10000000000.0000;
190:  0.0100   0.0290   0.0510   0.0800   0.1200   0.1670   0.2320   0.3090   0.3760   0.4520   0.5600   0.6810   0.7920   0.9090   1.0390   1.1770   1.3250   1.4890   1.6920   1.9250 -10000000000.0000 -10000000000.0000 -10000000000.0000;
191:  0.0100   0.0290   0.0510   0.0800   0.1200   0.1670   0.2330   0.3090   0.3760   0.4530   0.5600   0.6820   0.7930   0.9100   1.0390   1.1780   1.3250   1.4880   1.6910   1.9250 -10000000000.0000 -10000000000.0000 -10000000000.0000;
192:  0.0100   0.0290   0.0510   0.0800   0.1200   0.1670   0.2330   0.3090   0.3760   0.4530   0.5600   0.6810   0.7920   0.9090   1.0380   1.1770   1.3250   1.4870   1.6900   1.9240 -10000000000.0000 -10000000000.0000 -10000000000.0000;
193:  0.0100   0.0290   0.0510   0.0800   0.1200   0.1670   0.2330   0.3090   0.3760   0.4530   0.5600   0.6810   0.7920   0.9090   1.0380   1.1760   1.3240   1.4870   1.6890   1.9230 -10000000000.0000 -10000000000.0000 -10000000000.0000;
194:  0.0110   0.0300   0.0520   0.0800   0.1200   0.1670   0.2330   0.3100   0.3760   0.4530   0.5600   0.6810   0.7910   0.9080   1.0370   1.1760   1.3240   1.4860   1.6870   1.9210   2.1750 -10000000000.0000 -10000000000.0000;
195:  0.0110   0.0300   0.0520   0.0800   0.1200   0.1670   0.2330   0.3100   0.3770   0.4530   0.5600   0.6820   0.7920   0.9080   1.0370   1.1750   1.3230   1.4850   1.6870   1.9200   2.1720 -10000000000.0000 -10000000000.0000;
196:  0.0110   0.0300   0.0520   0.0800   0.1200   0.1670   0.2330   0.3100   0.3760   0.4530   0.5600   0.6820   0.7910   0.9080   1.0370   1.1750   1.3230   1.4840   1.6850   1.9180   2.1710 -10000000000.0000 -10000000000.0000;
197:  0.0110   0.0300   0.0520   0.0800   0.1200   0.1680   0.2330   0.3100   0.3770   0.4530   0.5600   0.6820   0.7910   0.9070   1.0360   1.1750   1.3230   1.4840   1.6840   1.9170   2.1690 -10000000000.0000 -10000000000.0000;
198:  0.0110   0.0300   0.0520   0.0800   0.1200   0.1670   0.2330   0.3090   0.3760   0.4530   0.5600   0.6810   0.7910   0.9070   1.0360   1.1740   1.3220   1.4830   1.6830   1.9160   2.1670 -10000000000.0000 -10000000000.0000;
199:  0.0110   0.0300   0.0520   0.0800   0.1200   0.1680   0.2330   0.3100   0.3770   0.4530   0.5610   0.6820   0.7910   0.9070   1.0360   1.1740   1.3210   1.4820   1.6820   1.9160   2.1670 -10000000000.0000 -10000000000.0000;
200:  0.0110   0.0300   0.0520   0.0800   0.1200   0.1680   0.2330   0.3100   0.3770   0.4530   0.5610   0.6820   0.7910   0.9060   1.0350   1.1740   1.3210   1.4810   1.6790   1.9140   2.1650 -10000000000.0000 -10000000000.0000;
201:  0.0110   0.0300   0.0520   0.0800   0.1200   0.1680   0.2330   0.3100   0.3770   0.4530   0.5610   0.6820   0.7910   0.9060   1.0350   1.1740   1.3210   1.4810   1.6780   1.9130   2.1650 -10000000000.0000 -10000000000.0000;
202:  0.0110   0.0300   0.0520   0.0800   0.1200   0.1680   0.2330   0.3100   0.3770   0.4530   0.5610   0.6820   0.7910   0.9060   1.0350   1.1740   1.3210   1.4810   1.6760   1.9110   2.1630 -10000000000.0000 -10000000000.0000;
203:  0.0110   0.0300   0.0520   0.0800   0.1200   0.1680   0.2330   0.3100   0.3770   0.4530   0.5610   0.6820   0.7910   0.9060   1.0350   1.1740   1.3210   1.4820   1.6760   1.9100   2.1620 -10000000000.0000 -10000000000.0000;
204:  0.0110   0.0300   0.0520   0.0800   0.1200   0.1680   0.2330   0.3100   0.3770   0.4530   0.5610   0.6820   0.7900   0.9050   1.0350   1.1730   1.3210   1.4810   1.6740   1.9080   2.1610 -10000000000.0000 -10000000000.0000;
205:  0.0110   0.0300   0.0520   0.0800   0.1200   0.1670   0.2330   0.3100   0.3770   0.4530   0.5610   0.6830   0.7900   0.9050   1.0340   1.1730   1.3200   1.4810   1.6730   1.9060   2.1590 -10000000000.0000 -10000000000.0000;
206:  0.0110   0.0300   0.0520   0.0810   0.1200   0.1680   0.2330   0.3100   0.3770   0.4530   0.5610   0.6830   0.7900   0.9040   1.0340   1.1730   1.3210   1.4810   1.6710   1.9040   2.1570 -10000000000.0000 -10000000000.0000;
207:  0.0120   0.0300   0.0520   0.0810   0.1210   0.1680   0.2330   0.3100   0.3780   0.4530   0.5610   0.6830   0.7900   0.9050   1.0350   1.1730   1.3200   1.4810   1.6700   1.9000   2.1540 -10000000000.0000 -10000000000.0000;
208:  0.0120   0.0300   0.0520   0.0810   0.1200   0.1680   0.2330   0.3100   0.3780   0.4530   0.5610   0.6830   0.7900   0.9050   1.0350   1.1730   1.3200   1.4810   1.6690   1.8980   2.1520 -10000000000.0000 -10000000000.0000;
209:  0.0110   0.0300   0.0520   0.0800   0.1200   0.1670   0.2330   0.3100   0.3770   0.4520   0.5610   0.6820   0.7900   0.9050   1.0350   1.1730   1.3200   1.4800   1.6680   1.8950 -10000000000.0000 -10000000000.0000 -10000000000.0000;
210:  0.0110   0.0300   0.0520   0.0800   0.1200   0.1670   0.2330   0.3100   0.3770   0.4520   0.5610   0.6830   0.7890   0.9050   1.0350   1.1720   1.3190   1.4810   1.6670   1.8920 -10000000000.0000 -10000000000.0000 -10000000000.0000;
211:  0.0110   0.0300   0.0510   0.0800   0.1200   0.1670   0.2320   0.3090   0.3770   0.4520   0.5610   0.6830   0.7890   0.9050   1.0350   1.1720   1.3190   1.4800   1.6660   1.8890 -10000000000.0000 -10000000000.0000 -10000000000.0000;
212:  0.0110   0.0300   0.0520   0.0800   0.1200   0.1670   0.2330   0.3100   0.3770   0.4520   0.5610   0.6830   0.7900   0.9050   1.0350   1.1730   1.3190   1.4800   1.6660   1.8880 -10000000000.0000 -10000000000.0000 -10000000000.0000;
213:  0.0110   0.0300   0.0520   0.0800   0.1200   0.1680   0.2330   0.3100   0.3770   0.4520   0.5610   0.6830   0.7900   0.9050   1.0350   1.1730   1.3190   1.4800   1.6660   1.8860 -10000000000.0000 -10000000000.0000 -10000000000.0000;
214:  0.0110   0.0300   0.0510   0.0800   0.1200   0.1680   0.2330   0.3090   0.3770   0.4520   0.5610   0.6830   0.7900   0.9050   1.0350   1.1730   1.3200   1.4790   1.6640   1.8830 -10000000000.0000 -10000000000.0000 -10000000000.0000;
215:  0.0110   0.0300   0.0510   0.0800   0.1200   0.1680   0.2320   0.3090   0.3770   0.4520   0.5610   0.6830   0.7890   0.9050   1.0360   1.1730   1.3190   1.4790   1.6630   1.8810 -10000000000.0000 -10000000000.0000 -10000000000.0000;
216:  0.0110   0.0300   0.0510   0.0800   0.1200   0.1670   0.2320   0.3090   0.3770   0.4520   0.5610   0.6830   0.7890   0.9060   1.0370   1.1730   1.3190   1.4780   1.6620   1.8790 -10000000000.0000 -10000000000.0000 -10000000000.0000;
217:  0.0110   0.0300   0.0510   0.0800   0.1200   0.1680   0.2330   0.3090   0.3770   0.4520   0.5610   0.6830   0.7900   0.9060   1.0360   1.1730   1.3200   1.4780   1.6620   1.8780 -10000000000.0000 -10000000000.0000 -10000000000.0000;
218:  0.0110   0.0300   0.0510   0.0800   0.1200   0.1680   0.2330   0.3090   0.3770   0.4520   0.5610   0.6830   0.7890   0.9060   1.0370   1.1740   1.3190   1.4780   1.6620   1.8760 -10000000000.0000 -10000000000.0000 -10000000000.0000;
219:  0.0110   0.0300   0.0520   0.0800   0.1200   0.1680   0.2330   0.3100   0.3780   0.4520   0.5610   0.6830   0.7900   0.9060   1.0370   1.1740   1.3200   1.4780   1.6610   1.8750 -10000000000.0000 -10000000000.0000 -10000000000.0000;
220:  0.0110   0.0300   0.0520   0.0800   0.1200   0.1680   0.2330   0.3100   0.3780   0.4520   0.5610   0.6830   0.7890   0.9060   1.0370   1.1740   1.3200   1.4770   1.6600   1.8730 -10000000000.0000 -10000000000.0000 -10000000000.0000;
221:  0.0110   0.0300   0.0520   0.0800   0.1200   0.1680   0.2330   0.3100   0.3780   0.4530   0.5610   0.6830   0.7890   0.9060   1.0370   1.1740   1.3190   1.4770   1.6590   1.8730 -10000000000.0000 -10000000000.0000 -10000000000.0000;
222:  0.0100   0.0290   0.0510   0.0790   0.1190   0.1670   0.2320   0.3090   0.3770   0.4520   0.5600   0.6820   0.7890   0.9060   1.0370   1.1730   1.3180   1.4750 -10000000000.0000 -10000000000.0000 -10000000000.0000 -10000000000.0000 -10000000000.0000;
223:  0.0100   0.0290   0.0510   0.0790   0.1190   0.1670   0.2320   0.3080   0.3770   0.4520   0.5600   0.6820   0.7890   0.9060   1.0360   1.1740   1.3180   1.4750 -10000000000.0000 -10000000000.0000 -10000000000.0000 -10000000000.0000 -10000000000.0000;
224:  0.0100   0.0290   0.0510   0.0790   0.1190   0.1670   0.2320   0.3080   0.3770   0.4520   0.5600   0.6820   0.7890   0.9070   1.0360   1.1740   1.3190   1.4740 -10000000000.0000 -10000000000.0000 -10000000000.0000 -10000000000.0000 -10000000000.0000;
225:  0.0110   0.0290   0.0510   0.0790   0.1190   0.1670   0.2320   0.3090   0.3770   0.4520   0.5600   0.6820   0.7900   0.9070   1.0370   1.1740   1.3190   1.4740 -10000000000.0000 -10000000000.0000 -10000000000.0000 -10000000000.0000 -10000000000.0000;
226:  0.0100   0.0290   0.0510   0.0790   0.1190   0.1670   0.2320   0.3090   0.3770   0.4520   0.5600   0.6820   0.7890   0.9070   1.0370   1.1750   1.3190   1.4740 -10000000000.0000 -10000000000.0000 -10000000000.0000 -10000000000.0000 -10000000000.0000;
227:  0.0100   0.0290   0.0510   0.0790   0.1190   0.1670   0.2320   0.3090   0.3770   0.4520   0.5600   0.6820   0.7890   0.9070   1.0370   1.1750   1.3190   1.4740 -10000000000.0000 -10000000000.0000 -10000000000.0000 -10000000000.0000 -10000000000.0000;
228:  0.0100   0.0290   0.0510   0.0790   0.1190   0.1670   0.2320   0.3090   0.3770   0.4520   0.5600   0.6820   0.7890   0.9070   1.0370   1.1750   1.3190   1.4740 -10000000000.0000 -10000000000.0000 -10000000000.0000 -10000000000.0000 -10000000000.0000;
229:  0.0100   0.0290   0.0510   0.0790   0.1190   0.1670   0.2320   0.3090   0.3770   0.4520   0.5600   0.6820   0.7900   0.9070   1.0370   1.1740   1.3190   1.4750 -10000000000.0000 -10000000000.0000 -10000000000.0000 -10000000000.0000 -10000000000.0000;
230:  0.0100   0.0290   0.0510   0.0790   0.1180   0.1670   0.2320   0.3090   0.3770   0.4520   0.5600   0.6820   0.7900   0.9070   1.0370   1.1740   1.3190   1.4750 -10000000000.0000 -10000000000.0000 -10000000000.0000 -10000000000.0000 -10000000000.0000;
231:  0.0100   0.0290   0.0510   0.0790   0.1180   0.1670   0.2320   0.3090   0.3770   0.4520   0.5600   0.6820   0.7890   0.9070   1.0360   1.1740   1.3190   1.4750 -10000000000.0000 -10000000000.0000 -10000000000.0000 -10000000000.0000 -10000000000.0000;
232:  0.0100   0.0290   0.0510   0.0790   0.1180   0.1660   0.2320   0.3090   0.3770   0.4520   0.5600   0.6820   0.7890   0.9070   1.0360   1.1740   1.3190   1.4750 -10000000000.0000 -10000000000.0000 -10000000000.0000 -10000000000.0000 -10000000000.0000;
233:  0.0100   0.0290   0.0510   0.0790   0.1180   0.1660   0.2320   0.3080   0.3770   0.4520   0.5600   0.6810   0.7890   0.9070   1.0360   1.1740   1.3190   1.4750 -10000000000.0000 -10000000000.0000 -10000000000.0000 -10000000000.0000 -10000000000.0000;
234:  0.0100   0.0290   0.0510   0.0790   0.1180   0.1660   0.2320   0.3080   0.3770   0.4520   0.5600   0.6810   0.7890   0.9070   1.0360   1.1730   1.3190   1.4740 -10000000000.0000 -10000000000.0000 -10000000000.0000 -10000000000.0000 -10000000000.0000;
235:  0.0100   0.0290   0.0510   0.0790   0.1180   0.1660   0.2320   0.3090   0.3770   0.4530   0.5600   0.6820   0.7890   0.9070   1.0360   1.1730   1.3190   1.4740 -10000000000.0000 -10000000000.0000 -10000000000.0000 -10000000000.0000 -10000000000.0000;
236:  0.0100   0.0290   0.0510   0.0790   0.1180   0.1660   0.2320   0.3080   0.3770   0.4520   0.5600   0.6810   0.7890   0.9070   1.0360   1.1740   1.3190   1.4740 -10000000000.0000 -10000000000.0000 -10000000000.0000 -10000000000.0000 -10000000000.0000;
237:  0.0100   0.0280   0.0500   0.0790   0.1180   0.1660   0.2320   0.3080   0.3770   0.4520   0.5600   0.6810   0.7890   0.9070   1.0370   1.1730   1.3190   1.4740 -10000000000.0000 -10000000000.0000 -10000000000.0000 -10000000000.0000 -10000000000.0000;
238:  0.0100   0.0280   0.0500   0.0790   0.1180   0.1660   0.2320   0.3080   0.3770   0.4520   0.5600   0.6810   0.7890   0.9070   1.0370   1.1730   1.3180   1.4740 -10000000000.0000 -10000000000.0000 -10000000000.0000 -10000000000.0000 -10000000000.0000;
239:  0.0100   0.0290   0.0510   0.0790   0.1180   0.1660   0.2320   0.3090   0.3770   0.4520   0.5600   0.6810   0.7890   0.9070   1.0370   1.1730   1.3180   1.4740 -10000000000.0000 -10000000000.0000 -10000000000.0000 -10000000000.0000 -10000000000.0000;
240:  0.0100   0.0290   0.0510   0.0790   0.1180   0.1660   0.2320   0.3090   0.3770   0.4520   0.5600   0.6810   0.7890   0.9070   1.0360   1.1730   1.3180   1.4740 -10000000000.0000 -10000000000.0000 -10000000000.0000 -10000000000.0000 -10000000000.0000;
241:  0.0100   0.0290   0.0510   0.0790   0.1180   0.1660   0.2320   0.3090   0.3760   0.4520   0.5600   0.6810   0.7890   0.9070   1.0360   1.1740   1.3180   1.4740 -10000000000.0000 -10000000000.0000 -10000000000.0000 -10000000000.0000 -10000000000.0000;
242:  0.0100   0.0290   0.0510   0.0790   0.1180   0.1660   0.2320   0.3090   0.3770   0.4520   0.5600   0.6810   0.7890   0.9070   1.0360   1.1740   1.3180   1.4730 -10000000000.0000 -10000000000.0000 -10000000000.0000 -10000000000.0000 -10000000000.0000;
243:  0.0100   0.0290   0.0510   0.0790   0.1180   0.1660   0.2320   0.3090   0.3760   0.4520   0.5600   0.6820   0.7890   0.9070   1.0360   1.1740   1.3180   1.4730 -10000000000.0000 -10000000000.0000 -10000000000.0000 -10000000000.0000 -10000000000.0000;
244:  0.0100   0.0290   0.0510   0.0790   0.1180   0.1660   0.2320   0.3090   0.3760   0.4520   0.5600   0.6820   0.7890   0.9070   1.0360   1.1740   1.3180   1.4730 -10000000000.0000 -10000000000.0000 -10000000000.0000 -10000000000.0000 -10000000000.0000;
245:  0.0100   0.0290   0.0510   0.0790   0.1180   0.1660   0.2320   0.3090   0.3760   0.4520   0.5600   0.6810   0.7890   0.9070   1.0360   1.1740   1.3180   1.4730 -10000000000.0000 -10000000000.0000 -10000000000.0000 -10000000000.0000 -10000000000.0000;
246:  0.0100   0.0290   0.0510   0.0790   0.1180   0.1660   0.2320   0.3090   0.3760   0.4510   0.5600   0.6810   0.7890   0.9070   1.0360   1.1740   1.3180   1.4730 -10000000000.0000 -10000000000.0000 -10000000000.0000 -10000000000.0000 -10000000000.0000;
247:  0.0100   0.0290   0.0510   0.0790   0.1180   0.1660   0.2320   0.3090   0.3760   0.4510   0.5600   0.6820   0.7890   0.9070   1.0360   1.1740   1.3180   1.4720 -10000000000.0000 -10000000000.0000 -10000000000.0000 -10000000000.0000 -10000000000.0000;
248:  0.0110   0.0290   0.0510   0.0790   0.1180   0.1660   0.2320   0.3090   0.3760   0.4520   0.5610   0.6820   0.7890   0.9070   1.0360   1.1750   1.3180   1.4710 -10000000000.0000 -10000000000.0000 -10000000000.0000 -10000000000.0000 -10000000000.0000;
249:  0.0110   0.0290   0.0510   0.0790   0.1180   0.1660   0.2320   0.3090   0.3760   0.4520   0.5610   0.6820   0.7890   0.9070   1.0360   1.1750   1.3180   1.4710 -10000000000.0000 -10000000000.0000 -10000000000.0000 -10000000000.0000 -10000000000.0000;
250:  0.0100   0.0290   0.0510   0.0790   0.1180   0.1660   0.2320   0.3090   0.3760   0.4510   0.5610   0.6820   0.7890   0.9070   1.0360   1.1750   1.3180   1.4710 -10000000000.0000 -10000000000.0000 -10000000000.0000 -10000000000.0000 -10000000000.0000;
251:  0.0100   0.0290   0.0510   0.0790   0.1180   0.1660   0.2320   0.3090   0.3760   0.4510   0.5610   0.6830   0.7900   0.9060   1.0350   1.1750   1.3180   1.4710 -10000000000.0000 -10000000000.0000 -10000000000.0000 -10000000000.0000 -10000000000.0000;
252:  0.0100   0.0290   0.0510   0.0790   0.1180   0.1660   0.2320   0.3090   0.3760   0.4510   0.5610   0.6830   0.7900   0.9070   1.0350   1.1750   1.3180   1.4710 -10000000000.0000 -10000000000.0000 -10000000000.0000 -10000000000.0000 -10000000000.0000;
253:  0.0100   0.0290   0.0510   0.0790   0.1180   0.1660   0.2320   0.3090   0.3760   0.4510   0.5610   0.6830   0.7900   0.9070   1.0350   1.1750   1.3180   1.4700 -10000000000.0000 -10000000000.0000 -10000000000.0000 -10000000000.0000 -10000000000.0000;
254:  0.0100   0.0290   0.0510   0.0790   0.1180   0.1660   0.2320   0.3090   0.3750   0.4510   0.5610   0.6830   0.7900   0.9070   1.0340   1.1740   1.3170   1.4700 -10000000000.0000 -10000000000.0000 -10000000000.0000 -10000000000.0000 -10000000000.0000;
255:  0.0100   0.0290   0.0510   0.0790   0.1180   0.1660   0.2320   0.3090   0.3750   0.4510   0.5610   0.6830   0.7900   0.9070   1.0340   1.1740   1.3170   1.4690 -10000000000.0000 -10000000000.0000 -10000000000.0000 -10000000000.0000 -10000000000.0000;
256:  0.0100   0.0290   0.0510   0.0790   0.1180   0.1660   0.2320   0.3080   0.3750   0.4510   0.5610   0.6830   0.7900   0.9070   1.0340   1.1740   1.3170   1.4690 -10000000000.0000 -10000000000.0000 -10000000000.0000 -10000000000.0000 -10000000000.0000;
257:  0.0110   0.0290   0.0510   0.0790   0.1180   0.1660   0.2320   0.3090   0.3750   0.4520   0.5610   0.6830   0.7900   0.9070   1.0340   1.1740   1.3170   1.4690 -10000000000.0000 -10000000000.0000 -10000000000.0000 -10000000000.0000 -10000000000.0000;
258:  0.0110   0.0290   0.0510   0.0790   0.1180   0.1660   0.2320   0.3090   0.3760   0.4520   0.5610   0.6830   0.7910   0.9070   1.0340   1.1740   1.3170   1.4690 -10000000000.0000 -10000000000.0000 -10000000000.0000 -10000000000.0000 -10000000000.0000;
259:  0.0110   0.0290   0.0510   0.0790   0.1190   0.1660   0.2320   0.3090   0.3760   0.4520   0.5610   0.6840   0.7910   0.9070   1.0340   1.1740   1.3170   1.4680 -10000000000.0000 -10000000000.0000 -10000000000.0000 -10000000000.0000 -10000000000.0000;
260:  0.0110   0.0290   0.0510   0.0790   0.1190   0.1660   0.2320   0.3080   0.3750   0.4520   0.5610   0.6830   0.7910   0.9070   1.0340   1.1740   1.3170   1.4680 -10000000000.0000 -10000000000.0000 -10000000000.0000 -10000000000.0000 -10000000000.0000;
261:  0.0110   0.0290   0.0510   0.0790   0.1190   0.1670   0.2320   0.3080   0.3750   0.4520   0.5610   0.6830   0.7910   0.9070   1.0330   1.1740   1.3170   1.4670 -10000000000.0000 -10000000000.0000 -10000000000.0000 -10000000000.0000 -10000000000.0000;
262:  0.0110   0.0290   0.0510   0.0790   0.1190   0.1670   0.2320   0.3080   0.3760   0.4520   0.5620   0.6830   0.7910   0.9070   1.0340   1.1740   1.3170   1.4670 -10000000000.0000 -10000000000.0000 -10000000000.0000 -10000000000.0000 -10000000000.0000;
263:  0.0110   0.0290   0.0510   0.0790   0.1190   0.1670   0.2320   0.3080   0.3750   0.4520   0.5620   0.6830   0.7910   0.9070   1.0340   1.1740   1.3160   1.4670 -10000000000.0000 -10000000000.0000 -10000000000.0000 -10000000000.0000 -10000000000.0000;
264:  0.0110   0.0290   0.0510   0.0790   0.1190   0.1670   0.2320   0.3080   0.3760   0.4520   0.5620   0.6830   0.7910   0.9070   1.0340   1.1740   1.3170   1.4670 -10000000000.0000 -10000000000.0000 -10000000000.0000 -10000000000.0000 -10000000000.0000;
265:  0.0110   0.0290   0.0510   0.0800   0.1190   0.1670   0.2320   0.3080   0.3760   0.4520   0.5620   0.6840   0.7910   0.9070   1.0340   1.1740   1.3160   1.4670 -10000000000.0000 -10000000000.0000 -10000000000.0000 -10000000000.0000 -10000000000.0000;
266:  0.0110   0.0290   0.0510   0.0800   0.1190   0.1670   0.2320   0.3080   0.3760   0.4520   0.5620   0.6840   0.7910   0.9070   1.0340   1.1740   1.3160   1.4660 -10000000000.0000 -10000000000.0000 -10000000000.0000 -10000000000.0000 -10000000000.0000;
267:  0.0110   0.0290   0.0510   0.0800   0.1190   0.1670   0.2320   0.3080   0.3760   0.4520   0.5620   0.6840   0.7910   0.9070   1.0340   1.1740   1.3160   1.4660 -10000000000.0000 -10000000000.0000 -10000000000.0000 -10000000000.0000 -10000000000.0000;
268:  0.0110   0.0290   0.0510   0.0800   0.1190   0.1670   0.2320   0.3090   0.3760   0.4530   0.5620   0.6840   0.7910   0.9070   1.0340   1.1740   1.3150   1.4660 -10000000000.0000 -10000000000.0000 -10000000000.0000 -10000000000.0000 -10000000000.0000;
269:  0.0110   0.0290   0.0510   0.0790   0.1190   0.1670   0.2320   0.3080   0.3760   0.4530   0.5620   0.6830   0.7910   0.9070   1.0340   1.1730   1.3150   1.4660 -10000000000.0000 -10000000000.0000 -10000000000.0000 -10000000000.0000 -10000000000.0000;
270:  0.0110   0.0290   0.0510   0.0800   0.1190   0.1670   0.2320   0.3080   0.3760   0.4530   0.5620   0.6830   0.7900   0.9070   1.0340   1.1730   1.3150   1.4650 -10000000000.0000 -10000000000.0000 -10000000000.0000 -10000000000.0000 -10000000000.0000;
271:  0.0110   0.0290   0.0510   0.0800   0.1190   0.1670   0.2320   0.3080   0.3760   0.4530   0.5620   0.6830   0.7900   0.9070   1.0340   1.1730   1.3140   1.4650 -10000000000.0000 -10000000000.0000 -10000000000.0000 -10000000000.0000 -10000000000.0000;
272:  0.0110   0.0290   0.0510   0.0800   0.1190   0.1670   0.2320   0.3090   0.3760   0.4530   0.5620   0.6830   0.7910   0.9070   1.0340   1.1730   1.3140   1.4650 -10000000000.0000 -10000000000.0000 -10000000000.0000 -10000000000.0000 -10000000000.0000;
273:  0.0110   0.0290   0.0510   0.0800   0.1190   0.1670   0.2320   0.3090   0.3760   0.4530   0.5620   0.6840   0.7910   0.9070   1.0340   1.1730   1.3140   1.4650 -10000000000.0000 -10000000000.0000 -10000000000.0000 -10000000000.0000 -10000000000.0000;
274:  0.0110   0.0290   0.0510   0.0800   0.1190   0.1680   0.2330   0.3090   0.3760   0.4530   0.5620   0.6830   0.7910   0.9070   1.0350   1.1740   1.3140   1.4650 -10000000000.0000 -10000000000.0000 -10000000000.0000 -10000000000.0000 -10000000000.0000;
275:  0.0110   0.0290   0.0510   0.0800   0.1190   0.1670   0.2330   0.3090   0.3760   0.4530   0.5620   0.6830   0.7910   0.9080   1.0350   1.1740   1.3140   1.4650 -10000000000.0000 -10000000000.0000 -10000000000.0000 -10000000000.0000 -10000000000.0000;
276:  0.0110   0.0290   0.0510   0.0800   0.1200   0.1680   0.2330   0.3090   0.3760   0.4530   0.5620   0.6830   0.7910   0.9080   1.0350   1.1740   1.3140   1.4650 -10000000000.0000 -10000000000.0000 -10000000000.0000 -10000000000.0000 -10000000000.0000;
277:  0.0110   0.0290   0.0510   0.0800   0.1190   0.1680   0.2320   0.3080   0.3760   0.4530   0.5610   0.6830   0.7910   0.9080   1.0350   1.1740   1.3140   1.4650 -10000000000.0000 -10000000000.0000 -10000000000.0000 -10000000000.0000 -10000000000.0000;
278:  0.0110   0.0290   0.0510   0.0800   0.1190   0.1680   0.2320   0.3080   0.3760   0.4530   0.5610   0.6830   0.7910   0.9080   1.0350   1.1740   1.3130   1.4640 -10000000000.0000 -10000000000.0000 -10000000000.0000 -10000000000.0000 -10000000000.0000;
279:  0.0110   0.0290   0.0510   0.0800   0.1200   0.1680   0.2330   0.3090   0.3760   0.4530   0.5610   0.6830   0.7910   0.9080   1.0360   1.1740   1.3130   1.4650 -10000000000.0000 -10000000000.0000 -10000000000.0000 -10000000000.0000 -10000000000.0000;
280:  0.0110   0.0290   0.0510   0.0800   0.1190   0.1680   0.2320   0.3090   0.3760   0.4530   0.5610   0.6830   0.7910   0.9080   1.0360   1.1740   1.3130   1.4650 -10000000000.0000 -10000000000.0000 -10000000000.0000 -10000000000.0000 -10000000000.0000;
281:  0.0110   0.0290   0.0510   0.0800   0.1190   0.1680   0.2320   0.3090   0.3760   0.4530   0.5610   0.6820   0.7910   0.9080   1.0360   1.1730   1.3120   1.4640 -10000000000.0000 -10000000000.0000 -10000000000.0000 -10000000000.0000 -10000000000.0000;
282:  0.0110   0.0290   0.0510   0.0800   0.1190   0.1670   0.2320   0.3090   0.3760   0.4530   0.5610   0.6830   0.7910   0.9080   1.0350   1.1730   1.3120   1.4640 -10000000000.0000 -10000000000.0000 -10000000000.0000 -10000000000.0000 -10000000000.0000;
283:  0.0110   0.0290   0.0510   0.0800   0.1190   0.1670   0.2320   0.3090   0.3760   0.4530   0.5610   0.6820   0.7910   0.9080   1.0350   1.1730   1.3120   1.4640 -10000000000.0000 -10000000000.0000 -10000000000.0000 -10000000000.0000 -10000000000.0000;
284:  0.0110   0.0300   0.0520   0.0800   0.1200   0.1680   0.2330   0.3090   0.3770   0.4530   0.5600   0.6820   0.7920   0.9080   1.0360   1.1740   1.3120   1.4630 -10000000000.0000 -10000000000.0000 -10000000000.0000 -10000000000.0000 -10000000000.0000;
285:  0.0110   0.0300   0.0520   0.0800   0.1200   0.1680   0.2330   0.3090   0.3770   0.4530   0.5610   0.6830   0.7920   0.9080   1.0360   1.1740   1.3120   1.4640 -10000000000.0000 -10000000000.0000 -10000000000.0000 -10000000000.0000 -10000000000.0000;
286:  0.0110   0.0290   0.0520   0.0800   0.1200   0.1680   0.2330   0.3090   0.3770   0.4530   0.5600   0.6820   0.7910   0.9070   1.0350   1.1730   1.3120   1.4630 -10000000000.0000 -10000000000.0000 -10000000000.0000 -10000000000.0000 -10000000000.0000;
287:  0.0110   0.0300   0.0520   0.0800   0.1200   0.1680   0.2330   0.3090   0.3770   0.4530   0.5600   0.6810   0.7910   0.9080   1.0350   1.1740   1.3120   1.4630 -10000000000.0000 -10000000000.0000 -10000000000.0000 -10000000000.0000 -10000000000.0000;
288:  0.0110   0.0300   0.0520   0.0800   0.1200   0.1680   0.2330   0.3090   0.3770   0.4530   0.5600   0.6810   0.7910   0.9080   1.0350   1.1730   1.3120   1.4630 -10000000000.0000 -10000000000.0000 -10000000000.0000 -10000000000.0000 -10000000000.0000;
289:  0.0110   0.0300   0.0520   0.0800   0.1200   0.1680   0.2330   0.3090   0.3770   0.4530   0.5590   0.6800   0.7910   0.9080   1.0340   1.1730   1.3110   1.4620 -10000000000.0000 -10000000000.0000 -10000000000.0000 -10000000000.0000 -10000000000.0000;
290:  0.0110   0.0290   0.0520   0.0800   0.1200   0.1670   0.2320   0.3080   0.3760   0.4530   0.5590   0.6800   0.7900   0.9070   1.0340   1.1720   1.3110   1.4620 -10000000000.0000 -10000000000.0000 -10000000000.0000 -10000000000.0000 -10000000000.0000;
291:  0.0110   0.0300   0.0520   0.0800   0.1200   0.1680   0.2330   0.3090   0.3760   0.4530   0.5600   0.6800   0.7910   0.9070   1.0340   1.1730   1.3110   1.4610 -10000000000.0000 -10000000000.0000 -10000000000.0000 -10000000000.0000 -10000000000.0000;
292:  0.0110   0.0300   0.0520   0.0800   0.1200   0.1670   0.2320   0.3090   0.3760   0.4530   0.5590   0.6800   0.7900   0.9070   1.0340   1.1730   1.3100   1.4600 -10000000000.0000 -10000000000.0000 -10000000000.0000 -10000000000.0000 -10000000000.0000;
293:  0.0110   0.0290   0.0520   0.0800   0.1190   0.1670   0.2320   0.3080   0.3760   0.4530   0.5590   0.6790   0.7900   0.9070   1.0330   1.1720   1.3090   1.4580 -10000000000.0000 -10000000000.0000 -10000000000.0000 -10000000000.0000 -10000000000.0000;
294:  0.0110   0.0290   0.0520   0.0800   0.1190   0.1670   0.2320   0.3080   0.3760   0.4530   0.5590   0.6790   0.7900   0.9070   1.0330   1.1710   1.3070   1.4570 -10000000000.0000 -10000000000.0000 -10000000000.0000 -10000000000.0000 -10000000000.0000;
295:  0.0100   0.0290   0.0510   0.0800   0.1190   0.1660   0.2310   0.3070   0.3750   0.4520   0.5580   0.6780   0.7890   0.9060   1.0310   1.1700   1.3050 -10000000000.0000 -10000000000.0000 -10000000000.0000 -10000000000.0000 -10000000000.0000 -10000000000.0000;
296:  0.0100   0.0290   0.0510   0.0800   0.1190   0.1670   0.2320   0.3070   0.3760   0.4520   0.5580   0.6780   0.7890   0.9070   1.0310   1.1700   1.3040 -10000000000.0000 -10000000000.0000 -10000000000.0000 -10000000000.0000 -10000000000.0000 -10000000000.0000;
297:  0.0100   0.0290   0.0510   0.0800   0.1190   0.1660   0.2310   0.3070   0.3750   0.4520   0.5580   0.6780   0.7890   0.9070   1.0310   1.1700   1.3020 -10000000000.0000 -10000000000.0000 -10000000000.0000 -10000000000.0000 -10000000000.0000 -10000000000.0000;
298:  0.0100   0.0290   0.0510   0.0800   0.1190   0.1660   0.2310   0.3070   0.3750   0.4520   0.5580   0.6780   0.7890   0.9070   1.0310   1.1690   1.3000 -10000000000.0000 -10000000000.0000 -10000000000.0000 -10000000000.0000 -10000000000.0000 -10000000000.0000;
299:  0.0100   0.0290   0.0510   0.0800   0.1190   0.1660   0.2310   0.3070   0.3750   0.4520   0.5580   0.6770   0.7890   0.9070   1.0310   1.1690   1.2990 -10000000000.0000 -10000000000.0000 -10000000000.0000 -10000000000.0000 -10000000000.0000 -10000000000.0000;
300:  0.0100   0.0290   0.0510   0.0800   0.1190   0.1660   0.2310   0.3070   0.3750   0.4530   0.5580   0.6770   0.7890   0.9060   1.0300   1.1680   1.2980 -10000000000.0000 -10000000000.0000 -10000000000.0000 -10000000000.0000 -10000000000.0000 -10000000000.0000;
301:  0.0100   0.0290   0.0510   0.0800   0.1190   0.1660   0.2310   0.3070   0.3750   0.4520   0.5580   0.6770   0.7890   0.9070   1.0290   1.1680   1.2960 -10000000000.0000 -10000000000.0000 -10000000000.0000 -10000000000.0000 -10000000000.0000 -10000000000.0000;
302:  0.0100   0.0290   0.0510   0.0790   0.1190   0.1660   0.2310   0.3070   0.3750   0.4520   0.5580   0.6770   0.7880   0.9060   1.0290   1.1670   1.2940 -10000000000.0000 -10000000000.0000 -10000000000.0000 -10000000000.0000 -10000000000.0000 -10000000000.0000;
303:  0.0100   0.0290   0.0510   0.0790   0.1190   0.1660   0.2310   0.3070   0.3750   0.4520   0.5580   0.6770   0.7880   0.9060   1.0280   1.1660   1.2930 -10000000000.0000 -10000000000.0000 -10000000000.0000 -10000000000.0000 -10000000000.0000 -10000000000.0000;
304:  0.0100   0.0290   0.0510   0.0800   0.1190   0.1660   0.2310   0.3070   0.3750   0.4520   0.5580   0.6770   0.7880   0.9060   1.0280   1.1660   1.2910 -10000000000.0000 -10000000000.0000 -10000000000.0000 -10000000000.0000 -10000000000.0000 -10000000000.0000;
305:  0.0100   0.0290   0.0510   0.0800   0.1190   0.1660   0.2310   0.3070   0.3750   0.4520   0.5570   0.6770   0.7880   0.9050   1.0280   1.1660   1.2890 -10000000000.0000 -10000000000.0000 -10000000000.0000 -10000000000.0000 -10000000000.0000 -10000000000.0000;
306:  0.0100   0.0290   0.0510   0.0800   0.1190   0.1660   0.2310   0.3070   0.3750   0.4520   0.5570   0.6770   0.7880   0.9050   1.0280   1.1640   1.2880 -10000000000.0000 -10000000000.0000 -10000000000.0000 -10000000000.0000 -10000000000.0000 -10000000000.0000;
307:  0.0100   0.0290   0.0510   0.0800   0.1190   0.1660   0.2310   0.3070   0.3750   0.4520   0.5580   0.6770   0.7880   0.9050   1.0280   1.1640   1.2870 -10000000000.0000 -10000000000.0000 -10000000000.0000 -10000000000.0000 -10000000000.0000 -10000000000.0000;
308:  0.0100   0.0290   0.0510   0.0800   0.1190   0.1660   0.2300   0.3060   0.3750   0.4510   0.5570   0.6770   0.7870   0.9040   1.0280   1.1640   1.2860 -10000000000.0000 -10000000000.0000 -10000000000.0000 -10000000000.0000 -10000000000.0000 -10000000000.0000;
309:  0.0100   0.0290   0.0510   0.0790   0.1190   0.1660   0.2300   0.3060   0.3740   0.4510   0.5570   0.6770   0.7870   0.9030   1.0260   1.1630   1.2850 -10000000000.0000 -10000000000.0000 -10000000000.0000 -10000000000.0000 -10000000000.0000 -10000000000.0000;
310:  0.0100   0.0290   0.0510   0.0800   0.1190   0.1660   0.2300   0.3060   0.3740   0.4510   0.5570   0.6770   0.7870   0.9030   1.0270   1.1630   1.2850 -10000000000.0000 -10000000000.0000 -10000000000.0000 -10000000000.0000 -10000000000.0000 -10000000000.0000;
311:  0.0100   0.0290   0.0510   0.0800   0.1190   0.1660   0.2300   0.3060   0.3750   0.4500   0.5570   0.6770   0.7870   0.9020   1.0260   1.1620   1.2860 -10000000000.0000 -10000000000.0000 -10000000000.0000 -10000000000.0000 -10000000000.0000 -10000000000.0000;
312:  0.0100   0.0290   0.0510   0.0800   0.1190   0.1660   0.2300   0.3060   0.3740   0.4500   0.5570   0.6770   0.7860   0.9020   1.0260   1.1620   1.2860 -10000000000.0000 -10000000000.0000 -10000000000.0000 -10000000000.0000 -10000000000.0000 -10000000000.0000;
313:  0.0100   0.0290   0.0510   0.0800   0.1190   0.1660   0.2300   0.3070   0.3750   0.4500   0.5570   0.6770   0.7860   0.9010   1.0260   1.1620   1.2870 -10000000000.0000 -10000000000.0000 -10000000000.0000 -10000000000.0000 -10000000000.0000 -10000000000.0000;
314:  0.0100   0.0290   0.0510   0.0800   0.1190   0.1660   0.2300   0.3070   0.3750   0.4500   0.5570   0.6770   0.7860   0.9010   1.0250   1.1620   1.2880 -10000000000.0000 -10000000000.0000 -10000000000.0000 -10000000000.0000 -10000000000.0000 -10000000000.0000;
315:  0.0100   0.0290   0.0510   0.0800   0.1190   0.1660   0.2300   0.3060   0.3750   0.4500   0.5570   0.6770   0.7850   0.9010   1.0260   1.1610   1.2880 -10000000000.0000 -10000000000.0000 -10000000000.0000 -10000000000.0000 -10000000000.0000 -10000000000.0000;
316:  0.0100   0.0290   0.0510   0.0800   0.1190   0.1660   0.2300   0.3060   0.3750   0.4500   0.5570   0.6770   0.7850   0.9000   1.0250   1.1610   1.2890 -10000000000.0000 -10000000000.0000 -10000000000.0000 -10000000000.0000 -10000000000.0000 -10000000000.0000;
317:  0.0100   0.0290   0.0510   0.0800   0.1190   0.1660   0.2300   0.3060   0.3740   0.4500   0.5570   0.6780   0.7850   0.9000   1.0250   1.1610   1.2900 -10000000000.0000 -10000000000.0000 -10000000000.0000 -10000000000.0000 -10000000000.0000 -10000000000.0000;
318:  0.0090   0.0280   0.0510   0.0790   0.1190   0.1660   0.2300   0.3060   0.3740   0.4490   0.5560   0.6770   0.7850   0.8990   1.0240   1.1600   1.2900   1.4250   1.5650   1.7210 -10000000000.0000 -10000000000.0000 -10000000000.0000;
319:  0.0100   0.0290   0.0510   0.0800   0.1190   0.1660   0.2300   0.3060   0.3740   0.4490   0.5570   0.6780   0.7840   0.8990   1.0240   1.1610   1.2910   1.4250   1.5660   1.7280 -10000000000.0000 -10000000000.0000 -10000000000.0000;
320:  0.0100   0.0290   0.0510   0.0800   0.1190   0.1660   0.2300   0.3060   0.3740   0.4490   0.5570   0.6780   0.7840   0.8990   1.0250   1.1610   1.2910   1.4240   1.5680   1.7350 -10000000000.0000 -10000000000.0000 -10000000000.0000;
321:  0.0100   0.0290   0.0510   0.0800   0.1190   0.1660   0.2300   0.3070   0.3740   0.4490   0.5570   0.6780   0.7840   0.8990   1.0250   1.1610   1.2920   1.4250   1.5710   1.7430 -10000000000.0000 -10000000000.0000 -10000000000.0000;
322:  0.0100   0.0290   0.0510   0.0800   0.1190   0.1660   0.2310   0.3070   0.3740   0.4490   0.5570   0.6780   0.7840   0.8990   1.0250   1.1600   1.2930   1.4240   1.5730   1.7500 -10000000000.0000 -10000000000.0000 -10000000000.0000;
323:  0.0100   0.0290   0.0520   0.0800   0.1200   0.1670   0.2310   0.3070   0.3750   0.4500   0.5580   0.6780   0.7840   0.8990   1.0250   1.1610   1.2940   1.4250   1.5750   1.7580 -10000000000.0000 -10000000000.0000 -10000000000.0000;
324:  0.0100   0.0290   0.0520   0.0800   0.1200   0.1670   0.2310   0.3070   0.3750   0.4500   0.5580   0.6780   0.7840   0.8980   1.0250   1.1610   1.2950   1.4250   1.5780   1.7660 -10000000000.0000 -10000000000.0000 -10000000000.0000;
325:  0.0100   0.0290   0.0520   0.0810   0.1200   0.1670   0.2310   0.3080   0.3750   0.4500   0.5580   0.6780   0.7840   0.8990   1.0250   1.1620   1.2960   1.4260   1.5810   1.7740 -10000000000.0000 -10000000000.0000 -10000000000.0000;
326:  0.0110   0.0300   0.0520   0.0810   0.1200   0.1670   0.2320   0.3080   0.3750   0.4500   0.5590   0.6790   0.7840   0.8990   1.0260   1.1620   1.2970   1.4280   1.5850   1.7830 -10000000000.0000 -10000000000.0000 -10000000000.0000;
327:  0.0110   0.0300   0.0520   0.0810   0.1200   0.1670   0.2320   0.3080   0.3750   0.4510   0.5590   0.6790   0.7840   0.8990   1.0250   1.1610   1.2970   1.4280   1.5880   1.7900 -10000000000.0000 -10000000000.0000 -10000000000.0000;
328:  0.0110   0.0300   0.0520   0.0810   0.1200   0.1670   0.2320   0.3080   0.3750   0.4510   0.5590   0.6790   0.7840   0.8990   1.0260   1.1620   1.2980   1.4300   1.5920   1.7990 -10000000000.0000 -10000000000.0000 -10000000000.0000;
329:  0.0110   0.0300   0.0520   0.0810   0.1200   0.1680   0.2320   0.3080   0.3760   0.4510   0.5590   0.6780   0.7840   0.8990   1.0260   1.1620   1.2990   1.4320   1.5960   1.8060 -10000000000.0000 -10000000000.0000 -10000000000.0000;
330:  0.0110   0.0300   0.0530   0.0810   0.1210   0.1680   0.2330   0.3090   0.3760   0.4510   0.5590   0.6780   0.7840   0.8990   1.0260   1.1620   1.3000   1.4340   1.6000   1.8140 -10000000000.0000 -10000000000.0000 -10000000000.0000;
331:  0.0110   0.0300   0.0530   0.0810   0.1210   0.1680   0.2330   0.3090   0.3760   0.4510   0.5590   0.6780   0.7840   0.8990   1.0260   1.1610   1.3010   1.4360   1.6050   1.8210 -10000000000.0000 -10000000000.0000 -10000000000.0000;
332:  0.0110   0.0300   0.0530   0.0810   0.1210   0.1680   0.2330   0.3090   0.3760   0.4510   0.5590   0.6780   0.7840   0.8990   1.0250   1.1610   1.3010   1.4390   1.6090   1.8280 -10000000000.0000 -10000000000.0000 -10000000000.0000;
333:  0.0110   0.0300   0.0530   0.0810   0.1210   0.1680   0.2330   0.3090   0.3760   0.4510   0.5590   0.6780   0.7840   0.8990   1.0260   1.1620   1.3020   1.4410   1.6140   1.8350 -10000000000.0000 -10000000000.0000 -10000000000.0000;
334:  0.0110   0.0300   0.0530   0.0810   0.1210   0.1680   0.2330   0.3090   0.3750   0.4510   0.5590   0.6780   0.7840   0.8990   1.0260   1.1610   1.3020   1.4430   1.6190   1.8410 -10000000000.0000 -10000000000.0000 -10000000000.0000;
335:  0.0110   0.0310   0.0530   0.0820   0.1210   0.1690   0.2330   0.3090   0.3760   0.4510   0.5590   0.6780   0.7840   0.8990   1.0250   1.1610   1.3020   1.4450   1.6240   1.8450 -10000000000.0000 -10000000000.0000 -10000000000.0000;
336:  0.0110   0.0300   0.0530   0.0810   0.1210   0.1680   0.2330   0.3090   0.3760   0.4510   0.5590   0.6780   0.7840   0.8990   1.0250   1.1610   1.3030   1.4490   1.6280   1.8500 -10000000000.0000 -10000000000.0000 -10000000000.0000;
337:  0.0110   0.0300   0.0530   0.0810   0.1210   0.1680   0.2330   0.3090   0.3760   0.4510   0.5580   0.6780   0.7830   0.8990   1.0260   1.1610   1.3050   1.4520   1.6340   1.8550 -10000000000.0000 -10000000000.0000 -10000000000.0000;
338:  0.0110   0.0300   0.0530   0.0810   0.1210   0.1690   0.2330   0.3080   0.3750   0.4510   0.5580   0.6770   0.7840   0.8990   1.0260   1.1610   1.3050   1.4540   1.6380   1.8570 -10000000000.0000 -10000000000.0000 -10000000000.0000;
339:  0.0110   0.0300   0.0530   0.0810   0.1210   0.1690   0.2330   0.3080   0.3750   0.4510   0.5590   0.6770   0.7830   0.8990   1.0250   1.1610   1.3060   1.4580   1.6430   1.8600 -10000000000.0000 -10000000000.0000 -10000000000.0000;
340:  0.0110   0.0300   0.0520   0.0810   0.1210   0.1680   0.2330   0.3080   0.3750   0.4500   0.5580   0.6770   0.7830   0.8990   1.0250   1.1610   1.3060   1.4600   1.6470   1.8620 -10000000000.0000 -10000000000.0000 -10000000000.0000;
341:  0.0110   0.0300   0.0530   0.0810   0.1210   0.1690   0.2330   0.3080   0.3760   0.4510   0.5580   0.6770   0.7830   0.8990   1.0260   1.1620   1.3060   1.4620   1.6510   1.8650 -10000000000.0000 -10000000000.0000 -10000000000.0000;
342:  0.0110   0.0300   0.0520   0.0810   0.1210   0.1690   0.2330   0.3080   0.3750   0.4500   0.5580   0.6770   0.7830   0.8990   1.0260   1.1620   1.3070   1.4640   1.6550   1.8670 -10000000000.0000 -10000000000.0000 -10000000000.0000;
343:  0.0110   0.0300   0.0520   0.0810   0.1210   0.1680   0.2330   0.3080   0.3750   0.4500   0.5580   0.6770   0.7830   0.8990   1.0260   1.1630   1.3080   1.4670   1.6600   1.8700 -10000000000.0000 -10000000000.0000 -10000000000.0000;
344:  0.0110   0.0300   0.0520   0.0810   0.1210   0.1690   0.2330   0.3080   0.3750   0.4500   0.5580   0.6770   0.7830   0.8990   1.0260   1.1630   1.3090   1.4680   1.6620   1.8720 -10000000000.0000 -10000000000.0000 -10000000000.0000;
345:  0.0100   0.0300   0.0520   0.0810   0.1210   0.1680   0.2330   0.3080   0.3750   0.4500   0.5580   0.6770   0.7830   0.8980   1.0250   1.1640   1.3090   1.4690   1.6650   1.8740 -10000000000.0000 -10000000000.0000 -10000000000.0000;
346:  0.0100   0.0300   0.0520   0.0810   0.1210   0.1680   0.2320   0.3080   0.3750   0.4500   0.5580   0.6770   0.7830   0.8990   1.0260   1.1650   1.3100   1.4710   1.6680   1.8750 -10000000000.0000 -10000000000.0000 -10000000000.0000;
347:  0.0100   0.0300   0.0520   0.0810   0.1210   0.1680   0.2330   0.3080   0.3750   0.4500   0.5580   0.6770   0.7830   0.8990   1.0260   1.1650   1.3110   1.4720   1.6710   1.8780 -10000000000.0000 -10000000000.0000 -10000000000.0000;
348:  0.0100   0.0300   0.0520   0.0810   0.1210   0.1680   0.2330   0.3080   0.3750   0.4500   0.5580   0.6770   0.7830   0.8990   1.0270   1.1660   1.3130   1.4740   1.6740   1.8800 -10000000000.0000 -10000000000.0000 -10000000000.0000;
349:  0.0100   0.0300   0.0520   0.0810   0.1200   0.1680   0.2330   0.3080   0.3750   0.4500   0.5570   0.6770   0.7830   0.8990   1.0270   1.1670   1.3130   1.4750   1.6750   1.8810 -10000000000.0000 -10000000000.0000 -10000000000.0000;
350:  0.0100   0.0300   0.0520   0.0810   0.1210   0.1680   0.2330   0.3080   0.3750   0.4500   0.5570   0.6770   0.7830   0.8990   1.0270   1.1670   1.3140   1.4760   1.6770   1.8830 -10000000000.0000 -10000000000.0000 -10000000000.0000;
351:  0.0100   0.0300   0.0520   0.0810   0.1210   0.1680   0.2330   0.3080   0.3760   0.4500   0.5580   0.6770   0.7840   0.9000   1.0280   1.1680   1.3160   1.4770   1.6780   1.8840 -10000000000.0000 -10000000000.0000 -10000000000.0000;
352:  0.0100   0.0300   0.0520   0.0810   0.1210   0.1680   0.2330   0.3080   0.3750   0.4500   0.5580   0.6780   0.7840   0.9000   1.0280   1.1700   1.3170   1.4790   1.6790   1.8860 -10000000000.0000 -10000000000.0000 -10000000000.0000;
353:  0.0110   0.0310   0.0530   0.0820   0.1210   0.1690   0.2340   0.3100   0.3760   0.4510   0.5590   0.6790   0.7850   0.9010   1.0300   1.1710   1.3190   1.4800   1.6800 -10000000000.0000 -10000000000.0000 -10000000000.0000 -10000000000.0000;
354:  0.0110   0.0310   0.0530   0.0820   0.1210   0.1690   0.2340   0.3100   0.3760   0.4510   0.5590   0.6790   0.7840   0.9000   1.0300   1.1710   1.3200   1.4810   1.6810 -10000000000.0000 -10000000000.0000 -10000000000.0000 -10000000000.0000;
355:  0.0110   0.0310   0.0530   0.0820   0.1210   0.1690   0.2340   0.3100   0.3770   0.4510   0.5590   0.6790   0.7850   0.9010   1.0300   1.1720   1.3220   1.4830   1.6820 -10000000000.0000 -10000000000.0000 -10000000000.0000 -10000000000.0000;
356:  0.0110   0.0310   0.0530   0.0820   0.1210   0.1690   0.2340   0.3100   0.3770   0.4520   0.5600   0.6790   0.7860   0.9020   1.0310   1.1740   1.3240   1.4840   1.6830 -10000000000.0000 -10000000000.0000 -10000000000.0000 -10000000000.0000;
357:  0.0110   0.0310   0.0530   0.0820   0.1210   0.1680   0.2340   0.3100   0.3770   0.4520   0.5600   0.6800   0.7860   0.9030   1.0330   1.1750   1.3240   1.4850   1.6840 -10000000000.0000 -10000000000.0000 -10000000000.0000 -10000000000.0000;
358:  0.0110   0.0300   0.0530   0.0810   0.1210   0.1680   0.2340   0.3100   0.3760   0.4520   0.5600   0.6800   0.7860   0.9030   1.0330   1.1760   1.3260   1.4860   1.6840 -10000000000.0000 -10000000000.0000 -10000000000.0000 -10000000000.0000;
359:  0.0110   0.0310   0.0530   0.0820   0.1210   0.1680   0.2340   0.3110   0.3770   0.4520   0.5600   0.6800   0.7870   0.9040   1.0350   1.1770   1.3270   1.4870   1.6840 -10000000000.0000 -10000000000.0000 -10000000000.0000 -10000000000.0000;
