C:\RK-3\Data\PA000001\HT0000010008L.DAT;
000:  0.0140   0.0310   0.0510   0.0780   0.1160   0.1620   0.2270   0.3050   0.3760   0.4570   0.5790   0.7250   0.8480   0.9590   1.0640   1.1780   1.3010   1.4520   1.6240   1.8170   2.0790   2.5080 -10000000000.0000;
001:  0.0130   0.0310   0.0510   0.0770   0.1160   0.1620   0.2270   0.3050   0.3760   0.4570   0.5790   0.7240   0.8480   0.9600   1.0660   1.1790   1.3020   1.4570   1.6300   1.8230   2.0870   2.5110 -10000000000.0000;
002:  0.0130   0.0310   0.0510   0.0770   0.1160   0.1620   0.2270   0.3050   0.3750   0.4560   0.5780   0.7240   0.8480   0.9610   1.0670   1.1800   1.3040   1.4590   1.6330   1.8290   2.0940   2.5140 -10000000000.0000;
003:  0.0130   0.0300   0.0500   0.0770   0.1150   0.1610   0.2270   0.3050   0.3750   0.4560   0.5780   0.7240   0.8480   0.9610   1.0670   1.1820   1.3060   1.4590   1.6350   1.8350   2.1010   2.5160 -10000000000.0000;
004:  0.0130   0.0300   0.0500   0.0770   0.1150   0.1610   0.2260   0.3040   0.3750   0.4560   0.5780   0.7230   0.8480   0.9610   1.0680   1.1830   1.3070   1.4650   1.6430   1.8410   2.1070   2.5160 -10000000000.0000;
005:  0.0130   0.0300   0.0500   0.0770   0.1150   0.1610   0.2260   0.3040   0.3750   0.4560   0.5780   0.7230   0.8480   0.9620   1.0690   1.1850   1.3090   1.4660   1.6450   1.8470   2.1120   2.5160 -10000000000.0000;
006:  0.0120   0.0300   0.0500   0.0770   0.1150   0.1610   0.2260   0.3040   0.3750   0.4560   0.5770   0.7230   0.8470   0.9620   1.0700   1.1860   1.3110   1.4670   1.6470   1.8540   2.1180   2.5180 -10000000000.0000;
007:  0.0120   0.0300   0.0500   0.0770   0.1150   0.1610   0.2260   0.3040   0.3750   0.4550   0.5770   0.7230   0.8470   0.9630   1.0710   1.1890   1.3140   1.4660   1.6480   1.8610   2.1230   2.5180 -10000000000.0000;
008:  0.0120   0.0290   0.0500   0.0770   0.1150   0.1610   0.2260   0.3030   0.3740   0.4550   0.5770   0.7230   0.8470   0.9620   1.0720   1.1900   1.3160   1.4680   1.6510   1.8670   2.1270   2.5170 -10000000000.0000;
009:  0.0120   0.0290   0.0500   0.0770   0.1150   0.1610   0.2260   0.3030   0.3740   0.4550   0.5770   0.7230   0.8470   0.9630   1.0730   1.1930   1.3190   1.4690   1.6550   1.8730   2.1310   2.5170 -10000000000.0000;
010:  0.0120   0.0290   0.0500   0.0760   0.1150   0.1610   0.2260   0.3030   0.3740   0.4550   0.5770   0.7230   0.8470   0.9630   1.0750   1.1950   1.3210   1.4710   1.6600   1.8800   2.1350   2.5150 -10000000000.0000;
011:  0.0120   0.0290   0.0490   0.0760   0.1140   0.1610   0.2260   0.3030   0.3740   0.4550   0.5770   0.7230   0.8470   0.9640   1.0760   1.1980   1.3240   1.4740   1.6640   1.8880   2.1380   2.5130 -10000000000.0000;
012:  0.0110   0.0290   0.0490   0.0760   0.1140   0.1610   0.2250   0.3020   0.3740   0.4550   0.5770   0.7230   0.8470   0.9640   1.0780   1.2000   1.3270   1.4760   1.6700   1.8960   2.1420   2.5110 -10000000000.0000;
013:  0.0110   0.0290   0.0490   0.0760   0.1140   0.1600   0.2250   0.3020   0.3740   0.4540   0.5770   0.7240   0.8460   0.9640   1.0790   1.2030   1.3300   1.4790   1.6750   1.9030   2.1440   2.5090 -10000000000.0000;
014:  0.0110   0.0280   0.0490   0.0760   0.1140   0.1600   0.2250   0.3020   0.3730   0.4540   0.5770   0.7240   0.8460   0.9650   1.0800   1.2060   1.3330   1.4810   1.6810   1.9100   2.1450   2.5050 -10000000000.0000;
015:  0.0110   0.0280   0.0490   0.0760   0.1140   0.1600   0.2240   0.3010   0.3740   0.4540   0.5770   0.7240   0.8460   0.9650   1.0810   1.2080   1.3360   1.4840   1.6870   1.9180   2.1470   2.5030 -10000000000.0000;
016:  0.0110   0.0280   0.0490   0.0760   0.1130   0.1600   0.2240   0.3010   0.3740   0.4540   0.5770   0.7240   0.8460   0.9650   1.0820   1.2110   1.3380   1.4880   1.6940   1.9250   2.1470   2.5000 -10000000000.0000;
017:  0.0110   0.0280   0.0490   0.0750   0.1130   0.1600   0.2240   0.3010   0.3730   0.4540   0.5780   0.7240   0.8460   0.9660   1.0830   1.2130   1.3410   1.4910   1.7010   1.9320   2.1480   2.4980 -10000000000.0000;
018:  0.0100   0.0280   0.0480   0.0750   0.1130   0.1600   0.2240   0.3010   0.3730   0.4540   0.5770   0.7240   0.8460   0.9660   1.0840   1.2150   1.3440   1.4940   1.7070   1.9380   2.1480   2.4950 -10000000000.0000;
019:  0.0100   0.0280   0.0480   0.0750   0.1130   0.1590   0.2230   0.3000   0.3730   0.4530   0.5770   0.7240   0.8460   0.9660   1.0850   1.2170   1.3460   1.4970   1.7150   1.9440   2.1480   2.4930 -10000000000.0000;
020:  0.0100   0.0270   0.0480   0.0750   0.1130   0.1590   0.2230   0.3000   0.3720   0.4530   0.5780   0.7240   0.8460   0.9670   1.0870   1.2200   1.3490   1.5000   1.7220   1.9500   2.1480   2.4900 -10000000000.0000;
021:  0.0100   0.0270   0.0480   0.0750   0.1120   0.1590   0.2230   0.2990   0.3720   0.4530   0.5780   0.7250   0.8460   0.9670   1.0880   1.2220   1.3520   1.5040   1.7290   1.9560   2.1480   2.4870 -10000000000.0000;
022:  0.0100   0.0270   0.0480   0.0750   0.1120   0.1590   0.2230   0.2990   0.3720   0.4530   0.5780   0.7250   0.8460   0.9680   1.0900   1.2250   1.3540   1.5070   1.7350   1.9620   2.1480   2.4830 -10000000000.0000;
023:  0.0100   0.0270   0.0480   0.0750   0.1120   0.1590   0.2230   0.2990   0.3720   0.4530   0.5780   0.7260   0.8470   0.9690   1.0920   1.2270   1.3580   1.5100   1.7430   1.9690   2.1470   2.4790 -10000000000.0000;
024:  0.0090   0.0270   0.0470   0.0740   0.1120   0.1580   0.2220   0.2980   0.3710   0.4520   0.5780   0.7260   0.8470   0.9690   1.0930   1.2290   1.3600   1.5130   1.7490   1.9750   2.1470   2.4730 -10000000000.0000;
025:  0.0090   0.0260   0.0470   0.0740   0.1110   0.1580   0.2220   0.2980   0.3710   0.4520   0.5780   0.7260   0.8470   0.9690   1.0940   1.2310   1.3620   1.5160   1.7550   1.9820   2.1470   2.4670 -10000000000.0000;
026:  0.0090   0.0260   0.0470   0.0740   0.1110   0.1580   0.2220   0.2980   0.3700   0.4520   0.5780   0.7270   0.8480   0.9700   1.0960   1.2350   1.3660   1.5190   1.7620   1.9900   2.1490   2.4620 -10000000000.0000;
027:  0.0090   0.0260   0.0470   0.0730   0.1110   0.1580   0.2210   0.2970   0.3700   0.4510   0.5780   0.7280   0.8480   0.9700   1.0970   1.2370   1.3680   1.5200   1.7670   1.9970   2.1490   2.4540 -10000000000.0000;
028:  0.0090   0.0260   0.0460   0.0730   0.1100   0.1570   0.2210   0.2970   0.3690   0.4510   0.5790   0.7280   0.8480   0.9710   1.0980   1.2380   1.3700   1.5230   1.7730   2.0040   2.1510   2.4450 -10000000000.0000;
029:  0.0080   0.0250   0.0460   0.0730   0.1100   0.1570   0.2200   0.2960   0.3680   0.4500   0.5780   0.7290   0.8490   0.9710   1.1000   1.2400   1.3710   1.5240   1.7780   2.0120   2.1520   2.4370 -10000000000.0000;
030:  0.0080   0.0250   0.0460   0.0730   0.1100   0.1570   0.2210   0.2960   0.3680   0.4500   0.5790   0.7290   0.8500   0.9720   1.1010   1.2420   1.3740   1.5260   1.7830   2.0200   2.1530 -10000000000.0000 -10000000000.0000;
031:  0.0080   0.0250   0.0460   0.0730   0.1100   0.1570   0.2210   0.2960   0.3680   0.4500   0.5790   0.7300   0.8510   0.9730   1.1030   1.2440   1.3750   1.5270   1.7890   2.0290   2.1560 -10000000000.0000 -10000000000.0000;
032:  0.0080   0.0250   0.0460   0.0720   0.1100   0.1570   0.2200   0.2950   0.3680   0.4500   0.5790   0.7310   0.8510   0.9740   1.1030   1.2450   1.3760   1.5280   1.7930   2.0360   2.1580 -10000000000.0000 -10000000000.0000;
033:  0.0080   0.0250   0.0450   0.0720   0.1100   0.1560   0.2200   0.2950   0.3670   0.4500   0.5800   0.7320   0.8530   0.9750   1.1050   1.2480   1.3790   1.5290   1.7990   2.0460   2.1610 -10000000000.0000 -10000000000.0000;
034:  0.0110   0.0280   0.0480   0.0740   0.1120   0.1580   0.2230   0.2980   0.3700   0.4530   0.5830   0.7350   0.8560   0.9760   1.1070   1.2510   1.3820   1.5330   1.8070   2.0550 -10000000000.0000 -10000000000.0000 -10000000000.0000;
035:  0.0110   0.0280   0.0480   0.0740   0.1110   0.1580   0.2230   0.2980   0.3700   0.4530   0.5840   0.7370   0.8570   0.9770   1.1080   1.2520   1.3830   1.5330   1.8120   2.0640 -10000000000.0000 -10000000000.0000 -10000000000.0000;
036:  0.0110   0.0280   0.0480   0.0740   0.1110   0.1580   0.2230   0.2970   0.3700   0.4530   0.5840   0.7370   0.8580   0.9770   1.1080   1.2530   1.3830   1.5320   1.8150   2.0710 -10000000000.0000 -10000000000.0000 -10000000000.0000;
037:  0.0110   0.0280   0.0480   0.0740   0.1110   0.1580   0.2230   0.2970   0.3700   0.4530   0.5850   0.7380   0.8600   0.9780   1.1090   1.2550   1.3840   1.5330   1.8200   2.0800 -10000000000.0000 -10000000000.0000 -10000000000.0000;
038:  0.0130   0.0300   0.0490   0.0750   0.1120   0.1590   0.2240   0.2990   0.3710   0.4550   0.5870   0.7400   0.8620   0.9780   1.1100   1.2570   1.3860   1.5340   1.8230 -10000000000.0000 -10000000000.0000 -10000000000.0000 -10000000000.0000;
039:  0.0130   0.0300   0.0490   0.0750   0.1120   0.1590   0.2240   0.2990   0.3710   0.4550   0.5870   0.7410   0.8630   0.9790   1.1110   1.2580   1.3860   1.5340   1.8270 -10000000000.0000 -10000000000.0000 -10000000000.0000 -10000000000.0000;
040:  0.0130   0.0300   0.0490   0.0750   0.1120   0.1590   0.2240   0.2980   0.3710   0.4550   0.5870   0.7410   0.8640   0.9790   1.1100   1.2580   1.3850   1.5330   1.8290 -10000000000.0000 -10000000000.0000 -10000000000.0000 -10000000000.0000;
041:  0.0130   0.0300   0.0490   0.0750   0.1120   0.1590   0.2240   0.2980   0.3700   0.4550   0.5870   0.7420   0.8660   0.9790   1.1100   1.2580   1.3850   1.5330   1.8320 -10000000000.0000 -10000000000.0000 -10000000000.0000 -10000000000.0000;
042:  0.0110   0.0280   0.0480   0.0740   0.1110   0.1580   0.2220   0.2960   0.3680   0.4530   0.5860   0.7420   0.8670   0.9790   1.1080   1.2560   1.3820   1.5310 -10000000000.0000 -10000000000.0000 -10000000000.0000 -10000000000.0000 -10000000000.0000;
043:  0.0110   0.0280   0.0480   0.0740   0.1110   0.1570   0.2220   0.2960   0.3680   0.4530   0.5860   0.7430   0.8680   0.9790   1.1090   1.2570   1.3830   1.5320 -10000000000.0000 -10000000000.0000 -10000000000.0000 -10000000000.0000 -10000000000.0000;
044:  0.0110   0.0280   0.0480   0.0730   0.1100   0.1570   0.2210   0.2960   0.3670   0.4530   0.5860   0.7430   0.8690   0.9790   1.1080   1.2570   1.3820   1.5310 -10000000000.0000 -10000000000.0000 -10000000000.0000 -10000000000.0000 -10000000000.0000;
045:  0.0110   0.0280   0.0470   0.0730   0.1100   0.1570   0.2210   0.2950   0.3670   0.4530   0.5860   0.7430   0.8700   0.9800   1.1070   1.2560   1.3810   1.5300 -10000000000.0000 -10000000000.0000 -10000000000.0000 -10000000000.0000 -10000000000.0000;
046:  0.0110   0.0280   0.0470   0.0730   0.1100   0.1570   0.2210   0.2950   0.3670   0.4530   0.5860   0.7430   0.8720   0.9800   1.1070   1.2560   1.3810   1.5310 -10000000000.0000 -10000000000.0000 -10000000000.0000 -10000000000.0000 -10000000000.0000;
047:  0.0110   0.0280   0.0470   0.0730   0.1100   0.1560   0.2210   0.2950   0.3670   0.4530   0.5860   0.7430   0.8720   0.9800   1.1070   1.2560   1.3800   1.5300 -10000000000.0000 -10000000000.0000 -10000000000.0000 -10000000000.0000 -10000000000.0000;
048:  0.0110   0.0280   0.0470   0.0730   0.1100   0.1560   0.2200   0.2950   0.3670   0.4530   0.5860   0.7430   0.8720   0.9800   1.1060   1.2560   1.3790   1.5300 -10000000000.0000 -10000000000.0000 -10000000000.0000 -10000000000.0000 -10000000000.0000;
049:  0.0110   0.0280   0.0470   0.0730   0.1100   0.1560   0.2200   0.2950   0.3670   0.4530   0.5860   0.7420   0.8730   0.9800   1.1070   1.2560   1.3790   1.5300 -10000000000.0000 -10000000000.0000 -10000000000.0000 -10000000000.0000 -10000000000.0000;
050:  0.0110   0.0280   0.0470   0.0730   0.1100   0.1560   0.2200   0.2940   0.3660   0.4520   0.5860   0.7410   0.8720   0.9800   1.1060   1.2560   1.3780   1.5290 -10000000000.0000 -10000000000.0000 -10000000000.0000 -10000000000.0000 -10000000000.0000;
051:  0.0110   0.0280   0.0470   0.0730   0.1100   0.1560   0.2190   0.2940   0.3660   0.4520   0.5860   0.7400   0.8710   0.9800   1.1060   1.2550   1.3770   1.5290 -10000000000.0000 -10000000000.0000 -10000000000.0000 -10000000000.0000 -10000000000.0000;
052:  0.0110   0.0270   0.0470   0.0730   0.1100   0.1550   0.2190   0.2940   0.3660   0.4520   0.5860   0.7390   0.8710   0.9810   1.1070   1.2550   1.3770   1.5290 -10000000000.0000 -10000000000.0000 -10000000000.0000 -10000000000.0000 -10000000000.0000;
053:  0.0110   0.0270   0.0470   0.0730   0.1090   0.1550   0.2190   0.2940   0.3660   0.4520   0.5860   0.7380   0.8700   0.9820   1.1070   1.2550   1.3770   1.5300 -10000000000.0000 -10000000000.0000 -10000000000.0000 -10000000000.0000 -10000000000.0000;
054:  0.0110   0.0270   0.0470   0.0720   0.1090   0.1550   0.2180   0.2940   0.3660   0.4520   0.5850   0.7360   0.8690   0.9830   1.1080   1.2550   1.3760   1.5290 -10000000000.0000 -10000000000.0000 -10000000000.0000 -10000000000.0000 -10000000000.0000;
055:  0.0110   0.0270   0.0470   0.0720   0.1090   0.1550   0.2180   0.2940   0.3660   0.4520   0.5860   0.7340   0.8680   0.9840   1.1090   1.2550   1.3760   1.5290 -10000000000.0000 -10000000000.0000 -10000000000.0000 -10000000000.0000 -10000000000.0000;
056:  0.0100   0.0270   0.0470   0.0720   0.1090   0.1550   0.2180   0.2930   0.3650   0.4510   0.5860   0.7320   0.8660   0.9850   1.1090   1.2550   1.3750   1.5290 -10000000000.0000 -10000000000.0000 -10000000000.0000 -10000000000.0000 -10000000000.0000;
057:  0.0100   0.0270   0.0470   0.0720   0.1090   0.1550   0.2180   0.2930   0.3650   0.4520   0.5860   0.7300   0.8640   0.9860   1.1100   1.2550   1.3750   1.5290 -10000000000.0000 -10000000000.0000 -10000000000.0000 -10000000000.0000 -10000000000.0000;
058:  0.0100   0.0270   0.0470   0.0720   0.1090   0.1550   0.2180   0.2930   0.3650   0.4510   0.5860   0.7270   0.8620   0.9870   1.1110   1.2550   1.3740   1.5290 -10000000000.0000 -10000000000.0000 -10000000000.0000 -10000000000.0000 -10000000000.0000;
059:  0.0100   0.0270   0.0470   0.0720   0.1090   0.1540   0.2170   0.2930   0.3650   0.4510   0.5860   0.7240   0.8590   0.9880   1.1120   1.2550   1.3750   1.5300 -10000000000.0000 -10000000000.0000 -10000000000.0000 -10000000000.0000 -10000000000.0000;
060:  0.0100   0.0270   0.0460   0.0720   0.1090   0.1540   0.2170   0.2920   0.3640   0.4510   0.5860   0.7220   0.8570   0.9890   1.1130   1.2550   1.3740   1.5290 -10000000000.0000 -10000000000.0000 -10000000000.0000 -10000000000.0000 -10000000000.0000;
061:  0.0100   0.0270   0.0460   0.0720   0.1090   0.1540   0.2170   0.2920   0.3640   0.4510   0.5860   0.7190   0.8540   0.9900   1.1140   1.2550   1.3730   1.5290 -10000000000.0000 -10000000000.0000 -10000000000.0000 -10000000000.0000 -10000000000.0000;
062:  0.0100   0.0270   0.0460   0.0720   0.1090   0.1540   0.2170   0.2920   0.3640   0.4510   0.5860   0.7170   0.8520   0.9910   1.1150   1.2560   1.3730   1.5300 -10000000000.0000 -10000000000.0000 -10000000000.0000 -10000000000.0000 -10000000000.0000;
063:  0.0100   0.0270   0.0460   0.0720   0.1090   0.1540   0.2170   0.2920   0.3640   0.4510   0.5850   0.7140   0.8500   0.9910   1.1160   1.2550   1.3730   1.5300 -10000000000.0000 -10000000000.0000 -10000000000.0000 -10000000000.0000 -10000000000.0000;
064:  0.0100   0.0270   0.0460   0.0720   0.1090   0.1540   0.2170   0.2920   0.3640   0.4510   0.5850   0.7120   0.8480   0.9920   1.1180   1.2560   1.3730   1.5300 -10000000000.0000 -10000000000.0000 -10000000000.0000 -10000000000.0000 -10000000000.0000;
065:  0.0100   0.0270   0.0460   0.0720   0.1080   0.1540   0.2170   0.2920   0.3630   0.4500   0.5850   0.7100   0.8460   0.9930   1.1180   1.2560   1.3720   1.5300 -10000000000.0000 -10000000000.0000 -10000000000.0000 -10000000000.0000 -10000000000.0000;
066:  0.0100   0.0270   0.0460   0.0720   0.1080   0.1540   0.2170   0.2910   0.3630   0.4510   0.5830   0.7060   0.8440   0.9930   1.1190   1.2560   1.3720   1.5300 -10000000000.0000 -10000000000.0000 -10000000000.0000 -10000000000.0000 -10000000000.0000;
067:  0.0100   0.0270   0.0460   0.0720   0.1080   0.1540   0.2170   0.2910   0.3630   0.4500   0.5830   0.7040   0.8430   0.9950   1.1200   1.2560   1.3720   1.5300 -10000000000.0000 -10000000000.0000 -10000000000.0000 -10000000000.0000 -10000000000.0000;
068:  0.0100   0.0270   0.0460   0.0720   0.1080   0.1540   0.2160   0.2910   0.3630   0.4500   0.5830   0.7030   0.8420   0.9960   1.1210   1.2560   1.3720   1.5310 -10000000000.0000 -10000000000.0000 -10000000000.0000 -10000000000.0000 -10000000000.0000;
069:  0.0100   0.0270   0.0460   0.0720   0.1080   0.1540   0.2160   0.2910   0.3620   0.4500   0.5800   0.6990   0.8410   0.9970   1.1220   1.2570   1.3720   1.5310 -10000000000.0000 -10000000000.0000 -10000000000.0000 -10000000000.0000 -10000000000.0000;
070:  0.0100   0.0270   0.0460   0.0720   0.1080   0.1540   0.2160   0.2910   0.3620   0.4500   0.5810   0.6990   0.8410   0.9980   1.1230   1.2570   1.3720   1.5320 -10000000000.0000 -10000000000.0000 -10000000000.0000 -10000000000.0000 -10000000000.0000;
071:  0.0100   0.0270   0.0460   0.0720   0.1080   0.1540   0.2160   0.2910   0.3620   0.4500   0.5820   0.7000   0.8410   0.9990   1.1240   1.2570   1.3720   1.5320 -10000000000.0000 -10000000000.0000 -10000000000.0000 -10000000000.0000 -10000000000.0000;
072:  0.0100   0.0260   0.0460   0.0720   0.1080   0.1540   0.2160   0.2900   0.3620   0.4500   0.5820   0.7000   0.8410   1.0000   1.1260   1.2580   1.3720   1.5320 -10000000000.0000 -10000000000.0000 -10000000000.0000 -10000000000.0000 -10000000000.0000;
073:  0.0100   0.0260   0.0460   0.0710   0.1080   0.1540   0.2160   0.2900   0.3610   0.4490   0.5800   0.6980   0.8410   1.0010   1.1270   1.2580   1.3720   1.5330 -10000000000.0000 -10000000000.0000 -10000000000.0000 -10000000000.0000 -10000000000.0000;
074:  0.0100   0.0260   0.0460   0.0710   0.1080   0.1540   0.2160   0.2900   0.3610   0.4500   0.5800   0.6980   0.8420   1.0020   1.1280   1.2570   1.3710   1.5320 -10000000000.0000 -10000000000.0000 -10000000000.0000 -10000000000.0000 -10000000000.0000;
075:  0.0100   0.0260   0.0460   0.0710   0.1080   0.1540   0.2160   0.2900   0.3610   0.4490   0.5800   0.6980   0.8430   1.0030   1.1290   1.2580   1.3710   1.5330 -10000000000.0000 -10000000000.0000 -10000000000.0000 -10000000000.0000 -10000000000.0000;
076:  0.0100   0.0260   0.0460   0.0710   0.1080   0.1540   0.2160   0.2900   0.3610   0.4490   0.5820   0.7000   0.8430   1.0050   1.1300   1.2580   1.3710   1.5330 -10000000000.0000 -10000000000.0000 -10000000000.0000 -10000000000.0000 -10000000000.0000;
077:  0.0090   0.0260   0.0460   0.0710   0.1080   0.1540   0.2160   0.2900   0.3600   0.4490   0.5790   0.6970   0.8440   1.0060   1.1310   1.2590   1.3700   1.5320 -10000000000.0000 -10000000000.0000 -10000000000.0000 -10000000000.0000 -10000000000.0000;
078:  0.0100   0.0260   0.0460   0.0710   0.1080   0.1540   0.2160   0.2900   0.3610   0.4480   0.5700   0.6880   0.8450   1.0070   1.1310   1.2580   1.3690   1.5320 -10000000000.0000 -10000000000.0000 -10000000000.0000 -10000000000.0000 -10000000000.0000;
079:  0.0100   0.0260   0.0460   0.0710   0.1080   0.1540   0.2160   0.2890   0.3600   0.4480   0.5680   0.6870   0.8460   1.0080   1.1320   1.2580   1.3690   1.5320 -10000000000.0000 -10000000000.0000 -10000000000.0000 -10000000000.0000 -10000000000.0000;
080:  0.0090   0.0260   0.0460   0.0710   0.1080   0.1540   0.2160   0.2890   0.3600   0.4480   0.5670   0.6860   0.8470   1.0090   1.1340   1.2580   1.3680   1.5310 -10000000000.0000 -10000000000.0000 -10000000000.0000 -10000000000.0000 -10000000000.0000;
081:  0.0090   0.0260   0.0460   0.0710   0.1080   0.1540   0.2160   0.2890   0.3600   0.4480   0.5660   0.6840   0.8480   1.0110   1.1350   1.2580   1.3670   1.5300 -10000000000.0000 -10000000000.0000 -10000000000.0000 -10000000000.0000 -10000000000.0000;
082:  0.0090   0.0260   0.0460   0.0710   0.1080   0.1540   0.2160   0.2890   0.3600   0.4480   0.5640   0.6830   0.8490   1.0120   1.1360   1.2590   1.3660   1.5300 -10000000000.0000 -10000000000.0000 -10000000000.0000 -10000000000.0000 -10000000000.0000;
083:  0.0100   0.0260   0.0460   0.0710   0.1080   0.1540   0.2160   0.2890   0.3590   0.4470   0.5620   0.6820   0.8500   1.0130   1.1360   1.2590   1.3650   1.5280 -10000000000.0000 -10000000000.0000 -10000000000.0000 -10000000000.0000 -10000000000.0000;
084:  0.0090   0.0260   0.0460   0.0710   0.1080   0.1540   0.2150   0.2890   0.3590   0.4470   0.5610   0.6800   0.8510   1.0150   1.1370   1.2590   1.3640   1.5280 -10000000000.0000 -10000000000.0000 -10000000000.0000 -10000000000.0000 -10000000000.0000;
085:  0.0090   0.0260   0.0460   0.0710   0.1080   0.1540   0.2160   0.2890   0.3590   0.4460   0.5590   0.6790   0.8520   1.0150   1.1370   1.2580   1.3630   1.5270 -10000000000.0000 -10000000000.0000 -10000000000.0000 -10000000000.0000 -10000000000.0000;
086:  0.0090   0.0260   0.0460   0.0710   0.1080   0.1540   0.2150   0.2890   0.3590   0.4460   0.5580   0.6780   0.8530   1.0170   1.1380   1.2580   1.3610   1.5260 -10000000000.0000 -10000000000.0000 -10000000000.0000 -10000000000.0000 -10000000000.0000;
087:  0.0090   0.0260   0.0450   0.0710   0.1080   0.1540   0.2150   0.2880   0.3580   0.4460   0.5560   0.6760   0.8530   1.0180   1.1390   1.2580   1.3590   1.5240 -10000000000.0000 -10000000000.0000 -10000000000.0000 -10000000000.0000 -10000000000.0000;
088:  0.0090   0.0260   0.0460   0.0710   0.1080   0.1540   0.2150   0.2880   0.3580   0.4460   0.5550   0.6750   0.8530   1.0180   1.1390   1.2580   1.3570   1.5230 -10000000000.0000 -10000000000.0000 -10000000000.0000 -10000000000.0000 -10000000000.0000;
089:  0.0090   0.0260   0.0450   0.0710   0.1080   0.1540   0.2150   0.2880   0.3580   0.4460   0.5540   0.6740   0.8550   1.0190   1.1400   1.2580   1.3560   1.5220 -10000000000.0000 -10000000000.0000 -10000000000.0000 -10000000000.0000 -10000000000.0000;
090:  0.0090   0.0260   0.0450   0.0710   0.1080   0.1540   0.2150   0.2880   0.3580   0.4450   0.5530   0.6730   0.8540   1.0200   1.1400   1.2570   1.3540   1.5200 -10000000000.0000 -10000000000.0000 -10000000000.0000 -10000000000.0000 -10000000000.0000;
091:  0.0090   0.0260   0.0450   0.0710   0.1080   0.1540   0.2150   0.2880   0.3580   0.4450   0.5510   0.6730   0.8550   1.0210   1.1410   1.2570   1.3530   1.5190 -10000000000.0000 -10000000000.0000 -10000000000.0000 -10000000000.0000 -10000000000.0000;
092:  0.0090   0.0260   0.0450   0.0710   0.1080   0.1540   0.2150   0.2880   0.3580   0.4440   0.5510   0.6720   0.8560   1.0220   1.1410   1.2560   1.3510   1.5170 -10000000000.0000 -10000000000.0000 -10000000000.0000 -10000000000.0000 -10000000000.0000;
093:  0.0090   0.0260   0.0450   0.0710   0.1080   0.1540   0.2150   0.2880   0.3570   0.4440   0.5500   0.6720   0.8560   1.0220   1.1410   1.2550   1.3490   1.5160 -10000000000.0000 -10000000000.0000 -10000000000.0000 -10000000000.0000 -10000000000.0000;
094:  0.0090   0.0260   0.0460   0.0710   0.1080   0.1540   0.2150   0.2880   0.3570   0.4440   0.5500   0.6710   0.8570   1.0230   1.1420   1.2550   1.3470   1.5140 -10000000000.0000 -10000000000.0000 -10000000000.0000 -10000000000.0000 -10000000000.0000;
095:  0.0090   0.0260   0.0460   0.0710   0.1080   0.1540   0.2150   0.2880   0.3570   0.4440   0.5500   0.6720   0.8580   1.0240   1.1420   1.2540   1.3460   1.5130 -10000000000.0000 -10000000000.0000 -10000000000.0000 -10000000000.0000 -10000000000.0000;
096:  0.0090   0.0260   0.0460   0.0720   0.1090   0.1540   0.2150   0.2880   0.3570   0.4430   0.5500   0.6720   0.8580   1.0240   1.1420   1.2540   1.3440   1.5110 -10000000000.0000 -10000000000.0000 -10000000000.0000 -10000000000.0000 -10000000000.0000;
097:  0.0090   0.0260   0.0450   0.0710   0.1080   0.1540   0.2150   0.2870   0.3570   0.4430   0.5490   0.6720   0.8580   1.0250   1.1420   1.2530   1.3420   1.5090 -10000000000.0000 -10000000000.0000 -10000000000.0000 -10000000000.0000 -10000000000.0000;
098:  0.0090   0.0260   0.0460   0.0710   0.1080   0.1540   0.2150   0.2870   0.3570   0.4430   0.5500   0.6730   0.8580   1.0260   1.1420   1.2520   1.3400   1.5080 -10000000000.0000 -10000000000.0000 -10000000000.0000 -10000000000.0000 -10000000000.0000;
099:  0.0090   0.0260   0.0460   0.0710   0.1080   0.1540   0.2150   0.2870   0.3570   0.4430   0.5500   0.6740   0.8590   1.0270   1.1420   1.2520   1.3390   1.5070 -10000000000.0000 -10000000000.0000 -10000000000.0000 -10000000000.0000 -10000000000.0000;
100:  0.0090   0.0260   0.0460   0.0720   0.1090   0.1540   0.2150   0.2870   0.3560   0.4420   0.5510   0.6750   0.8590   1.0270   1.1420   1.2510   1.3360   1.5050 -10000000000.0000 -10000000000.0000 -10000000000.0000 -10000000000.0000 -10000000000.0000;
101:  0.0100   0.0260   0.0460   0.0720   0.1090   0.1540   0.2150   0.2870   0.3560   0.4420   0.5520   0.6770   0.8590   1.0280   1.1420   1.2500   1.3350   1.5040 -10000000000.0000 -10000000000.0000 -10000000000.0000 -10000000000.0000 -10000000000.0000;
102:  0.0090   0.0260   0.0460   0.0720   0.1090   0.1540   0.2140   0.2870   0.3560   0.4420   0.5530   0.6780   0.8600   1.0280   1.1420   1.2490   1.3330   1.5020 -10000000000.0000 -10000000000.0000 -10000000000.0000 -10000000000.0000 -10000000000.0000;
103:  0.0100   0.0260   0.0460   0.0720   0.1090   0.1540   0.2140   0.2870   0.3560   0.4420   0.5550   0.6790   0.8600   1.0280   1.1430   1.2480   1.3310   1.5000 -10000000000.0000 -10000000000.0000 -10000000000.0000 -10000000000.0000 -10000000000.0000;
104:  0.0100   0.0260   0.0460   0.0720   0.1090   0.1540   0.2150   0.2870   0.3570   0.4420   0.5560   0.6810   0.8600   1.0290   1.1430   1.2480   1.3290   1.4990 -10000000000.0000 -10000000000.0000 -10000000000.0000 -10000000000.0000 -10000000000.0000;
105:  0.0100   0.0260   0.0460   0.0720   0.1090   0.1540   0.2150   0.2870   0.3560   0.4410   0.5570   0.6830   0.8600   1.0290   1.1420   1.2460   1.3270   1.4970 -10000000000.0000 -10000000000.0000 -10000000000.0000 -10000000000.0000 -10000000000.0000;
106:  0.0100   0.0260   0.0460   0.0720   0.1090   0.1540   0.2150   0.2870   0.3560   0.4420   0.5590   0.6850   0.8600   1.0290   1.1420   1.2450   1.3250   1.4960 -10000000000.0000 -10000000000.0000 -10000000000.0000 -10000000000.0000 -10000000000.0000;
107:  0.0100   0.0260   0.0460   0.0720   0.1090   0.1540   0.2150   0.2870   0.3570   0.4420   0.5610   0.6870   0.8590   1.0280   1.1420   1.2440   1.3230   1.4940 -10000000000.0000 -10000000000.0000 -10000000000.0000 -10000000000.0000 -10000000000.0000;
108:  0.0100   0.0270   0.0460   0.0720   0.1090   0.1540   0.2150   0.2870   0.3570   0.4410   0.5620   0.6880   0.8580   1.0280   1.1410   1.2430   1.3210   1.4920 -10000000000.0000 -10000000000.0000 -10000000000.0000 -10000000000.0000 -10000000000.0000;
109:  0.0100   0.0270   0.0460   0.0720   0.1090   0.1540   0.2150   0.2870   0.3570   0.4410   0.5630   0.6900   0.8570   1.0270   1.1410   1.2420   1.3190   1.4910 -10000000000.0000 -10000000000.0000 -10000000000.0000 -10000000000.0000 -10000000000.0000;
110:  0.0100   0.0260   0.0460   0.0720   0.1090   0.1540   0.2150   0.2870   0.3560   0.4410   0.5740   0.7020   0.8570   1.0260   1.1410   1.2410   1.3170   1.4890 -10000000000.0000 -10000000000.0000 -10000000000.0000 -10000000000.0000 -10000000000.0000;
111:  0.0100   0.0270   0.0470   0.0730   0.1090   0.1540   0.2150   0.2880   0.3570   0.4410   0.5740   0.7020   0.8560   1.0250   1.1400   1.2390   1.3150   1.4870 -10000000000.0000 -10000000000.0000 -10000000000.0000 -10000000000.0000 -10000000000.0000;
112:  0.0100   0.0270   0.0470   0.0730   0.1100   0.1540   0.2160   0.2880   0.3570   0.4410   0.5740   0.7020   0.8540   1.0240   1.1400   1.2390   1.3130   1.4850 -10000000000.0000 -10000000000.0000 -10000000000.0000 -10000000000.0000 -10000000000.0000;
113:  0.0100   0.0270   0.0470   0.0730   0.1100   0.1540   0.2160   0.2880   0.3570   0.4410   0.5700   0.6970   0.8530   1.0220   1.1390   1.2360   1.3100   1.4830 -10000000000.0000 -10000000000.0000 -10000000000.0000 -10000000000.0000 -10000000000.0000;
114:  0.0100   0.0270   0.0470   0.0730   0.1100   0.1550   0.2160   0.2890   0.3580   0.4410   0.5740   0.7020   0.8510   1.0200   1.1390   1.2350   1.3080   1.4820 -10000000000.0000 -10000000000.0000 -10000000000.0000 -10000000000.0000 -10000000000.0000;
115:  0.0110   0.0270   0.0470   0.0730   0.1100   0.1550   0.2160   0.2890   0.3580   0.4410   0.5730   0.7010   0.8500   1.0190   1.1390   1.2340   1.3060   1.4800 -10000000000.0000 -10000000000.0000 -10000000000.0000 -10000000000.0000 -10000000000.0000;
116:  0.0110   0.0280   0.0470   0.0740   0.1100   0.1550   0.2160   0.2890   0.3580   0.4420   0.5740   0.7030   0.8480   1.0170   1.1380   1.2330   1.3030   1.4770 -10000000000.0000 -10000000000.0000 -10000000000.0000 -10000000000.0000 -10000000000.0000;
117:  0.0110   0.0280   0.0480   0.0740   0.1100   0.1550   0.2170   0.2900   0.3590   0.4420   0.5760   0.7040   0.8470   1.0160   1.1380   1.2320   1.3010   1.4750 -10000000000.0000 -10000000000.0000 -10000000000.0000 -10000000000.0000 -10000000000.0000;
118:  0.0110   0.0280   0.0480   0.0740   0.1100   0.1550   0.2170   0.2900   0.3590   0.4410   0.5770   0.7050   0.8460   1.0140   1.1370   1.2290   1.2980   1.4720 -10000000000.0000 -10000000000.0000 -10000000000.0000 -10000000000.0000 -10000000000.0000;
119:  0.0110   0.0280   0.0480   0.0740   0.1110   0.1550   0.2170   0.2900   0.3590   0.4420   0.5780   0.7070   0.8450   1.0130   1.1360   1.2280   1.2960   1.4690 -10000000000.0000 -10000000000.0000 -10000000000.0000 -10000000000.0000 -10000000000.0000;
120:  0.0110   0.0280   0.0480   0.0740   0.1110   0.1550   0.2170   0.2900   0.3600   0.4420   0.5790   0.7080   0.8450   1.0120   1.1350   1.2260   1.2930   1.4660 -10000000000.0000 -10000000000.0000 -10000000000.0000 -10000000000.0000 -10000000000.0000;
121:  0.0110   0.0280   0.0480   0.0740   0.1110   0.1560   0.2170   0.2910   0.3600   0.4420   0.5830   0.7130   0.8450   1.0120   1.1350   1.2250   1.2910   1.4630 -10000000000.0000 -10000000000.0000 -10000000000.0000 -10000000000.0000 -10000000000.0000;
122:  0.0120   0.0280   0.0480   0.0750   0.1110   0.1560   0.2180   0.2910   0.3600   0.4420   0.5830   0.7130   0.8450   1.0110   1.1340   1.2240   1.2890   1.4600 -10000000000.0000 -10000000000.0000 -10000000000.0000 -10000000000.0000 -10000000000.0000;
123:  0.0110   0.0280   0.0480   0.0750   0.1110   0.1560   0.2180   0.2920   0.3600   0.4420   0.5840   0.7150   0.8460   1.0120   1.1330   1.2210   1.2860   1.4560 -10000000000.0000 -10000000000.0000 -10000000000.0000 -10000000000.0000 -10000000000.0000;
124:  0.0120   0.0290   0.0490   0.0750   0.1110   0.1560   0.2180   0.2920   0.3610   0.4420   0.5820   0.7140   0.8470   1.0120   1.1320   1.2200   1.2830   1.4520 -10000000000.0000 -10000000000.0000 -10000000000.0000 -10000000000.0000 -10000000000.0000;
125:  0.0120   0.0290   0.0490   0.0750   0.1110   0.1560   0.2180   0.2920   0.3610   0.4430   0.5850   0.7180   0.8500   1.0130   1.1310   1.2180   1.2810   1.4480 -10000000000.0000 -10000000000.0000 -10000000000.0000 -10000000000.0000 -10000000000.0000;
126:  0.0120   0.0290   0.0490   0.0750   0.1110   0.1560   0.2190   0.2930   0.3620   0.4430   0.5850   0.7200   0.8520   1.0140   1.1310   1.2170   1.2780   1.4450 -10000000000.0000 -10000000000.0000 -10000000000.0000 -10000000000.0000 -10000000000.0000;
127:  0.0120   0.0290   0.0490   0.0750   0.1110   0.1560   0.2190   0.2930   0.3620   0.4430   0.5850   0.7210   0.8550   1.0150   1.1300   1.2150   1.2750   1.4400 -10000000000.0000 -10000000000.0000 -10000000000.0000 -10000000000.0000 -10000000000.0000;
128:  0.0120   0.0290   0.0490   0.0750   0.1110   0.1560   0.2190   0.2930   0.3620   0.4430   0.5860   0.7250   0.8580   1.0160   1.1290   1.2130   1.2730   1.4360 -10000000000.0000 -10000000000.0000 -10000000000.0000 -10000000000.0000 -10000000000.0000;
129:  0.0120   0.0290   0.0490   0.0750   0.1110   0.1560   0.2190   0.2930   0.3630   0.4440   0.5870   0.7270   0.8620   1.0170   1.1280   1.2120   1.2700   1.4310 -10000000000.0000 -10000000000.0000 -10000000000.0000 -10000000000.0000 -10000000000.0000;
130:  0.0120   0.0290   0.0490   0.0750   0.1110   0.1560   0.2190   0.2930   0.3630   0.4440   0.5880   0.7310   0.8660   1.0190   1.1270   1.2100   1.2670   1.4260 -10000000000.0000 -10000000000.0000 -10000000000.0000 -10000000000.0000 -10000000000.0000;
131:  0.0120   0.0290   0.0490   0.0750   0.1110   0.1560   0.2190   0.2940   0.3630   0.4440   0.5880   0.7340   0.8710   1.0200   1.1260   1.2080   1.2650   1.4210 -10000000000.0000 -10000000000.0000 -10000000000.0000 -10000000000.0000 -10000000000.0000;
132:  0.0120   0.0290   0.0490   0.0750   0.1110   0.1560   0.2190   0.2940   0.3630   0.4440   0.5890   0.7380   0.8760   1.0220   1.1260   1.2060   1.2620   1.4170 -10000000000.0000 -10000000000.0000 -10000000000.0000 -10000000000.0000 -10000000000.0000;
133:  0.0120   0.0290   0.0490   0.0750   0.1110   0.1560   0.2190   0.2940   0.3630   0.4440   0.5890   0.7410   0.8810   1.0230   1.1240   1.2040   1.2590   1.4110 -10000000000.0000 -10000000000.0000 -10000000000.0000 -10000000000.0000 -10000000000.0000;
134:  0.0110   0.0280   0.0490   0.0750   0.1110   0.1560   0.2190   0.2940   0.3630   0.4440   0.5900   0.7450   0.8860   1.0240   1.1230   1.2030   1.2570   1.4050 -10000000000.0000 -10000000000.0000 -10000000000.0000 -10000000000.0000 -10000000000.0000;
135:  0.0110   0.0290   0.0490   0.0750   0.1110   0.1560   0.2190   0.2940   0.3630   0.4440   0.5900   0.7490   0.8900   1.0250   1.1220   1.2010   1.2540   1.4000 -10000000000.0000 -10000000000.0000 -10000000000.0000 -10000000000.0000 -10000000000.0000;
136:  0.0110   0.0280   0.0490   0.0750   0.1110   0.1560   0.2190   0.2940   0.3630   0.4440   0.5910   0.7530   0.8950   1.0260   1.1220   1.1990   1.2510   1.3950 -10000000000.0000 -10000000000.0000 -10000000000.0000 -10000000000.0000 -10000000000.0000;
137:  0.0110   0.0280   0.0490   0.0750   0.1110   0.1550   0.2190   0.2940   0.3630   0.4440   0.5920   0.7570   0.8990   1.0260   1.1210   1.1980   1.2490   1.3900 -10000000000.0000 -10000000000.0000 -10000000000.0000 -10000000000.0000 -10000000000.0000;
138:  0.0250   0.0420   0.0610   0.0860   0.1220   0.1680   0.2340   0.3100   0.3800   0.4610   0.6040   0.7680   0.9100   1.0360   1.1320   1.2090   1.2590   1.3960   1.7890 -10000000000.0000 -10000000000.0000 -10000000000.0000 -10000000000.0000;
139:  0.0260   0.0430   0.0610   0.0860   0.1220   0.1680   0.2350   0.3110   0.3810   0.4610   0.6050   0.7720   0.9140   1.0360   1.1310   1.2080   1.2570   1.3910   1.7810 -10000000000.0000 -10000000000.0000 -10000000000.0000 -10000000000.0000;
140:  0.0260   0.0430   0.0610   0.0860   0.1220   0.1680   0.2350   0.3110   0.3810   0.4610   0.6050   0.7760   0.9170   1.0370   1.1310   1.2060   1.2550   1.3850   1.7720 -10000000000.0000 -10000000000.0000 -10000000000.0000 -10000000000.0000;
141:  0.0260   0.0430   0.0620   0.0870   0.1230   0.1690   0.2350   0.3120   0.3810   0.4620   0.6060   0.7790   0.9200   1.0370   1.1300   1.2050   1.2520   1.3810   1.7640 -10000000000.0000 -10000000000.0000 -10000000000.0000 -10000000000.0000;
142:  0.0140   0.0310   0.0510   0.0770   0.1140   0.1590   0.2240   0.2980   0.3660   0.4470   0.5940   0.7750   0.9200   1.0340   1.1270   1.1990   1.2460   1.3690   1.7450   2.5300 -10000000000.0000 -10000000000.0000 -10000000000.0000;
143:  0.0140   0.0310   0.0510   0.0770   0.1140   0.1600   0.2240   0.2990   0.3670   0.4480   0.5960   0.7780   0.9220   1.0340   1.1260   1.1980   1.2430   1.3640   1.7360   2.5280 -10000000000.0000 -10000000000.0000 -10000000000.0000;
144:  0.0150   0.0320   0.0520   0.0780   0.1140   0.1600   0.2250   0.2990   0.3670   0.4480   0.5960   0.7800   0.9240   1.0340   1.1260   1.1960   1.2410   1.3600   1.7260   2.5250 -10000000000.0000 -10000000000.0000 -10000000000.0000;
145:  0.0150   0.0320   0.0520   0.0780   0.1140   0.1600   0.2250   0.3000   0.3680   0.4490   0.5970   0.7820   0.9260   1.0350   1.1260   1.1960   1.2400   1.3560   1.7170   2.5220 -10000000000.0000 -10000000000.0000 -10000000000.0000;
146: -0.0030   0.0130   0.0350   0.0640   0.1020   0.1480   0.2100   0.2820   0.3470   0.4250   0.5740   0.7640   0.9130   1.0250   1.1170   1.1870   1.2290   1.3410   1.6810   2.4550   2.9760 -10000000000.0000 -10000000000.0000;
147: -0.0030   0.0130   0.0350   0.0630   0.1020   0.1480   0.2100   0.2820   0.3460   0.4250   0.5740   0.7650   0.9140   1.0240   1.1170   1.1860   1.2270   1.3370   1.6710   2.4500   2.9810 -10000000000.0000 -10000000000.0000;
148: -0.0030   0.0130   0.0350   0.0630   0.1020   0.1470   0.2100   0.2810   0.3460   0.4240   0.5730   0.7640   0.9140   1.0250   1.1160   1.1840   1.2250   1.3330   1.6610   2.4420   2.9830 -10000000000.0000 -10000000000.0000;
149: -0.0030   0.0130   0.0350   0.0630   0.1020   0.1470   0.2100   0.2810   0.3450   0.4240   0.5730   0.7640   0.9150   1.0250   1.1160   1.1830   1.2230   1.3290   1.6500   2.4350   2.9850 -10000000000.0000 -10000000000.0000;
150: -0.0050   0.0110   0.0330   0.0620   0.1010   0.1460   0.2090   0.2800   0.3430   0.4220   0.5710   0.7630   0.9140   1.0250   1.1150   1.1810   1.2200   1.3240   1.6390   2.4230   2.9920   2.9960 -10000000000.0000;
151: -0.0050   0.0110   0.0330   0.0620   0.1000   0.1460   0.2090   0.2800   0.3430   0.4220   0.5710   0.7620   0.9140   1.0250   1.1140   1.1800   1.2190   1.3200   1.6280   2.4150   2.9930   2.9970 -10000000000.0000;
152: -0.0050   0.0110   0.0330   0.0620   0.1000   0.1460   0.2090   0.2800   0.3420   0.4210   0.5710   0.7620   0.9140   1.0250   1.1140   1.1790   1.2160   1.3160   1.6190   2.4080   2.9930   2.9990 -10000000000.0000;
153: -0.0050   0.0110   0.0330   0.0620   0.1000   0.1460   0.2090   0.2800   0.3410   0.4210   0.5710   0.7610   0.9140   1.0250   1.1130   1.1780   1.2140   1.3120   1.6110   2.4010   2.9950   3.0010 -10000000000.0000;
154: -0.0050   0.0100   0.0330   0.0620   0.1000   0.1460   0.2080   0.2790   0.3410   0.4200   0.5710   0.7610   0.9140   1.0250   1.1120   1.1760   1.2120   1.3090   1.6020   2.3920   2.9930   3.0000 -10000000000.0000;
155: -0.0050   0.0100   0.0330   0.0610   0.1000   0.1460   0.2080   0.2790   0.3400   0.4200   0.5710   0.7610   0.9150   1.0250   1.1120   1.1750   1.2110   1.3050   1.5930   2.3850   2.9920   3.0000 -10000000000.0000;
156: -0.0050   0.0100   0.0330   0.0620   0.1000   0.1460   0.2080   0.2790   0.3400   0.4200   0.5710   0.7610   0.9150   1.0250   1.1110   1.1740   1.2090   1.3010   1.5850   2.3790   2.9920   3.0000 -10000000000.0000;
157: -0.0050   0.0100   0.0330   0.0610   0.1000   0.1460   0.2080   0.2790   0.3390   0.4190   0.5710   0.7620   0.9160   1.0260   1.1110   1.1740   1.2070   1.2990   1.5790   2.3730   2.9910   2.9990 -10000000000.0000;
158: -0.0050   0.0100   0.0330   0.0620   0.1000   0.1460   0.2080   0.2790   0.3390   0.4190   0.5720   0.7620   0.9170   1.0260   1.1100   1.1730   1.2060   1.2960   1.5720   2.3660   2.9880   2.9990 -10000000000.0000;
159: -0.0050   0.0100   0.0330   0.0610   0.1000   0.1460   0.2080   0.2790   0.3380   0.4190   0.5720   0.7630   0.9180   1.0260   1.1100   1.1720   1.2050   1.2940   1.5660   2.3590   2.9870   2.9970 -10000000000.0000;
160: -0.0050   0.0100   0.0330   0.0620   0.1000   0.1460   0.2080   0.2790   0.3380   0.4190   0.5720   0.7640   0.9190   1.0250   1.1080   1.1710   1.2030   1.2910   1.5600   2.3540   2.9840   2.9960 -10000000000.0000;
161: -0.0050   0.0100   0.0330   0.0620   0.1000   0.1460   0.2080   0.2790   0.3380   0.4190   0.5730   0.7650   0.9210   1.0250   1.1080   1.1710   1.2020   1.2890   1.5560   2.3490   2.9820   2.9940 -10000000000.0000;
162: -0.0050   0.0100   0.0330   0.0620   0.1000   0.1460   0.2080   0.2780   0.3370   0.4190   0.5730   0.7670   0.9220   1.0240   1.1070   1.1700   1.2010   1.2880   1.5510   2.3450   2.9810   2.9930 -10000000000.0000;
163: -0.0050   0.0100   0.0330   0.0620   0.1000   0.1450   0.2080   0.2780   0.3370   0.4200   0.5740   0.7690   0.9230   1.0230   1.1060   1.1700   1.2000   1.2860   1.5470   2.3410   2.9780   2.9910 -10000000000.0000;
164: -0.0050   0.0100   0.0330   0.0620   0.1000   0.1450   0.2080   0.2780   0.3370   0.4200   0.5750   0.7710   0.9250   1.0230   1.1050   1.1690   1.1990   1.2840   1.5440   2.3370   2.9760   2.9880 -10000000000.0000;
165: -0.0050   0.0100   0.0330   0.0620   0.1010   0.1450   0.2080   0.2780   0.3370   0.4200   0.5750   0.7730   0.9260   1.0220   1.1050   1.1690   1.1990   1.2840   1.5420   2.3340   2.9740   2.9870 -10000000000.0000;
166: -0.0050   0.0100   0.0330   0.0620   0.1010   0.1460   0.2080   0.2780   0.3370   0.4200   0.5760   0.7750   0.9280   1.0210   1.1040   1.1690   1.1990   1.2830   1.5400   2.3310   2.9710   2.9840 -10000000000.0000;
167: -0.0050   0.0110   0.0330   0.0620   0.1010   0.1460   0.2080   0.2780   0.3370   0.4200   0.5770   0.7770   0.9290   1.0200   1.1030   1.1680   1.1980   1.2820   1.5390   2.3290   2.9690   2.9820 -10000000000.0000;
168: -0.0050   0.0110   0.0330   0.0620   0.1010   0.1450   0.2080   0.2780   0.3370   0.4200   0.5770   0.7790   0.9300   1.0180   1.1010   1.1680   1.1990   1.2820   1.5390   2.3280   2.9670   2.9800 -10000000000.0000;
169: -0.0050   0.0110   0.0330   0.0620   0.1010   0.1460   0.2080   0.2770   0.3370   0.4210   0.5780   0.7810   0.9310   1.0160   1.1000   1.1680   1.1980   1.2820   1.5390   2.3280   2.9650   2.9770 -10000000000.0000;
170: -0.0050   0.0110   0.0330   0.0620   0.1010   0.1460   0.2080   0.2780   0.3370   0.4220   0.5780   0.7820   0.9310   1.0150   1.1000   1.1680   1.1990   1.2830   1.5410   2.3270   2.9630   2.9760 -10000000000.0000;
171: -0.0050   0.0110   0.0330   0.0620   0.1010   0.1460   0.2080   0.2780   0.3370   0.4220   0.5790   0.7840   0.9320   1.0140   1.0990   1.1680   1.2000   1.2850   1.5430   2.3280   2.9600   2.9730 -10000000000.0000;
172: -0.0040   0.0110   0.0330   0.0620   0.1010   0.1460   0.2080   0.2770   0.3380   0.4230   0.5790   0.7840   0.9320   1.0120   1.0980   1.1690   1.2000   1.2860   1.5460   2.3290   2.9580   2.9700 -10000000000.0000;
173: -0.0040   0.0110   0.0330   0.0620   0.1010   0.1460   0.2080   0.2770   0.3380   0.4230   0.5790   0.7850   0.9310   1.0110   1.0980   1.1680   1.2000   1.2870   1.5490   2.3310   2.9560   2.9680 -10000000000.0000;
174: -0.0040   0.0110   0.0340   0.0620   0.1010   0.1460   0.2080   0.2780   0.3390   0.4240   0.5800   0.7860   0.9320   1.0100   1.0980   1.1690   1.2020   1.2890   1.5540   2.3330   2.9530   2.9660 -10000000000.0000;
175: -0.0040   0.0110   0.0340   0.0620   0.1010   0.1460   0.2080   0.2780   0.3390   0.4240   0.5790   0.7860   0.9310   1.0090   1.0980   1.1690   1.2030   1.2920   1.5590   2.3360   2.9510   2.9630 -10000000000.0000;
176: -0.0040   0.0110   0.0340   0.0620   0.1010   0.1460   0.2080   0.2780   0.3390   0.4240   0.5790   0.7860   0.9300   1.0080   1.0970   1.1690   1.2040   1.2940   1.5650   2.3390   2.9470   2.9590 -10000000000.0000;
177: -0.0040   0.0120   0.0340   0.0620   0.1010   0.1470   0.2080   0.2780   0.3400   0.4250   0.5800   0.7850   0.9300   1.0070   1.0970   1.1700   1.2050   1.2960   1.5720   2.3430   2.9440   2.9560 -10000000000.0000;
178: -0.0040   0.0120   0.0340   0.0620   0.1010   0.1470   0.2080   0.2780   0.3410   0.4250   0.5790   0.7850   0.9290   1.0060   1.0960   1.1700   1.2060   1.2990   1.5790   2.3480   2.9420   2.9540 -10000000000.0000;
179: -0.0040   0.0120   0.0340   0.0620   0.1010   0.1470   0.2080   0.2780   0.3410   0.4260   0.5800   0.7850   0.9290   1.0060   1.0970   1.1710   1.2080   1.3030   1.5880   2.3540   2.9400   2.9510 -10000000000.0000;
180: -0.0030   0.0120   0.0340   0.0620   0.1010   0.1470   0.2080   0.2780   0.3420   0.4260   0.5800   0.7850   0.9280   1.0060   1.0970   1.1710   1.2090   1.3060   1.5970   2.3610   2.9380   2.9480 -10000000000.0000;
181: -0.0030   0.0120   0.0340   0.0630   0.1010   0.1470   0.2080   0.2770   0.3420   0.4260   0.5800   0.7840   0.9270   1.0060   1.0970   1.1710   1.2100   1.3100   1.6060   2.3660   2.9330   2.9420 -10000000000.0000;
182: -0.0030   0.0120   0.0340   0.0630   0.1010   0.1470   0.2080   0.2770   0.3420   0.4270   0.5790   0.7820   0.9260   1.0060   1.0970   1.1720   1.2120   1.3140   1.6160   2.3730   2.9300   2.9390 -10000000000.0000;
183: -0.0030   0.0120   0.0340   0.0630   0.1010   0.1480   0.2080   0.2770   0.3430   0.4270   0.5790   0.7810   0.9250   1.0060   1.0970   1.1720   1.2130   1.3190   1.6270   2.3790   2.9250   2.9340 -10000000000.0000;
184: -0.0030   0.0120   0.0340   0.0630   0.1010   0.1480   0.2080   0.2770   0.3430   0.4280   0.5790   0.7800   0.9250   1.0070   1.0970   1.1730   1.2150   1.3230   1.6390   2.3870   2.9220   2.9320 -10000000000.0000;
185: -0.0030   0.0120   0.0340   0.0630   0.1010   0.1480   0.2080   0.2770   0.3430   0.4280   0.5780   0.7770   0.9240   1.0070   1.0960   1.1730   1.2160   1.3270   1.6510   2.3930   2.9170   2.9270 -10000000000.0000;
186: -0.0030   0.0130   0.0350   0.0630   0.1020   0.1480   0.2080   0.2770   0.3440   0.4280   0.5780   0.7760   0.9230   1.0070   1.0970   1.1740   1.2180   1.3330   1.6640   2.4020   2.9140   2.9230 -10000000000.0000;
187: -0.0030   0.0130   0.0350   0.0630   0.1020   0.1480   0.2080   0.2760   0.3440   0.4280   0.5760   0.7730   0.9220   1.0080   1.0970   1.1740   1.2200   1.3380   1.6770   2.4090   2.9090   2.9180 -10000000000.0000;
188: -0.0030   0.0130   0.0350   0.0630   0.1020   0.1490   0.2080   0.2760   0.3440   0.4280   0.5760   0.7720   0.9210   1.0080   1.0970   1.1750   1.2220   1.3440   1.6900   2.4160   2.9030   2.9120 -10000000000.0000;
189: -0.0020   0.0130   0.0350   0.0630   0.1020   0.1490   0.2080   0.2750   0.3440   0.4280   0.5750   0.7690   0.9200   1.0090   1.0970   1.1760   1.2240   1.3490   1.7030   2.4230   2.8990   2.9080 -10000000000.0000;
190: -0.0020   0.0130   0.0350   0.0630   0.1020   0.1490   0.2070   0.2750   0.3430   0.4280   0.5740   0.7670   0.9190   1.0090   1.0970   1.1750   1.2260   1.3550   1.7150   2.4290   2.8930   2.9020 -10000000000.0000;
191: -0.0020   0.0130   0.0350   0.0630   0.1020   0.1490   0.2070   0.2740   0.3430   0.4280   0.5730   0.7640   0.9180   1.0100   1.0970   1.1770   1.2280   1.3610   1.7280   2.4350   2.8880   2.8970 -10000000000.0000;
192: -0.0020   0.0130   0.0350   0.0630   0.1020   0.1490   0.2070   0.2740   0.3430   0.4280   0.5720   0.7620   0.9160   1.0090   1.0970   1.1770   1.2300   1.3660   1.7390   2.4380   2.8810   2.8910 -10000000000.0000;
193: -0.0020   0.0130   0.0350   0.0630   0.1020   0.1490   0.2070   0.2730   0.3420   0.4270   0.5700   0.7590   0.9150   1.0100   1.0980   1.1780   1.2320   1.3730   1.7500   2.4430   2.8770   2.8850 -10000000000.0000;
194: -0.0020   0.0130   0.0350   0.0630   0.1020   0.1490   0.2070   0.2730   0.3410   0.4270   0.5690   0.7560   0.9130   1.0090   1.0970   1.1780   1.2340   1.3780   1.7600   2.4460   2.8700   2.8800 -10000000000.0000;
195: -0.0020   0.0140   0.0350   0.0630   0.1020   0.1490   0.2070   0.2730   0.3410   0.4260   0.5680   0.7540   0.9120   1.0080   1.0970   1.1790   1.2360   1.3840   1.7700   2.4490   2.8640   2.8740 -10000000000.0000;
196: -0.0020   0.0130   0.0350   0.0630   0.1020   0.1490   0.2070   0.2720   0.3400   0.4260   0.5660   0.7520   0.9100   1.0080   1.0970   1.1790   1.2380   1.3900   1.7800   2.4510   2.8580   2.8660 -10000000000.0000;
197: -0.0020   0.0140   0.0360   0.0640   0.1020   0.1490   0.2070   0.2720   0.3400   0.4250   0.5650   0.7490   0.9080   1.0070   1.0970   1.1800   1.2410   1.3960   1.7880   2.4540   2.8520   2.8610 -10000000000.0000;
198: -0.0020   0.0140   0.0350   0.0630   0.1020   0.1490   0.2070   0.2720   0.3390   0.4240   0.5630   0.7470   0.9060   1.0060   1.0970   1.1800   1.2430   1.4010   1.7960   2.4540   2.8430   2.8530 -10000000000.0000;
199: -0.0020   0.0140   0.0350   0.0630   0.1020   0.1490   0.2070   0.2720   0.3380   0.4230   0.5620   0.7440   0.9040   1.0050   1.0960   1.1800   1.2460   1.4060   1.8020   2.4550   2.8370   2.8480 -10000000000.0000;
200: -0.0020   0.0140   0.0360   0.0630   0.1020   0.1490   0.2070   0.2720   0.3380   0.4230   0.5610   0.7420   0.9020   1.0030   1.0970   1.1810   1.2480   1.4120   1.8080   2.4540   2.8320   2.8430 -10000000000.0000;
201: -0.0010   0.0140   0.0360   0.0640   0.1020   0.1490   0.2070   0.2720   0.3380   0.4220   0.5590   0.7400   0.8990   1.0020   1.0960   1.1820   1.2510   1.4160   1.8140   2.4530   2.8230   2.8360 -10000000000.0000;
202: -0.0010   0.0140   0.0360   0.0630   0.1020   0.1490   0.2070   0.2720   0.3370   0.4220   0.5590   0.7390   0.8980   1.0010   1.0950   1.1820   1.2550   1.4220   1.8180   2.4510   2.8160   2.8290 -10000000000.0000;
203: -0.0010   0.0140   0.0360   0.0640   0.1020   0.1490   0.2070   0.2730   0.3370   0.4210   0.5580   0.7380   0.8960   0.9980   1.0950   1.1820   1.2570   1.4260   1.8210   2.4500   2.8110   2.8240 -10000000000.0000;
204: -0.0010   0.0140   0.0360   0.0630   0.1020   0.1490   0.2070   0.2730   0.3370   0.4210   0.5570   0.7370   0.8940   0.9970   1.0940   1.1820   1.2610   1.4310   1.8240   2.4460   2.8030   2.8170 -10000000000.0000;
205: -0.0010   0.0140   0.0360   0.0630   0.1020   0.1490   0.2070   0.2730   0.3370   0.4200   0.5560   0.7350   0.8920   0.9950   1.0920   1.1820   1.2640   1.4350   1.8260   2.4450   2.7970   2.8110 -10000000000.0000;
206: -0.0010   0.0140   0.0360   0.0640   0.1020   0.1490   0.2070   0.2730   0.3370   0.4200   0.5560   0.7350   0.8910   0.9930   1.0910   1.1820   1.2680   1.4390   1.8270   2.4410   2.7900   2.8060 -10000000000.0000;
207: -0.0010   0.0140   0.0360   0.0640   0.1030   0.1500   0.2070   0.2740   0.3370   0.4190   0.5550   0.7340   0.8890   0.9920   1.0890   1.1810   1.2710   1.4430   1.8280   2.4380   2.7840   2.8000 -10000000000.0000;
208: -0.0010   0.0140   0.0360   0.0630   0.1020   0.1500   0.2070   0.2740   0.3370   0.4190   0.5540   0.7330   0.8880   0.9900   1.0870   1.1800   1.2740   1.4470   1.8280   2.4340   2.7760   2.7930 -10000000000.0000;
209:  0.0010   0.0170   0.0390   0.0660   0.1040   0.1510   0.2090   0.2760   0.3400   0.4220   0.5570   0.7360   0.8900   0.9910   1.0860   1.1800   1.2800   1.4520   1.8330   2.4390   2.7700 -10000000000.0000 -10000000000.0000;
210:  0.0010   0.0170   0.0390   0.0660   0.1040   0.1510   0.2090   0.2760   0.3400   0.4210   0.5560   0.7340   0.8890   0.9900   1.0840   1.1790   1.2830   1.4550   1.8330   2.4360   2.7640 -10000000000.0000 -10000000000.0000;
211:  0.0010   0.0180   0.0390   0.0660   0.1040   0.1510   0.2090   0.2770   0.3400   0.4210   0.5550   0.7340   0.8890   0.9890   1.0810   1.1780   1.2870   1.4600   1.8330   2.4340   2.7580 -10000000000.0000 -10000000000.0000;
212:  0.0020   0.0180   0.0390   0.0660   0.1040   0.1510   0.2090   0.2770   0.3400   0.4200   0.5540   0.7330   0.8900   0.9890   1.0780   1.1760   1.2910   1.4630   1.8340   2.4320   2.7530 -10000000000.0000 -10000000000.0000;
213:  0.0110   0.0270   0.0470   0.0730   0.1110   0.1580   0.2170   0.2850   0.3500   0.4310   0.5660   0.7430   0.8970   0.9950   1.0800   1.1790   1.3000   1.4730   1.8500   2.4500 -10000000000.0000 -10000000000.0000 -10000000000.0000;
214:  0.0110   0.0280   0.0470   0.0730   0.1110   0.1580   0.2160   0.2850   0.3500   0.4310   0.5650   0.7420   0.8980   0.9950   1.0770   1.1770   1.3030   1.4760   1.8500   2.4470 -10000000000.0000 -10000000000.0000 -10000000000.0000;
215:  0.0110   0.0280   0.0470   0.0730   0.1110   0.1580   0.2160   0.2850   0.3500   0.4310   0.5640   0.7420   0.8990   0.9960   1.0750   1.1750   1.3050   1.4790   1.8490   2.4430 -10000000000.0000 -10000000000.0000 -10000000000.0000;
216:  0.0120   0.0280   0.0480   0.0730   0.1110   0.1580   0.2160   0.2850   0.3500   0.4300   0.5640   0.7420   0.9010   0.9980   1.0720   1.1730   1.3080   1.4810   1.8500   2.4410 -10000000000.0000 -10000000000.0000 -10000000000.0000;
217:  0.0250   0.0410   0.0590   0.0830   0.1200   0.1670   0.2280   0.2990   0.3650   0.4450   0.5770   0.7510   0.9070   1.0020   1.0720   1.1750   1.3170   1.4960   1.8640 -10000000000.0000 -10000000000.0000 -10000000000.0000 -10000000000.0000;
218:  0.0250   0.0410   0.0590   0.0830   0.1200   0.1670   0.2270   0.2990   0.3650   0.4450   0.5770   0.7510   0.9100   1.0050   1.0700   1.1730   1.3190   1.4970   1.8650 -10000000000.0000 -10000000000.0000 -10000000000.0000 -10000000000.0000;
219:  0.0250   0.0410   0.0590   0.0830   0.1200   0.1670   0.2270   0.2990   0.3650   0.4440   0.5760   0.7510   0.9120   1.0080   1.0680   1.1700   1.3200   1.4980   1.8680 -10000000000.0000 -10000000000.0000 -10000000000.0000 -10000000000.0000;
220:  0.0250   0.0420   0.0590   0.0830   0.1200   0.1670   0.2270   0.2980   0.3640   0.4440   0.5760   0.7510   0.9160   1.0120   1.0670   1.1680   1.3200   1.4990   1.8690 -10000000000.0000 -10000000000.0000 -10000000000.0000 -10000000000.0000;
221:  0.0260   0.0420   0.0600   0.0830   0.1200   0.1670   0.2270   0.2980   0.3640   0.4430   0.5750   0.7510   0.9190   1.0160   1.0670   1.1650   1.3180   1.4980   1.8720 -10000000000.0000 -10000000000.0000 -10000000000.0000 -10000000000.0000;
222:  0.0190   0.0350   0.0540   0.0780   0.1150   0.1610   0.2200   0.2900   0.3560   0.4350   0.5690   0.7480   0.9210   1.0190   1.0640   1.1580   1.3110   1.4940 -10000000000.0000 -10000000000.0000 -10000000000.0000 -10000000000.0000 -10000000000.0000;
223:  0.0190   0.0350   0.0540   0.0780   0.1140   0.1610   0.2200   0.2890   0.3540   0.4330   0.5680   0.7480   0.9240   1.0240   1.0640   1.1550   1.3070   1.4910 -10000000000.0000 -10000000000.0000 -10000000000.0000 -10000000000.0000 -10000000000.0000;
224:  0.0190   0.0350   0.0530   0.0770   0.1140   0.1600   0.2190   0.2890   0.3540   0.4330   0.5670   0.7490   0.9290   1.0300   1.0660   1.1520   1.3030   1.4880 -10000000000.0000 -10000000000.0000 -10000000000.0000 -10000000000.0000 -10000000000.0000;
225:  0.0180   0.0350   0.0530   0.0770   0.1140   0.1600   0.2190   0.2880   0.3530   0.4310   0.5670   0.7490   0.9330   1.0370   1.0680   1.1500   1.2970   1.4850 -10000000000.0000 -10000000000.0000 -10000000000.0000 -10000000000.0000 -10000000000.0000;
226:  0.0180   0.0340   0.0530   0.0770   0.1140   0.1590   0.2180   0.2870   0.3520   0.4300   0.5660   0.7490   0.9370   1.0440   1.0700   1.1470   1.2900   1.4800 -10000000000.0000 -10000000000.0000 -10000000000.0000 -10000000000.0000 -10000000000.0000;
227:  0.0180   0.0340   0.0520   0.0760   0.1130   0.1580   0.2170   0.2860   0.3500   0.4280   0.5650   0.7490   0.9410   1.0510   1.0730   1.1440   1.2820   1.4750 -10000000000.0000 -10000000000.0000 -10000000000.0000 -10000000000.0000 -10000000000.0000;
228:  0.0170   0.0340   0.0520   0.0760   0.1130   0.1580   0.2170   0.2860   0.3490   0.4270   0.5640   0.7510   0.9470   1.0590   1.0770   1.1420   1.2740   1.4690 -10000000000.0000 -10000000000.0000 -10000000000.0000 -10000000000.0000 -10000000000.0000;
229:  0.0170   0.0330   0.0510   0.0760   0.1120   0.1570   0.2160   0.2850   0.3480   0.4260   0.5630   0.7510   0.9510   1.0670   1.0800   1.1390   1.2650   1.4610 -10000000000.0000 -10000000000.0000 -10000000000.0000 -10000000000.0000 -10000000000.0000;
230:  0.0170   0.0330   0.0510   0.0750   0.1110   0.1560   0.2150   0.2840   0.3470   0.4240   0.5620   0.7440   0.9470   1.0740   1.0850   1.1370   1.2550   1.4550 -10000000000.0000 -10000000000.0000 -10000000000.0000 -10000000000.0000 -10000000000.0000;
231:  0.0160   0.0320   0.0510   0.0750   0.1110   0.1550   0.2140   0.2830   0.3450   0.4230   0.5610   0.7430   0.9510   1.0820   1.0900   1.1360   1.2460   1.4470 -10000000000.0000 -10000000000.0000 -10000000000.0000 -10000000000.0000 -10000000000.0000;
232:  0.0150   0.0320   0.0500   0.0740   0.1100   0.1550   0.2130   0.2820   0.3440   0.4210   0.5590   0.7440   0.9570   1.0910   1.0950   1.1340   1.2360   1.4390 -10000000000.0000 -10000000000.0000 -10000000000.0000 -10000000000.0000 -10000000000.0000;
233:  0.0150   0.0310   0.0490   0.0740   0.1090   0.1540   0.2120   0.2810   0.3420   0.4190   0.5570   0.7440   0.9620   1.0990   1.1010   1.1330   1.2250   1.4300 -10000000000.0000 -10000000000.0000 -10000000000.0000 -10000000000.0000 -10000000000.0000;
234:  0.0140   0.0300   0.0490   0.0730   0.1090   0.1530   0.2110   0.2790   0.3410   0.4170   0.5550   0.7430   0.9660   1.1080   1.1070   1.1320   1.2150   1.4210 -10000000000.0000 -10000000000.0000 -10000000000.0000 -10000000000.0000 -10000000000.0000;
235:  0.0130   0.0290   0.0480   0.0730   0.1080   0.1520   0.2100   0.2780   0.3390   0.4160   0.5530   0.7360   0.9640   1.1160   1.1130   1.1320   1.2050   1.4100 -10000000000.0000 -10000000000.0000 -10000000000.0000 -10000000000.0000 -10000000000.0000;
236:  0.0130   0.0290   0.0480   0.0720   0.1070   0.1510   0.2090   0.2770   0.3380   0.4140   0.5510   0.7350   0.9690   1.1240   1.1200   1.1320   1.1960   1.4000 -10000000000.0000 -10000000000.0000 -10000000000.0000 -10000000000.0000 -10000000000.0000;
237:  0.0120   0.0280   0.0470   0.0720   0.1070   0.1500   0.2080   0.2760   0.3370   0.4130   0.5480   0.7330   0.9720   1.1330   1.1260   1.1330   1.1870   1.3900 -10000000000.0000 -10000000000.0000 -10000000000.0000 -10000000000.0000 -10000000000.0000;
238:  0.0110   0.0280   0.0460   0.0710   0.1060   0.1490   0.2070   0.2750   0.3350   0.4120   0.5460   0.7280   0.9720   1.1400   1.1320   1.1330   1.1780   1.3790 -10000000000.0000 -10000000000.0000 -10000000000.0000 -10000000000.0000 -10000000000.0000;
239:  0.0110   0.0270   0.0460   0.0700   0.1050   0.1480   0.2060   0.2740   0.3340   0.4100   0.5440   0.7250   0.9730   1.1460   1.1380   1.1350   1.1710   1.3690 -10000000000.0000 -10000000000.0000 -10000000000.0000 -10000000000.0000 -10000000000.0000;
240:  0.0100   0.0260   0.0450   0.0700   0.1050   0.1470   0.2050   0.2720   0.3330   0.4090   0.5420   0.7240   0.9760   1.1530   1.1430   1.1360   1.1650   1.3580 -10000000000.0000 -10000000000.0000 -10000000000.0000 -10000000000.0000 -10000000000.0000;
241:  0.0090   0.0260   0.0440   0.0690   0.1040   0.1470   0.2040   0.2710   0.3320   0.4070   0.5400   0.7220   0.9790   1.1580   1.1480   1.1390   1.1590   1.3480 -10000000000.0000 -10000000000.0000 -10000000000.0000 -10000000000.0000 -10000000000.0000;
242:  0.0090   0.0250   0.0440   0.0690   0.1030   0.1460   0.2040   0.2700   0.3310   0.4060   0.5380   0.7210   0.9810   1.1630   1.1540   1.1410   1.1550   1.3370 -10000000000.0000 -10000000000.0000 -10000000000.0000 -10000000000.0000 -10000000000.0000;
243:  0.0080   0.0240   0.0430   0.0680   0.1030   0.1450   0.2020   0.2690   0.3300   0.4050   0.5350   0.7220   0.9860   1.1680   1.1580   1.1430   1.1510   1.3270 -10000000000.0000 -10000000000.0000 -10000000000.0000 -10000000000.0000 -10000000000.0000;
244:  0.0070   0.0240   0.0430   0.0670   0.1020   0.1440   0.2020   0.2680   0.3290   0.4040   0.5330   0.7210   0.9880   1.1710   1.1610   1.1460   1.1490   1.3180 -10000000000.0000 -10000000000.0000 -10000000000.0000 -10000000000.0000 -10000000000.0000;
245:  0.0070   0.0230   0.0420   0.0670   0.1020   0.1440   0.2010   0.2670   0.3280   0.4030   0.5320   0.7150   0.9820   1.1730   1.1640   1.1480   1.1470   1.3070 -10000000000.0000 -10000000000.0000 -10000000000.0000 -10000000000.0000 -10000000000.0000;
246:  0.0070   0.0230   0.0420   0.0670   0.1010   0.1430   0.2000   0.2670   0.3280   0.4030   0.5310   0.7130   0.9820   1.1740   1.1660   1.1500   1.1460   1.2990 -10000000000.0000 -10000000000.0000 -10000000000.0000 -10000000000.0000 -10000000000.0000;
247:  0.0060   0.0230   0.0420   0.0660   0.1010   0.1430   0.2000   0.2660   0.3280   0.4020   0.5290   0.7050   0.9740   1.1750   1.1670   1.1520   1.1450   1.2910 -10000000000.0000 -10000000000.0000 -10000000000.0000 -10000000000.0000 -10000000000.0000;
248:  0.0060   0.0220   0.0410   0.0660   0.1000   0.1420   0.1990   0.2650   0.3260   0.4010   0.5280   0.7120   0.9830   1.1740   1.1680   1.1530   1.1460   1.2840 -10000000000.0000 -10000000000.0000 -10000000000.0000 -10000000000.0000 -10000000000.0000;
249:  0.0060   0.0220   0.0410   0.0660   0.1000   0.1420   0.1990   0.2650   0.3260   0.4010   0.5270   0.7040   0.9730   1.1730   1.1670   1.1550   1.1470   1.2780 -10000000000.0000 -10000000000.0000 -10000000000.0000 -10000000000.0000 -10000000000.0000;
250:  0.0050   0.0210   0.0410   0.0650   0.1000   0.1410   0.1980   0.2640   0.3260   0.4000   0.5260   0.7030   0.9710   1.1700   1.1660   1.1550   1.1480   1.2740 -10000000000.0000 -10000000000.0000 -10000000000.0000 -10000000000.0000 -10000000000.0000;
251:  0.0040   0.0210   0.0400   0.0650   0.0990   0.1410   0.1970   0.2630   0.3250   0.3990   0.5250   0.7020   0.9690   1.1660   1.1640   1.1550   1.1490   1.2710 -10000000000.0000 -10000000000.0000 -10000000000.0000 -10000000000.0000 -10000000000.0000;
252:  0.0040   0.0210   0.0400   0.0650   0.0990   0.1410   0.1970   0.2630   0.3250   0.3990   0.5250   0.6970   0.9610   1.1620   1.1620   1.1550   1.1530   1.2710 -10000000000.0000 -10000000000.0000 -10000000000.0000 -10000000000.0000 -10000000000.0000;
253:  0.0040   0.0210   0.0400   0.0650   0.0990   0.1400   0.1970   0.2630   0.3250   0.3990   0.5240   0.6920   0.9540   1.1570   1.1590   1.1540   1.1560   1.2730 -10000000000.0000 -10000000000.0000 -10000000000.0000 -10000000000.0000 -10000000000.0000;
254:  0.0040   0.0210   0.0400   0.0650   0.0990   0.1400   0.1970   0.2630   0.3250   0.3990   0.5240   0.6920   0.9510   1.1530   1.1550   1.1550   1.1610   1.2770 -10000000000.0000 -10000000000.0000 -10000000000.0000 -10000000000.0000 -10000000000.0000;
255:  0.0050   0.0210   0.0400   0.0650   0.0990   0.1410   0.1970   0.2640   0.3260   0.3990   0.5240   0.6860   0.9410   1.1470   1.1510   1.1540   1.1660   1.2830 -10000000000.0000 -10000000000.0000 -10000000000.0000 -10000000000.0000 -10000000000.0000;
256:  0.0050   0.0210   0.0410   0.0650   0.0990   0.1410   0.1980   0.2640   0.3270   0.3990   0.5240   0.6860   0.9390   1.1430   1.1480   1.1550   1.1730   1.2920 -10000000000.0000 -10000000000.0000 -10000000000.0000 -10000000000.0000 -10000000000.0000;
257:  0.0060   0.0220   0.0410   0.0660   0.1000   0.1420   0.1990   0.2650   0.3280   0.4000   0.5250   0.6870   0.9370   1.1390   1.1450   1.1560   1.1810   1.3020 -10000000000.0000 -10000000000.0000 -10000000000.0000 -10000000000.0000 -10000000000.0000;
258:  0.0070   0.0230   0.0420   0.0670   0.1010   0.1430   0.1990   0.2660   0.3290   0.4010   0.5260   0.6870   0.9350   1.1340   1.1420   1.1560   1.1890   1.3140 -10000000000.0000 -10000000000.0000 -10000000000.0000 -10000000000.0000 -10000000000.0000;
259:  0.0080   0.0240   0.0430   0.0680   0.1010   0.1430   0.2010   0.2670   0.3300   0.4020   0.5260   0.6880   0.9330   1.1290   1.1390   1.1560   1.1980   1.3270 -10000000000.0000 -10000000000.0000 -10000000000.0000 -10000000000.0000 -10000000000.0000;
260:  0.0090   0.0250   0.0440   0.0680   0.1020   0.1440   0.2010   0.2680   0.3310   0.4030   0.5270   0.6890   0.9320   1.1250   1.1350   1.1580   1.2070   1.3410 -10000000000.0000 -10000000000.0000 -10000000000.0000 -10000000000.0000 -10000000000.0000;
261:  0.0100   0.0260   0.0450   0.0690   0.1030   0.1460   0.2030   0.2700   0.3330   0.4050   0.5280   0.6900   0.9300   1.1200   1.1320   1.1580   1.2170   1.3550 -10000000000.0000 -10000000000.0000 -10000000000.0000 -10000000000.0000 -10000000000.0000;
262:  0.0110   0.0270   0.0460   0.0700   0.1040   0.1470   0.2040   0.2710   0.3340   0.4060   0.5290   0.6910   0.9300   1.1160   1.1280   1.1590   1.2270   1.3710 -10000000000.0000 -10000000000.0000 -10000000000.0000 -10000000000.0000 -10000000000.0000;
263:  0.0120   0.0280   0.0470   0.0710   0.1050   0.1470   0.2050   0.2720   0.3360   0.4070   0.5300   0.6920   0.9290   1.1110   1.1250   1.1600   1.2380   1.3860 -10000000000.0000 -10000000000.0000 -10000000000.0000 -10000000000.0000 -10000000000.0000;
264:  0.0130   0.0290   0.0470   0.0720   0.1060   0.1480   0.2060   0.2730   0.3370   0.4080   0.5300   0.6930   0.9280   1.1060   1.1200   1.1610   1.2480   1.4010 -10000000000.0000 -10000000000.0000 -10000000000.0000 -10000000000.0000 -10000000000.0000;
265:  0.0140   0.0300   0.0480   0.0720   0.1060   0.1490   0.2070   0.2740   0.3380   0.4090   0.5310   0.6950   0.9270   1.1010   1.1160   1.1630   1.2580   1.4170 -10000000000.0000 -10000000000.0000 -10000000000.0000 -10000000000.0000 -10000000000.0000;
266:  0.0140   0.0300   0.0490   0.0730   0.1070   0.1500   0.2070   0.2750   0.3390   0.4100   0.5320   0.6960   0.9260   1.0960   1.1120   1.1630   1.2680   1.4310 -10000000000.0000 -10000000000.0000 -10000000000.0000 -10000000000.0000 -10000000000.0000;
267:  0.0140   0.0300   0.0490   0.0730   0.1070   0.1500   0.2080   0.2760   0.3390   0.4100   0.5320   0.7100   0.9390   1.0900   1.1090   1.1650   1.2780   1.4440 -10000000000.0000 -10000000000.0000 -10000000000.0000 -10000000000.0000 -10000000000.0000;
268:  0.0150   0.0310   0.0490   0.0730   0.1080   0.1510   0.2080   0.2760   0.3400   0.4110   0.5330   0.7110   0.9380   1.0850   1.1050   1.1670   1.2880   1.4560 -10000000000.0000 -10000000000.0000 -10000000000.0000 -10000000000.0000 -10000000000.0000;
269:  0.0150   0.0310   0.0500   0.0740   0.1080   0.1510   0.2090   0.2770   0.3410   0.4120   0.5330   0.7110   0.9350   1.0790   1.1000   1.1670   1.2950   1.4650 -10000000000.0000 -10000000000.0000 -10000000000.0000 -10000000000.0000 -10000000000.0000;
270:  0.0160   0.0310   0.0500   0.0740   0.1080   0.1510   0.2090   0.2770   0.3410   0.4130   0.5340   0.7150   0.9370   1.0740   1.0970   1.1680   1.3040   1.4740 -10000000000.0000 -10000000000.0000 -10000000000.0000 -10000000000.0000 -10000000000.0000;
271:  0.0160   0.0320   0.0500   0.0740   0.1090   0.1520   0.2090   0.2780   0.3420   0.4130   0.5350   0.7160   0.9340   1.0680   1.0940   1.1700   1.3110   1.4820 -10000000000.0000 -10000000000.0000 -10000000000.0000 -10000000000.0000 -10000000000.0000;
272:  0.0160   0.0320   0.0500   0.0740   0.1090   0.1520   0.2100   0.2780   0.3420   0.4140   0.5350   0.7160   0.9310   1.0630   1.0900   1.1710   1.3170   1.4870 -10000000000.0000 -10000000000.0000 -10000000000.0000 -10000000000.0000 -10000000000.0000;
273:  0.0160   0.0320   0.0500   0.0740   0.1090   0.1520   0.2100   0.2780   0.3420   0.4140   0.5360   0.7140   0.9260   1.0570   1.0870   1.1730   1.3240   1.4910 -10000000000.0000 -10000000000.0000 -10000000000.0000 -10000000000.0000 -10000000000.0000;
274:  0.0160   0.0320   0.0500   0.0740   0.1090   0.1520   0.2100   0.2780   0.3420   0.4140   0.5360   0.7150   0.9230   1.0510   1.0840   1.1740   1.3280   1.4930 -10000000000.0000 -10000000000.0000 -10000000000.0000 -10000000000.0000 -10000000000.0000;
275:  0.0160   0.0320   0.0500   0.0740   0.1090   0.1520   0.2100   0.2780   0.3430   0.4150   0.5380   0.7150   0.9200   1.0460   1.0830   1.1760   1.3330   1.4960 -10000000000.0000 -10000000000.0000 -10000000000.0000 -10000000000.0000 -10000000000.0000;
276:  0.0160   0.0320   0.0500   0.0740   0.1090   0.1520   0.2100   0.2790   0.3430   0.4160   0.5390   0.7170   0.9170   1.0410   1.0810   1.1780   1.3380   1.4980 -10000000000.0000 -10000000000.0000 -10000000000.0000 -10000000000.0000 -10000000000.0000;
277:  0.0160   0.0320   0.0500   0.0740   0.1090   0.1530   0.2100   0.2790   0.3430   0.4160   0.5400   0.7180   0.9160   1.0370   1.0800   1.1800   1.3410   1.4990 -10000000000.0000 -10000000000.0000 -10000000000.0000 -10000000000.0000 -10000000000.0000;
278:  0.0160   0.0320   0.0500   0.0740   0.1090   0.1530   0.2100   0.2780   0.3430   0.4160   0.5410   0.7220   0.9150   1.0320   1.0790   1.1830   1.3430   1.4990 -10000000000.0000 -10000000000.0000 -10000000000.0000 -10000000000.0000 -10000000000.0000;
279:  0.0160   0.0320   0.0500   0.0740   0.1090   0.1530   0.2100   0.2790   0.3430   0.4170   0.5430   0.7230   0.9110   1.0280   1.0780   1.1840   1.3450   1.5000 -10000000000.0000 -10000000000.0000 -10000000000.0000 -10000000000.0000 -10000000000.0000;
280:  0.0160   0.0320   0.0500   0.0740   0.1090   0.1530   0.2100   0.2780   0.3430   0.4170   0.5450   0.7290   0.9140   1.0230   1.0780   1.1870   1.3460   1.5000 -10000000000.0000 -10000000000.0000 -10000000000.0000 -10000000000.0000 -10000000000.0000;
281:  0.0160   0.0320   0.0500   0.0740   0.1090   0.1530   0.2100   0.2790   0.3430   0.4180   0.5470   0.7250   0.9040   1.0180   1.0780   1.1880   1.3470   1.4980 -10000000000.0000 -10000000000.0000 -10000000000.0000 -10000000000.0000 -10000000000.0000;
282:  0.0160   0.0320   0.0500   0.0740   0.1090   0.1530   0.2100   0.2780   0.3430   0.4180   0.5480   0.7270   0.9020   1.0140   1.0790   1.1900   1.3470   1.4970 -10000000000.0000 -10000000000.0000 -10000000000.0000 -10000000000.0000 -10000000000.0000;
283:  0.0160   0.0320   0.0500   0.0740   0.1090   0.1530   0.2100   0.2780   0.3430   0.4190   0.5500   0.7290   0.8990   1.0110   1.0790   1.1910   1.3470   1.4970 -10000000000.0000 -10000000000.0000 -10000000000.0000 -10000000000.0000 -10000000000.0000;
284:  0.0150   0.0310   0.0500   0.0740   0.1090   0.1530   0.2100   0.2790   0.3430   0.4190   0.5520   0.7300   0.8970   1.0070   1.0800   1.1930   1.3470   1.4950 -10000000000.0000 -10000000000.0000 -10000000000.0000 -10000000000.0000 -10000000000.0000;
285:  0.0150   0.0310   0.0500   0.0740   0.1090   0.1530   0.2100   0.2780   0.3440   0.4190   0.5530   0.7310   0.8940   1.0040   1.0800   1.1940   1.3460   1.4950 -10000000000.0000 -10000000000.0000 -10000000000.0000 -10000000000.0000 -10000000000.0000;
286:  0.0150   0.0310   0.0490   0.0740   0.1090   0.1530   0.2100   0.2790   0.3440   0.4200   0.5540   0.7320   0.8910   1.0010   1.0810   1.1960   1.3460   1.4930 -10000000000.0000 -10000000000.0000 -10000000000.0000 -10000000000.0000 -10000000000.0000;
287:  0.0150   0.0310   0.0490   0.0740   0.1090   0.1530   0.2100   0.2780   0.3440   0.4200   0.5560   0.7330   0.8880   0.9980   1.0810   1.1960   1.3450   1.4920 -10000000000.0000 -10000000000.0000 -10000000000.0000 -10000000000.0000 -10000000000.0000;
288:  0.0150   0.0310   0.0490   0.0740   0.1090   0.1530   0.2100   0.2790   0.3440   0.4210   0.5570   0.7340   0.8860   0.9950   1.0820   1.1970   1.3450   1.4920 -10000000000.0000 -10000000000.0000 -10000000000.0000 -10000000000.0000 -10000000000.0000;
289:  0.0150   0.0310   0.0490   0.0730   0.1090   0.1530   0.2110   0.2790   0.3450   0.4220   0.5580   0.7340   0.8830   0.9920   1.0830   1.1980   1.3450   1.4900 -10000000000.0000 -10000000000.0000 -10000000000.0000 -10000000000.0000 -10000000000.0000;
290:  0.0150   0.0310   0.0490   0.0740   0.1090   0.1530   0.2110   0.2790   0.3450   0.4220   0.5590   0.7350   0.8800   0.9890   1.0830   1.1990   1.3440   1.4890 -10000000000.0000 -10000000000.0000 -10000000000.0000 -10000000000.0000 -10000000000.0000;
291:  0.0150   0.0310   0.0490   0.0730   0.1090   0.1530   0.2110   0.2790   0.3450   0.4230   0.5600   0.7350   0.8780   0.9870   1.0830   1.1990   1.3430   1.4870 -10000000000.0000 -10000000000.0000 -10000000000.0000 -10000000000.0000 -10000000000.0000;
292:  0.0150   0.0310   0.0490   0.0730   0.1090   0.1530   0.2110   0.2800   0.3460   0.4240   0.5610   0.7350   0.8760   0.9840   1.0830   1.1990   1.3430   1.4860 -10000000000.0000 -10000000000.0000 -10000000000.0000 -10000000000.0000 -10000000000.0000;
293:  0.0150   0.0310   0.0490   0.0730   0.1090   0.1530   0.2110   0.2800   0.3460   0.4240   0.5620   0.7350   0.8740   0.9830   1.0840   1.1990   1.3420   1.4850 -10000000000.0000 -10000000000.0000 -10000000000.0000 -10000000000.0000 -10000000000.0000;
294:  0.0140   0.0310   0.0490   0.0730   0.1090   0.1530   0.2110   0.2800   0.3460   0.4250   0.5630   0.7350   0.8710   0.9810   1.0830   1.1980   1.3420   1.4840 -10000000000.0000 -10000000000.0000 -10000000000.0000 -10000000000.0000 -10000000000.0000;
295:  0.0140   0.0300   0.0490   0.0730   0.1090   0.1530   0.2110   0.2810   0.3470   0.4250   0.5630   0.7350   0.8680   0.9790   1.0820   1.1970   1.3400   1.4820 -10000000000.0000 -10000000000.0000 -10000000000.0000 -10000000000.0000 -10000000000.0000;
296:  0.0140   0.0300   0.0490   0.0730   0.1090   0.1530   0.2120   0.2810   0.3470   0.4250   0.5640   0.7350   0.8670   0.9770   1.0820   1.1970   1.3400   1.4810 -10000000000.0000 -10000000000.0000 -10000000000.0000 -10000000000.0000 -10000000000.0000;
297:  0.0140   0.0300   0.0490   0.0730   0.1090   0.1530   0.2120   0.2810   0.3480   0.4260   0.5650   0.7340   0.8650   0.9760   1.0810   1.1960   1.3390   1.4790 -10000000000.0000 -10000000000.0000 -10000000000.0000 -10000000000.0000 -10000000000.0000;
298:  0.0140   0.0300   0.0490   0.0730   0.1090   0.1530   0.2120   0.2820   0.3480   0.4270   0.5650   0.7330   0.8630   0.9740   1.0800   1.1950   1.3380   1.4780 -10000000000.0000 -10000000000.0000 -10000000000.0000 -10000000000.0000 -10000000000.0000;
299:  0.0140   0.0300   0.0480   0.0730   0.1090   0.1530   0.2120   0.2820   0.3490   0.4270   0.5650   0.7330   0.8620   0.9730   1.0790   1.1940   1.3380   1.4760 -10000000000.0000 -10000000000.0000 -10000000000.0000 -10000000000.0000 -10000000000.0000;
300:  0.0140   0.0300   0.0480   0.0730   0.1090   0.1530   0.2120   0.2830   0.3490   0.4280   0.5660   0.7330   0.8610   0.9730   1.0790   1.1940   1.3370   1.4760 -10000000000.0000 -10000000000.0000 -10000000000.0000 -10000000000.0000 -10000000000.0000;
301:  0.0140   0.0300   0.0480   0.0730   0.1090   0.1530   0.2130   0.2840   0.3500   0.4290   0.5670   0.7330   0.8600   0.9720   1.0790   1.1940   1.3370   1.4750 -10000000000.0000 -10000000000.0000 -10000000000.0000 -10000000000.0000 -10000000000.0000;
302:  0.0140   0.0300   0.0480   0.0730   0.1090   0.1530   0.2130   0.2840   0.3510   0.4300   0.5670   0.7320   0.8590   0.9710   1.0780   1.1930   1.3360   1.4730 -10000000000.0000 -10000000000.0000 -10000000000.0000 -10000000000.0000 -10000000000.0000;
303:  0.0140   0.0300   0.0480   0.0730   0.1090   0.1530   0.2130   0.2850   0.3510   0.4300   0.5680   0.7320   0.8580   0.9710   1.0780   1.1930   1.3350   1.4720 -10000000000.0000 -10000000000.0000 -10000000000.0000 -10000000000.0000 -10000000000.0000;
304:  0.0140   0.0300   0.0480   0.0730   0.1090   0.1530   0.2130   0.2850   0.3520   0.4310   0.5680   0.7310   0.8570   0.9710   1.0780   1.1930   1.3350   1.4700 -10000000000.0000 -10000000000.0000 -10000000000.0000 -10000000000.0000 -10000000000.0000;
305:  0.0130   0.0300   0.0480   0.0730   0.1090   0.1530   0.2140   0.2860   0.3520   0.4320   0.5690   0.7310   0.8570   0.9700   1.0780   1.1920   1.3340   1.4690 -10000000000.0000 -10000000000.0000 -10000000000.0000 -10000000000.0000 -10000000000.0000;
306:  0.0140   0.0300   0.0480   0.0730   0.1090   0.1540   0.2140   0.2860   0.3530   0.4320   0.5690   0.7310   0.8560   0.9700   1.0770   1.1930   1.3340   1.4680 -10000000000.0000 -10000000000.0000 -10000000000.0000 -10000000000.0000 -10000000000.0000;
307:  0.0130   0.0300   0.0480   0.0730   0.1090   0.1530   0.2140   0.2870   0.3540   0.4330   0.5700   0.7310   0.8560   0.9700   1.0780   1.1930   1.3340   1.4670 -10000000000.0000 -10000000000.0000 -10000000000.0000 -10000000000.0000 -10000000000.0000;
308:  0.0130   0.0300   0.0480   0.0730   0.1090   0.1530   0.2140   0.2880   0.3540   0.4340   0.5710   0.7310   0.8560   0.9700   1.0780   1.1940   1.3340   1.4660 -10000000000.0000 -10000000000.0000 -10000000000.0000 -10000000000.0000 -10000000000.0000;
309:  0.0130   0.0300   0.0480   0.0730   0.1090   0.1530   0.2150   0.2880   0.3550   0.4350   0.5720   0.7310   0.8550   0.9700   1.0780   1.1950   1.3340   1.4640 -10000000000.0000 -10000000000.0000 -10000000000.0000 -10000000000.0000 -10000000000.0000;
310:  0.0130   0.0300   0.0480   0.0730   0.1090   0.1540   0.2150   0.2880   0.3550   0.4360   0.5720   0.7310   0.8560   0.9690   1.0790   1.1960   1.3340   1.4630 -10000000000.0000 -10000000000.0000 -10000000000.0000 -10000000000.0000 -10000000000.0000;
311:  0.0130   0.0300   0.0480   0.0730   0.1090   0.1540   0.2150   0.2890   0.3560   0.4370   0.5730   0.7310   0.8550   0.9690   1.0790   1.1970   1.3350   1.4620 -10000000000.0000 -10000000000.0000 -10000000000.0000 -10000000000.0000 -10000000000.0000;
312:  0.0130   0.0300   0.0480   0.0730   0.1100   0.1540   0.2150   0.2890   0.3570   0.4380   0.5730   0.7320   0.8550   0.9690   1.0800   1.1990   1.3350   1.4620 -10000000000.0000 -10000000000.0000 -10000000000.0000 -10000000000.0000 -10000000000.0000;
313:  0.0130   0.0300   0.0480   0.0730   0.1100   0.1540   0.2160   0.2900   0.3580   0.4390   0.5740   0.7310   0.8550   0.9690   1.0800   1.2010   1.3360   1.4620 -10000000000.0000 -10000000000.0000 -10000000000.0000 -10000000000.0000 -10000000000.0000;
314:  0.0130   0.0300   0.0480   0.0730   0.1100   0.1540   0.2160   0.2900   0.3580   0.4390   0.5740   0.7310   0.8540   0.9690   1.0810   1.2030   1.3370   1.4620 -10000000000.0000 -10000000000.0000 -10000000000.0000 -10000000000.0000 -10000000000.0000;
315:  0.0130   0.0300   0.0480   0.0730   0.1100   0.1540   0.2160   0.2900   0.3590   0.4400   0.5740   0.7310   0.8540   0.9690   1.0820   1.2050   1.3380   1.4620 -10000000000.0000 -10000000000.0000 -10000000000.0000 -10000000000.0000 -10000000000.0000;
316:  0.0130   0.0300   0.0480   0.0730   0.1100   0.1540   0.2160   0.2910   0.3590   0.4410   0.5750   0.7310   0.8540   0.9690   1.0830   1.2070   1.3400   1.4620 -10000000000.0000 -10000000000.0000 -10000000000.0000 -10000000000.0000 -10000000000.0000;
317:  0.0130   0.0300   0.0480   0.0740   0.1100   0.1540   0.2170   0.2910   0.3600   0.4420   0.5750   0.7310   0.8540   0.9690   1.0840   1.2080   1.3410   1.4620 -10000000000.0000 -10000000000.0000 -10000000000.0000 -10000000000.0000 -10000000000.0000;
318:  0.0110   0.0280   0.0460   0.0720   0.1080   0.1530   0.2140   0.2890   0.3580   0.4400   0.5730   0.7300   0.8530   0.9680   1.0830   1.2080   1.3400   1.4610   1.5990 -10000000000.0000 -10000000000.0000 -10000000000.0000 -10000000000.0000;
319:  0.0110   0.0280   0.0460   0.0720   0.1080   0.1530   0.2150   0.2890   0.3580   0.4410   0.5740   0.7300   0.8530   0.9680   1.0840   1.2100   1.3410   1.4620   1.5970 -10000000000.0000 -10000000000.0000 -10000000000.0000 -10000000000.0000;
320:  0.0110   0.0280   0.0470   0.0720   0.1090   0.1530   0.2150   0.2900   0.3590   0.4420   0.5740   0.7300   0.8530   0.9690   1.0860   1.2130   1.3440   1.4640   1.5950 -10000000000.0000 -10000000000.0000 -10000000000.0000 -10000000000.0000;
321:  0.0110   0.0280   0.0470   0.0720   0.1090   0.1530   0.2150   0.2900   0.3600   0.4420   0.5750   0.7300   0.8530   0.9690   1.0860   1.2140   1.3450   1.4650   1.5930 -10000000000.0000 -10000000000.0000 -10000000000.0000 -10000000000.0000;
322:  0.0110   0.0270   0.0470   0.0720   0.1090   0.1530   0.2150   0.2900   0.3600   0.4430   0.5750   0.7300   0.8530   0.9690   1.0870   1.2150   1.3460   1.4600   1.5850   1.7320 -10000000000.0000 -10000000000.0000 -10000000000.0000;
323:  0.0110   0.0270   0.0470   0.0720   0.1090   0.1530   0.2160   0.2900   0.3600   0.4430   0.5750   0.7300   0.8530   0.9690   1.0870   1.2160   1.3480   1.4620   1.5850   1.7280 -10000000000.0000 -10000000000.0000 -10000000000.0000;
324:  0.0100   0.0270   0.0460   0.0720   0.1090   0.1540   0.2160   0.2900   0.3610   0.4440   0.5750   0.7300   0.8530   0.9690   1.0870   1.2170   1.3490   1.4670   1.5880   1.7240 -10000000000.0000 -10000000000.0000 -10000000000.0000;
325:  0.0100   0.0270   0.0460   0.0720   0.1090   0.1530   0.2160   0.2910   0.3610   0.4440   0.5750   0.7300   0.8530   0.9690   1.0880   1.2170   1.3500   1.4710   1.5900   1.7200 -10000000000.0000 -10000000000.0000 -10000000000.0000;
326:  0.0130   0.0300   0.0490   0.0740   0.1110   0.1560   0.2190   0.2940   0.3650   0.4480   0.5780   0.7310   0.8540   0.9700   1.0890   1.2200   1.3540   1.4750   1.5910   1.7190   1.9190 -10000000000.0000 -10000000000.0000;
327:  0.0130   0.0300   0.0490   0.0750   0.1110   0.1560   0.2190   0.2950   0.3650   0.4480   0.5790   0.7310   0.8540   0.9690   1.0880   1.2200   1.3540   1.4750   1.5900   1.7180   1.9180 -10000000000.0000 -10000000000.0000;
328:  0.0130   0.0300   0.0490   0.0750   0.1120   0.1560   0.2190   0.2950   0.3650   0.4490   0.5790   0.7310   0.8540   0.9690   1.0880   1.2200   1.3540   1.4760   1.5910   1.7160   1.9170 -10000000000.0000 -10000000000.0000;
329:  0.0130   0.0300   0.0490   0.0750   0.1120   0.1570   0.2200   0.2960   0.3660   0.4490   0.5790   0.7300   0.8530   0.9680   1.0870   1.2190   1.3540   1.4780   1.5910   1.7150   1.9180 -10000000000.0000 -10000000000.0000;
330:  0.0130   0.0300   0.0490   0.0750   0.1120   0.1570   0.2200   0.2960   0.3670   0.4500   0.5790   0.7300   0.8530   0.9680   1.0860   1.2180   1.3530   1.4790   1.5920   1.7150   1.9190 -10000000000.0000 -10000000000.0000;
331:  0.0190   0.0360   0.0540   0.0790   0.1160   0.1610   0.2250   0.3020   0.3730   0.4570   0.5860   0.7350   0.8560   0.9700   1.0880   1.2190   1.3560   1.4850   1.5990   1.7220   1.9250   2.4440 -10000000000.0000;
332:  0.0180   0.0360   0.0540   0.0790   0.1160   0.1610   0.2250   0.3030   0.3740   0.4570   0.5860   0.7340   0.8550   0.9690   1.0860   1.2180   1.3550   1.4850   1.6000   1.7220   1.9270   2.4440 -10000000000.0000;
333:  0.0180   0.0360   0.0540   0.0790   0.1160   0.1610   0.2260   0.3030   0.3740   0.4580   0.5860   0.7340   0.8550   0.9680   1.0850   1.2150   1.3530   1.4860   1.6010   1.7230   1.9290   2.4450 -10000000000.0000;
334:  0.0190   0.0360   0.0540   0.0790   0.1160   0.1620   0.2260   0.3040   0.3750   0.4580   0.5860   0.7340   0.8550   0.9670   1.0820   1.2130   1.3500   1.4860   1.6020   1.7240   1.9310   2.4470 -10000000000.0000;
335:  0.0180   0.0350   0.0540   0.0790   0.1160   0.1620   0.2260   0.3040   0.3740   0.4580   0.5850   0.7340   0.8540   0.9650   1.0800   1.2100   1.3470   1.4850   1.6030   1.7240   1.9320   2.4460 -10000000000.0000;
336:  0.0180   0.0350   0.0540   0.0790   0.1170   0.1620   0.2260   0.3040   0.3750   0.4580   0.5860   0.7340   0.8540   0.9650   1.0780   1.2080   1.3440   1.4850   1.6050   1.7260   1.9350   2.4490 -10000000000.0000;
337:  0.0180   0.0350   0.0540   0.0790   0.1170   0.1620   0.2260   0.3040   0.3750   0.4580   0.5860   0.7330   0.8530   0.9630   1.0760   1.2050   1.3410   1.4850   1.6060   1.7280   1.9380   2.4490 -10000000000.0000;
338:  0.0180   0.0350   0.0540   0.0790   0.1170   0.1620   0.2270   0.3040   0.3750   0.4590   0.5850   0.7330   0.8520   0.9620   1.0740   1.2020   1.3370   1.4830   1.6080   1.7290   1.9400   2.4490 -10000000000.0000;
339:  0.0180   0.0350   0.0540   0.0800   0.1170   0.1630   0.2270   0.3050   0.3760   0.4590   0.5860   0.7330   0.8520   0.9610   1.0730   1.2010   1.3350   1.4370   1.5630   1.7340   1.9460   2.4550 -10000000000.0000;
340:  0.0180   0.0350   0.0540   0.0800   0.1170   0.1630   0.2270   0.3050   0.3760   0.4590   0.5860   0.7330   0.8510   0.9600   1.0700   1.1980   1.3310   1.4380   1.5660   1.7360   1.9490   2.4550 -10000000000.0000;
341:  0.0180   0.0350   0.0540   0.0800   0.1170   0.1630   0.2270   0.3050   0.3760   0.4600   0.5860   0.7330   0.8510   0.9590   1.0690   1.1950   1.3270   1.4360   1.5670   1.7390   1.9530   2.4560 -10000000000.0000;
342:  0.0170   0.0350   0.0540   0.0790   0.1170   0.1630   0.2270   0.3050   0.3770   0.4590   0.5860   0.7330   0.8510   0.9580   1.0670   1.1930   1.3230   1.4330   1.5660   1.7420   1.9570   2.4570 -10000000000.0000;
343:  0.0170   0.0340   0.0530   0.0790   0.1170   0.1630   0.2270   0.3060   0.3770   0.4590   0.5850   0.7320   0.8500   0.9570   1.0660   1.1900   1.3200   1.4310   1.5660   1.7450   1.9620   2.4570 -10000000000.0000;
344:  0.0170   0.0340   0.0540   0.0790   0.1170   0.1630   0.2280   0.3060   0.3770   0.4600   0.5850   0.7310   0.8490   0.9570   1.0650   1.1880   1.3170   1.4300   1.5670   1.7490   1.9670   2.4580 -10000000000.0000;
345:  0.0170   0.0340   0.0530   0.0790   0.1170   0.1630   0.2280   0.3060   0.3770   0.4590   0.5850   0.7310   0.8490   0.9560   1.0640   1.1860   1.3130   1.4280   1.5690   1.7530   1.9720   2.4600 -10000000000.0000;
346:  0.0170   0.0340   0.0530   0.0790   0.1170   0.1630   0.2280   0.3060   0.3770   0.4600   0.5850   0.7310   0.8490   0.9560   1.0630   1.1840   1.3110   1.4280   1.5700   1.7560   1.9780   2.4620 -10000000000.0000;
347:  0.0170   0.0340   0.0530   0.0790   0.1170   0.1630   0.2280   0.3060   0.3770   0.4600   0.5850   0.7310   0.8490   0.9560   1.0620   1.1820   1.3070   1.4260   1.5700   1.7590   1.9840   2.4630 -10000000000.0000;
348:  0.0160   0.0340   0.0530   0.0790   0.1170   0.1630   0.2280   0.3060   0.3780   0.4590   0.5840   0.7300   0.8490   0.9560   1.0620   1.1800   1.3050   1.4290   1.5770   1.7640   1.9890   2.4650 -10000000000.0000;
349:  0.0160   0.0340   0.0530   0.0790   0.1170   0.1630   0.2280   0.3060   0.3780   0.4590   0.5840   0.7300   0.8490   0.9560   1.0610   1.1790   1.3030   1.4320   1.5830   1.7680   1.9960   2.4670 -10000000000.0000;
350:  0.0160   0.0330   0.0530   0.0790   0.1170   0.1630   0.2270   0.3060   0.3770   0.4590   0.5830   0.7300   0.8490   0.9560   1.0610   1.1780   1.3010   1.4350   1.5870   1.7720   2.0020   2.4690 -10000000000.0000;
351:  0.0160   0.0330   0.0520   0.0790   0.1170   0.1630   0.2270   0.3060   0.3770   0.4590   0.5830   0.7290   0.8490   0.9560   1.0610   1.1770   1.3010   1.4340   1.5890   1.7770   2.0110   2.4740 -10000000000.0000;
352:  0.0150   0.0330   0.0520   0.0780   0.1160   0.1620   0.2270   0.3060   0.3770   0.4580   0.5820   0.7290   0.8480   0.9560   1.0610   1.1760   1.2990   1.4440   1.6010   1.7800   2.0160   2.4750 -10000000000.0000;
353:  0.0150   0.0320   0.0520   0.0780   0.1160   0.1620   0.2270   0.3060   0.3770   0.4580   0.5820   0.7280   0.8490   0.9570   1.0610   1.1760   1.2990   1.4430   1.6030   1.7840   2.0230   2.4790 -10000000000.0000;
354:  0.0150   0.0320   0.0520   0.0780   0.1160   0.1630   0.2270   0.3060   0.3770   0.4580   0.5820   0.7270   0.8480   0.9570   1.0610   1.1750   1.2980   1.4430   1.6050   1.7890   2.0310   2.4840 -10000000000.0000;
355:  0.0150   0.0320   0.0520   0.0780   0.1160   0.1620   0.2270   0.3060   0.3760   0.4580   0.5810   0.7270   0.8490   0.9580   1.0620   1.1760   1.2980   1.4380   1.6020   1.7940   2.0400   2.4890 -10000000000.0000;
356:  0.0140   0.0320   0.0520   0.0780   0.1160   0.1620   0.2270   0.3060   0.3760   0.4580   0.5800   0.7260   0.8480   0.9580   1.0620   1.1750   1.2980   1.4380   1.6030   1.7980   2.0480   2.4940 -10000000000.0000;
357:  0.0140   0.0320   0.0520   0.0780   0.1160   0.1620   0.2270   0.3060   0.3760   0.4570   0.5800   0.7260   0.8480   0.9580   1.0630   1.1760   1.2980   1.4450   1.6120   1.8020   2.0550   2.4970 -10000000000.0000;
358:  0.0140   0.0310   0.0510   0.0780   0.1160   0.1620   0.2270   0.3050   0.3760   0.4570   0.5790   0.7250   0.8480   0.9580   1.0630   1.1760   1.2980   1.4520   1.6200   1.8060   2.0630   2.5000 -10000000000.0000;
359:  0.0140   0.0310   0.0510   0.0780   0.1160   0.1620   0.2270   0.3050   0.3760   0.4570   0.5790   0.7250   0.8480   0.9590   1.0640   1.1770   1.3000   1.4500   1.6190   1.8120   2.0710   2.5050 -10000000000.0000;
