C:\RK-3\Data\PA000001\HT0000010002R.DAT;
000:  0.0110   0.0320   0.0570   0.0890   0.1320   0.1840   0.2580   0.3430   0.4160   0.4990   0.6140   0.7330   0.8330   0.9540   1.0810   1.2000   1.3490   1.5530   1.8440 -10000000000.0000 -10000000000.0000 -10000000000.0000 -10000000000.0000;
001:  0.0110   0.0320   0.0570   0.0890   0.1320   0.1840   0.2580   0.3430   0.4160   0.4990   0.6130   0.7310   0.8320   0.9550   1.0840   1.2050   1.3580   1.5630   1.8530 -10000000000.0000 -10000000000.0000 -10000000000.0000 -10000000000.0000;
002:  0.0110   0.0320   0.0570   0.0890   0.1320   0.1850   0.2580   0.3430   0.4160   0.4990   0.6130   0.7290   0.8310   0.9560   1.0860   1.2110   1.3660   1.5730   1.8610 -10000000000.0000 -10000000000.0000 -10000000000.0000 -10000000000.0000;
003:  0.0110   0.0320   0.0570   0.0890   0.1320   0.1850   0.2580   0.3440   0.4170   0.4990   0.6120   0.7280   0.8300   0.9570   1.0890   1.2170   1.3750   1.5830   1.8690 -10000000000.0000 -10000000000.0000 -10000000000.0000 -10000000000.0000;
004:  0.0110   0.0320   0.0570   0.0880   0.1320   0.1850   0.2580   0.3440   0.4170   0.4990   0.6110   0.7260   0.8300   0.9580   1.0920   1.2230   1.3840   1.5930   1.8740 -10000000000.0000 -10000000000.0000 -10000000000.0000 -10000000000.0000;
005:  0.0110   0.0320   0.0570   0.0880   0.1320   0.1850   0.2580   0.3440   0.4170   0.4990   0.6100   0.7250   0.8300   0.9590   1.0950   1.2280   1.3930   1.6030   1.8790 -10000000000.0000 -10000000000.0000 -10000000000.0000 -10000000000.0000;
006:  0.0110   0.0320   0.0570   0.0880   0.1320   0.1850   0.2590   0.3440   0.4170   0.4990   0.6100   0.7240   0.8290   0.9610   1.0990   1.2350   1.4030   1.6120   1.8820 -10000000000.0000 -10000000000.0000 -10000000000.0000 -10000000000.0000;
007:  0.0110   0.0320   0.0560   0.0880   0.1320   0.1850   0.2590   0.3440   0.4170   0.4990   0.6090   0.7220   0.8290   0.9620   1.1020   1.2410   1.4110   1.6210   1.8850 -10000000000.0000 -10000000000.0000 -10000000000.0000 -10000000000.0000;
008:  0.0110   0.0320   0.0560   0.0880   0.1320   0.1850   0.2590   0.3440   0.4170   0.4980   0.6080   0.7220   0.8290   0.9640   1.1050   1.2480   1.4200   1.6290   1.8880 -10000000000.0000 -10000000000.0000 -10000000000.0000 -10000000000.0000;
009:  0.0110   0.0320   0.0560   0.0880   0.1320   0.1850   0.2590   0.3440   0.4170   0.4980   0.6070   0.7200   0.8290   0.9650   1.1090   1.2540   1.4290   1.6360   1.8900 -10000000000.0000 -10000000000.0000 -10000000000.0000 -10000000000.0000;
010:  0.0110   0.0320   0.0560   0.0880   0.1320   0.1850   0.2590   0.3440   0.4170   0.4980   0.6060   0.7190   0.8300   0.9670   1.1120   1.2600   1.4380   1.6430   1.8920 -10000000000.0000 -10000000000.0000 -10000000000.0000 -10000000000.0000;
011:  0.0110   0.0320   0.0560   0.0880   0.1330   0.1860   0.2590   0.3440   0.4170   0.4980   0.6050   0.7180   0.8300   0.9690   1.1150   1.2660   1.4450   1.6490   1.8930 -10000000000.0000 -10000000000.0000 -10000000000.0000 -10000000000.0000;
012:  0.0110   0.0320   0.0560   0.0880   0.1330   0.1860   0.2590   0.3440   0.4170   0.4970   0.6040   0.7180   0.8300   0.9700   1.1180   1.2720   1.4530   1.6550   1.8930 -10000000000.0000 -10000000000.0000 -10000000000.0000 -10000000000.0000;
013:  0.0110   0.0320   0.0560   0.0880   0.1330   0.1860   0.2590   0.3440   0.4170   0.4970   0.6040   0.7180   0.8300   0.9720   1.1210   1.2790   1.4600   1.6590 -10000000000.0000 -10000000000.0000 -10000000000.0000 -10000000000.0000 -10000000000.0000;
014:  0.0110   0.0320   0.0560   0.0880   0.1330   0.1860   0.2590   0.3440   0.4170   0.4970   0.6030   0.7170   0.8310   0.9730   1.1250   1.2840   1.4670   1.6640 -10000000000.0000 -10000000000.0000 -10000000000.0000 -10000000000.0000 -10000000000.0000;
015:  0.0110   0.0320   0.0560   0.0880   0.1330   0.1860   0.2590   0.3440   0.4170   0.4960   0.6020   0.7170   0.8320   0.9750   1.1280   1.2900   1.4730   1.6660 -10000000000.0000 -10000000000.0000 -10000000000.0000 -10000000000.0000 -10000000000.0000;
016:  0.0110   0.0320   0.0560   0.0880   0.1330   0.1870   0.2590   0.3440   0.4170   0.4960   0.6010   0.7170   0.8330   0.9770   1.1310   1.2950   1.4780   1.6690 -10000000000.0000 -10000000000.0000 -10000000000.0000 -10000000000.0000 -10000000000.0000;
017:  0.0110   0.0320   0.0560   0.0880   0.1330   0.1870   0.2590   0.3440   0.4170   0.4950   0.6010   0.7170   0.8340   0.9780   1.1340   1.2990   1.4830   1.6700 -10000000000.0000 -10000000000.0000 -10000000000.0000 -10000000000.0000 -10000000000.0000;
018:  0.0110   0.0320   0.0560   0.0880   0.1330   0.1870   0.2600   0.3440   0.4170   0.4950   0.6000   0.7170   0.8350   0.9800   1.1360   1.3040   1.4870   1.6710 -10000000000.0000 -10000000000.0000 -10000000000.0000 -10000000000.0000 -10000000000.0000;
019:  0.0110   0.0320   0.0560   0.0880   0.1330   0.1870   0.2600   0.3430   0.4170   0.4950   0.5990   0.7180   0.8360   0.9810   1.1390   1.3070   1.4910   1.6700 -10000000000.0000 -10000000000.0000 -10000000000.0000 -10000000000.0000 -10000000000.0000;
020:  0.0110   0.0320   0.0560   0.0880   0.1330   0.1870   0.2600   0.3440   0.4170   0.4950   0.6000   0.7180   0.8370   0.9830   1.1410   1.3110   1.4940   1.6690 -10000000000.0000 -10000000000.0000 -10000000000.0000 -10000000000.0000 -10000000000.0000;
021:  0.0110   0.0320   0.0560   0.0880   0.1330   0.1880   0.2590   0.3430   0.4160   0.4940   0.5990   0.7190   0.8380   0.9840   1.1440   1.3150   1.4960   1.6670 -10000000000.0000 -10000000000.0000 -10000000000.0000 -10000000000.0000 -10000000000.0000;
022:  0.0110   0.0320   0.0560   0.0870   0.1330   0.1880   0.2600   0.3430   0.4160   0.4940   0.5990   0.7200   0.8400   0.9850   1.1460   1.3170   1.4980   1.6640 -10000000000.0000 -10000000000.0000 -10000000000.0000 -10000000000.0000 -10000000000.0000;
023:  0.0110   0.0320   0.0560   0.0870   0.1340   0.1880   0.2590   0.3430   0.4160   0.4930   0.5990   0.7210   0.8410   0.9870   1.1480   1.3190   1.4980   1.6610 -10000000000.0000 -10000000000.0000 -10000000000.0000 -10000000000.0000 -10000000000.0000;
024:  0.0110   0.0320   0.0560   0.0870   0.1340   0.1880   0.2590   0.3420   0.4160   0.4930   0.5990   0.7220   0.8430   0.9880   1.1500   1.3220   1.4990   1.6580 -10000000000.0000 -10000000000.0000 -10000000000.0000 -10000000000.0000 -10000000000.0000;
025:  0.0110   0.0320   0.0560   0.0870   0.1340   0.1880   0.2590   0.3420   0.4160   0.4930   0.5990   0.7230   0.8440   0.9890   1.1520   1.3240   1.4990   1.6530 -10000000000.0000 -10000000000.0000 -10000000000.0000 -10000000000.0000 -10000000000.0000;
026:  0.0110   0.0320   0.0560   0.0870   0.1340   0.1890   0.2590   0.3420   0.4150   0.4930   0.5990   0.7250   0.8460   0.9900   1.1530   1.3250   1.4980   1.6480 -10000000000.0000 -10000000000.0000 -10000000000.0000 -10000000000.0000 -10000000000.0000;
027:  0.0110   0.0320   0.0560   0.0870   0.1340   0.1890   0.2590   0.3420   0.4150   0.4930   0.5990   0.7260   0.8470   0.9910   1.1550   1.3260   1.4960   1.6430 -10000000000.0000 -10000000000.0000 -10000000000.0000 -10000000000.0000 -10000000000.0000;
028:  0.0110   0.0320   0.0560   0.0870   0.1340   0.1890   0.2590   0.3410   0.4150   0.4920   0.6000   0.7270   0.8490   0.9920   1.1560   1.3270   1.4950   1.6370 -10000000000.0000 -10000000000.0000 -10000000000.0000 -10000000000.0000 -10000000000.0000;
029:  0.0110   0.0320   0.0550   0.0870   0.1340   0.1890   0.2590   0.3410   0.4140   0.4920   0.6000   0.7290   0.8500   0.9930   1.1570   1.3270   1.4930   1.6310 -10000000000.0000 -10000000000.0000 -10000000000.0000 -10000000000.0000 -10000000000.0000;
030:  0.0110   0.0320   0.0550   0.0870   0.1340   0.1890   0.2590   0.3410   0.4140   0.4920   0.6010   0.7300   0.8510   0.9940   1.1580   1.3270   1.4910   1.6250 -10000000000.0000 -10000000000.0000 -10000000000.0000 -10000000000.0000 -10000000000.0000;
031:  0.0110   0.0320   0.0560   0.0870   0.1340   0.1890   0.2590   0.3410   0.4140   0.4920   0.6020   0.7320   0.8530   0.9950   1.1590   1.3270   1.4880   1.6190 -10000000000.0000 -10000000000.0000 -10000000000.0000 -10000000000.0000 -10000000000.0000;
032:  0.0110   0.0320   0.0560   0.0870   0.1340   0.1890   0.2590   0.3410   0.4140   0.4920   0.6020   0.7340   0.8540   0.9960   1.1600   1.3270   1.4850   1.6120 -10000000000.0000 -10000000000.0000 -10000000000.0000 -10000000000.0000 -10000000000.0000;
033:  0.0110   0.0320   0.0560   0.0870   0.1350   0.1890   0.2590   0.3400   0.4130   0.4920   0.6030   0.7350   0.8550   0.9960   1.1610   1.3270   1.4820   1.6060 -10000000000.0000 -10000000000.0000 -10000000000.0000 -10000000000.0000 -10000000000.0000;
034:  0.0110   0.0320   0.0560   0.0880   0.1350   0.1890   0.2590   0.3400   0.4130   0.4920   0.6040   0.7370   0.8560   0.9970   1.1610   1.3250   1.4780   1.6000 -10000000000.0000 -10000000000.0000 -10000000000.0000 -10000000000.0000 -10000000000.0000;
035:  0.0110   0.0320   0.0560   0.0870   0.1340   0.1890   0.2590   0.3400   0.4130   0.4920   0.6050   0.7380   0.8580   0.9970   1.1610   1.3250   1.4750   1.5940 -10000000000.0000 -10000000000.0000 -10000000000.0000 -10000000000.0000 -10000000000.0000;
036:  0.0110   0.0320   0.0560   0.0880   0.1350   0.1890   0.2590   0.3400   0.4130   0.4920   0.6060   0.7400   0.8590   0.9970   1.1620   1.3230   1.4720   1.5880 -10000000000.0000 -10000000000.0000 -10000000000.0000 -10000000000.0000 -10000000000.0000;
037:  0.0110   0.0320   0.0560   0.0880   0.1350   0.1890   0.2590   0.3390   0.4130   0.4930   0.6060   0.7410   0.8590   0.9980   1.1620   1.3220   1.4680   1.5830 -10000000000.0000 -10000000000.0000 -10000000000.0000 -10000000000.0000 -10000000000.0000;
038:  0.0110   0.0320   0.0560   0.0880   0.1350   0.1890   0.2590   0.3390   0.4130   0.4930   0.6070   0.7430   0.8600   0.9980   1.1620   1.3200   1.4640   1.5780 -10000000000.0000 -10000000000.0000 -10000000000.0000 -10000000000.0000 -10000000000.0000;
039:  0.0110   0.0320   0.0560   0.0880   0.1350   0.1890   0.2580   0.3390   0.4120   0.4930   0.6080   0.7440   0.8610   0.9980   1.1620   1.3190   1.4610   1.5730 -10000000000.0000 -10000000000.0000 -10000000000.0000 -10000000000.0000 -10000000000.0000;
040:  0.0110   0.0320   0.0560   0.0880   0.1350   0.1890   0.2580   0.3390   0.4120   0.4930   0.6090   0.7450   0.8620   0.9980   1.1630   1.3180   1.4570 -10000000000.0000 -10000000000.0000 -10000000000.0000 -10000000000.0000 -10000000000.0000 -10000000000.0000;
041:  0.0110   0.0320   0.0560   0.0880   0.1350   0.1890   0.2580   0.3390   0.4120   0.4930   0.6100   0.7460   0.8620   0.9980   1.1630   1.3160   1.4540 -10000000000.0000 -10000000000.0000 -10000000000.0000 -10000000000.0000 -10000000000.0000 -10000000000.0000;
042:  0.0110   0.0320   0.0560   0.0880   0.1340   0.1890   0.2580   0.3390   0.4120   0.4930   0.6110   0.7470   0.8630   0.9980   1.1630   1.3140 -10000000000.0000 -10000000000.0000 -10000000000.0000 -10000000000.0000 -10000000000.0000 -10000000000.0000 -10000000000.0000;
043:  0.0110   0.0320   0.0560   0.0880   0.1340   0.1880   0.2580   0.3390   0.4120   0.4940   0.6110   0.7480   0.8630   0.9980   1.1620   1.3120 -10000000000.0000 -10000000000.0000 -10000000000.0000 -10000000000.0000 -10000000000.0000 -10000000000.0000 -10000000000.0000;
044:  0.0110   0.0320   0.0560   0.0880   0.1340   0.1880   0.2580   0.3390   0.4120   0.4940   0.6120   0.7490   0.8630   0.9980   1.1620   1.3110 -10000000000.0000 -10000000000.0000 -10000000000.0000 -10000000000.0000 -10000000000.0000 -10000000000.0000 -10000000000.0000;
045:  0.0110   0.0320   0.0560   0.0880   0.1340   0.1880   0.2580   0.3390   0.4120   0.4940   0.6130   0.7490   0.8630   0.9970   1.1620   1.3090 -10000000000.0000 -10000000000.0000 -10000000000.0000 -10000000000.0000 -10000000000.0000 -10000000000.0000 -10000000000.0000;
046:  0.0110   0.0320   0.0560   0.0880   0.1340   0.1880   0.2580   0.3390   0.4120   0.4950   0.6130   0.7500   0.8640   0.9970   1.1620   1.3070 -10000000000.0000 -10000000000.0000 -10000000000.0000 -10000000000.0000 -10000000000.0000 -10000000000.0000 -10000000000.0000;
047:  0.0110   0.0320   0.0560   0.0890   0.1340   0.1880   0.2580   0.3390   0.4120   0.4950   0.6140   0.7510   0.8640   0.9970   1.1620   1.3050 -10000000000.0000 -10000000000.0000 -10000000000.0000 -10000000000.0000 -10000000000.0000 -10000000000.0000 -10000000000.0000;
048:  0.0110   0.0320   0.0560   0.0890   0.1340   0.1880   0.2580   0.3380   0.4120   0.4950   0.6140   0.7510   0.8640   0.9970   1.1610   1.3030 -10000000000.0000 -10000000000.0000 -10000000000.0000 -10000000000.0000 -10000000000.0000 -10000000000.0000 -10000000000.0000;
049:  0.0110   0.0320   0.0560   0.0890   0.1340   0.1880   0.2580   0.3380   0.4120   0.4950   0.6140   0.7510   0.8640   0.9970   1.1610   1.3010 -10000000000.0000 -10000000000.0000 -10000000000.0000 -10000000000.0000 -10000000000.0000 -10000000000.0000 -10000000000.0000;
050:  0.0110   0.0320   0.0560   0.0890   0.1340   0.1870   0.2580   0.3380   0.4120   0.4950   0.6150   0.7520   0.8640   0.9970   1.1600   1.2990 -10000000000.0000 -10000000000.0000 -10000000000.0000 -10000000000.0000 -10000000000.0000 -10000000000.0000 -10000000000.0000;
051:  0.0110   0.0320   0.0560   0.0890   0.1340   0.1870   0.2580   0.3390   0.4120   0.4960   0.6150   0.7520   0.8640   0.9970   1.1590   1.2970 -10000000000.0000 -10000000000.0000 -10000000000.0000 -10000000000.0000 -10000000000.0000 -10000000000.0000 -10000000000.0000;
052:  0.0110   0.0320   0.0560   0.0890   0.1340   0.1870   0.2580   0.3390   0.4120   0.4960   0.6160   0.7520   0.8640   0.9970   1.1590   1.2950 -10000000000.0000 -10000000000.0000 -10000000000.0000 -10000000000.0000 -10000000000.0000 -10000000000.0000 -10000000000.0000;
053:  0.0110   0.0320   0.0560   0.0890   0.1340   0.1870   0.2580   0.3390   0.4120   0.4960   0.6150   0.7520   0.8640   0.9960   1.1580   1.2930 -10000000000.0000 -10000000000.0000 -10000000000.0000 -10000000000.0000 -10000000000.0000 -10000000000.0000 -10000000000.0000;
054:  0.0110   0.0320   0.0570   0.0890   0.1340   0.1870   0.2580   0.3390   0.4120   0.4960   0.6150   0.7520   0.8640   0.9960   1.1570   1.2910 -10000000000.0000 -10000000000.0000 -10000000000.0000 -10000000000.0000 -10000000000.0000 -10000000000.0000 -10000000000.0000;
055:  0.0110   0.0320   0.0570   0.0890   0.1340   0.1860   0.2580   0.3390   0.4120   0.4960   0.6150   0.7520   0.8640   0.9960   1.1560   1.2890 -10000000000.0000 -10000000000.0000 -10000000000.0000 -10000000000.0000 -10000000000.0000 -10000000000.0000 -10000000000.0000;
056:  0.0110   0.0320   0.0570   0.0890   0.1340   0.1860   0.2580   0.3390   0.4120   0.4960   0.6150   0.7520   0.8640   0.9960   1.1550   1.2870 -10000000000.0000 -10000000000.0000 -10000000000.0000 -10000000000.0000 -10000000000.0000 -10000000000.0000 -10000000000.0000;
057:  0.0110   0.0320   0.0570   0.0890   0.1340   0.1860   0.2580   0.3390   0.4120   0.4960   0.6150   0.7520   0.8640   0.9960   1.1540   1.2850 -10000000000.0000 -10000000000.0000 -10000000000.0000 -10000000000.0000 -10000000000.0000 -10000000000.0000 -10000000000.0000;
058:  0.0110   0.0320   0.0570   0.0890   0.1340   0.1860   0.2580   0.3390   0.4120   0.4960   0.6150   0.7510   0.8640   0.9960   1.1520   1.2830 -10000000000.0000 -10000000000.0000 -10000000000.0000 -10000000000.0000 -10000000000.0000 -10000000000.0000 -10000000000.0000;
059:  0.0110   0.0320   0.0570   0.0890   0.1340   0.1860   0.2580   0.3400   0.4120   0.4960   0.6150   0.7510   0.8650   0.9960   1.1510   1.2810 -10000000000.0000 -10000000000.0000 -10000000000.0000 -10000000000.0000 -10000000000.0000 -10000000000.0000 -10000000000.0000;
060:  0.0110   0.0320   0.0570   0.0890   0.1330   0.1860   0.2580   0.3400   0.4130   0.4960   0.6140   0.7510   0.8650   0.9960   1.1500   1.2780 -10000000000.0000 -10000000000.0000 -10000000000.0000 -10000000000.0000 -10000000000.0000 -10000000000.0000 -10000000000.0000;
061:  0.0110   0.0320   0.0570   0.0890   0.1330   0.1860   0.2580   0.3400   0.4130   0.4950   0.6140   0.7510   0.8650   0.9960   1.1480   1.2760 -10000000000.0000 -10000000000.0000 -10000000000.0000 -10000000000.0000 -10000000000.0000 -10000000000.0000 -10000000000.0000;
062:  0.0110   0.0320   0.0570   0.0890   0.1330   0.1860   0.2580   0.3400   0.4120   0.4950   0.6140   0.7500   0.8650   0.9960   1.1470   1.2730 -10000000000.0000 -10000000000.0000 -10000000000.0000 -10000000000.0000 -10000000000.0000 -10000000000.0000 -10000000000.0000;
063:  0.0110   0.0320   0.0570   0.0890   0.1330   0.1860   0.2580   0.3400   0.4120   0.4950   0.6130   0.7500   0.8660   0.9970   1.1450   1.2710 -10000000000.0000 -10000000000.0000 -10000000000.0000 -10000000000.0000 -10000000000.0000 -10000000000.0000 -10000000000.0000;
064:  0.0110   0.0320   0.0570   0.0890   0.1330   0.1860   0.2580   0.3400   0.4130   0.4950   0.6130   0.7500   0.8660   0.9960   1.1440   1.2690 -10000000000.0000 -10000000000.0000 -10000000000.0000 -10000000000.0000 -10000000000.0000 -10000000000.0000 -10000000000.0000;
065:  0.0110   0.0320   0.0570   0.0890   0.1330   0.1860   0.2580   0.3400   0.4120   0.4940   0.6130   0.7500   0.8670   0.9970   1.1420   1.2670 -10000000000.0000 -10000000000.0000 -10000000000.0000 -10000000000.0000 -10000000000.0000 -10000000000.0000 -10000000000.0000;
066:  0.0110   0.0320   0.0570   0.0890   0.1330   0.1850   0.2580   0.3410   0.4120   0.4940   0.6120   0.7490   0.8670   0.9970   1.1400   1.2650 -10000000000.0000 -10000000000.0000 -10000000000.0000 -10000000000.0000 -10000000000.0000 -10000000000.0000 -10000000000.0000;
067:  0.0110   0.0320   0.0570   0.0890   0.1330   0.1850   0.2580   0.3410   0.4120   0.4930   0.6120   0.7490   0.8680   0.9970   1.1380 -10000000000.0000 -10000000000.0000 -10000000000.0000 -10000000000.0000 -10000000000.0000 -10000000000.0000 -10000000000.0000 -10000000000.0000;
068:  0.0110   0.0320   0.0570   0.0890   0.1330   0.1850   0.2590   0.3410   0.4120   0.4930   0.6110   0.7490   0.8680   0.9980   1.1360 -10000000000.0000 -10000000000.0000 -10000000000.0000 -10000000000.0000 -10000000000.0000 -10000000000.0000 -10000000000.0000 -10000000000.0000;
069:  0.0110   0.0320   0.0570   0.0890   0.1330   0.1850   0.2580   0.3410   0.4120   0.4930   0.6110   0.7490   0.8690   0.9980   1.1340 -10000000000.0000 -10000000000.0000 -10000000000.0000 -10000000000.0000 -10000000000.0000 -10000000000.0000 -10000000000.0000 -10000000000.0000;
070:  0.0110   0.0320   0.0570   0.0890   0.1330   0.1850   0.2590   0.3410   0.4120   0.4920   0.6110   0.7490   0.8690   0.9980   1.1320 -10000000000.0000 -10000000000.0000 -10000000000.0000 -10000000000.0000 -10000000000.0000 -10000000000.0000 -10000000000.0000 -10000000000.0000;
071:  0.0110   0.0320   0.0570   0.0890   0.1330   0.1850   0.2590   0.3410   0.4120   0.4920   0.6100   0.7490   0.8700   0.9980   1.1300 -10000000000.0000 -10000000000.0000 -10000000000.0000 -10000000000.0000 -10000000000.0000 -10000000000.0000 -10000000000.0000 -10000000000.0000;
072:  0.0110   0.0320   0.0570   0.0890   0.1330   0.1850   0.2590   0.3410   0.4120   0.4920   0.6100   0.7490   0.8710   0.9980   1.1280 -10000000000.0000 -10000000000.0000 -10000000000.0000 -10000000000.0000 -10000000000.0000 -10000000000.0000 -10000000000.0000 -10000000000.0000;
073:  0.0110   0.0320   0.0570   0.0890   0.1330   0.1850   0.2590   0.3410   0.4120   0.4910   0.6100   0.7490   0.8710   0.9980   1.1260 -10000000000.0000 -10000000000.0000 -10000000000.0000 -10000000000.0000 -10000000000.0000 -10000000000.0000 -10000000000.0000 -10000000000.0000;
074:  0.0110   0.0320   0.0570   0.0890   0.1330   0.1850   0.2590   0.3410   0.4120   0.4910   0.6100   0.7490   0.8720   0.9990   1.1240 -10000000000.0000 -10000000000.0000 -10000000000.0000 -10000000000.0000 -10000000000.0000 -10000000000.0000 -10000000000.0000 -10000000000.0000;
075:  0.0110   0.0320   0.0570   0.0890   0.1330   0.1850   0.2590   0.3410   0.4110   0.4900   0.6100   0.7490   0.8720   0.9990   1.1220 -10000000000.0000 -10000000000.0000 -10000000000.0000 -10000000000.0000 -10000000000.0000 -10000000000.0000 -10000000000.0000 -10000000000.0000;
076:  0.0110   0.0320   0.0570   0.0890   0.1330   0.1850   0.2590   0.3410   0.4110   0.4900   0.6090   0.7490   0.8720   0.9980   1.1200 -10000000000.0000 -10000000000.0000 -10000000000.0000 -10000000000.0000 -10000000000.0000 -10000000000.0000 -10000000000.0000 -10000000000.0000;
077:  0.0110   0.0320   0.0570   0.0890   0.1330   0.1850   0.2590   0.3410   0.4110   0.4890   0.6100   0.7490   0.8730   0.9980   1.1180 -10000000000.0000 -10000000000.0000 -10000000000.0000 -10000000000.0000 -10000000000.0000 -10000000000.0000 -10000000000.0000 -10000000000.0000;
078:  0.0110   0.0320   0.0570   0.0890   0.1330   0.1850   0.2590   0.3410   0.4110   0.4890   0.6100   0.7490   0.8730   0.9980   1.1160 -10000000000.0000 -10000000000.0000 -10000000000.0000 -10000000000.0000 -10000000000.0000 -10000000000.0000 -10000000000.0000 -10000000000.0000;
079:  0.0110   0.0320   0.0570   0.0890   0.1330   0.1850   0.2590   0.3410   0.4100   0.4880   0.6090   0.7490   0.8730   0.9990   1.1140 -10000000000.0000 -10000000000.0000 -10000000000.0000 -10000000000.0000 -10000000000.0000 -10000000000.0000 -10000000000.0000 -10000000000.0000;
080:  0.0110   0.0320   0.0570   0.0900   0.1330   0.1850   0.2580   0.3400   0.4100   0.4880   0.6100   0.7490   0.8730   0.9980   1.1130 -10000000000.0000 -10000000000.0000 -10000000000.0000 -10000000000.0000 -10000000000.0000 -10000000000.0000 -10000000000.0000 -10000000000.0000;
081:  0.0110   0.0320   0.0570   0.0900   0.1330   0.1850   0.2580   0.3400   0.4100   0.4880   0.6100   0.7500   0.8740   0.9980   1.1110 -10000000000.0000 -10000000000.0000 -10000000000.0000 -10000000000.0000 -10000000000.0000 -10000000000.0000 -10000000000.0000 -10000000000.0000;
082:  0.0110   0.0320   0.0570   0.0890   0.1330   0.1850   0.2580   0.3400   0.4100   0.4870   0.6100   0.7500   0.8740   0.9980   1.1090 -10000000000.0000 -10000000000.0000 -10000000000.0000 -10000000000.0000 -10000000000.0000 -10000000000.0000 -10000000000.0000 -10000000000.0000;
083:  0.0110   0.0320   0.0570   0.0890   0.1330   0.1850   0.2580   0.3400   0.4100   0.4870   0.6100   0.7500   0.8740   0.9980   1.1090 -10000000000.0000 -10000000000.0000 -10000000000.0000 -10000000000.0000 -10000000000.0000 -10000000000.0000 -10000000000.0000 -10000000000.0000;
084:  0.0110   0.0320   0.0570   0.0890   0.1330   0.1850   0.2580   0.3400   0.4090   0.4870   0.6100   0.7500   0.8740   0.9980   1.1070 -10000000000.0000 -10000000000.0000 -10000000000.0000 -10000000000.0000 -10000000000.0000 -10000000000.0000 -10000000000.0000 -10000000000.0000;
085:  0.0110   0.0320   0.0570   0.0890   0.1330   0.1850   0.2580   0.3390   0.4090   0.4870   0.6100   0.7500   0.8740   0.9980   1.1060 -10000000000.0000 -10000000000.0000 -10000000000.0000 -10000000000.0000 -10000000000.0000 -10000000000.0000 -10000000000.0000 -10000000000.0000;
086:  0.0110   0.0320   0.0570   0.0900   0.1330   0.1850   0.2580   0.3390   0.4090   0.4860   0.6100   0.7500   0.8730   0.9970   1.1050 -10000000000.0000 -10000000000.0000 -10000000000.0000 -10000000000.0000 -10000000000.0000 -10000000000.0000 -10000000000.0000 -10000000000.0000;
087:  0.0110   0.0320   0.0570   0.0900   0.1330   0.1850   0.2580   0.3390   0.4090   0.4860   0.6100   0.7500   0.8730   0.9970   1.1040 -10000000000.0000 -10000000000.0000 -10000000000.0000 -10000000000.0000 -10000000000.0000 -10000000000.0000 -10000000000.0000 -10000000000.0000;
088:  0.0110   0.0320   0.0570   0.0900   0.1330   0.1850   0.2580   0.3390   0.4090   0.4860   0.6100   0.7500   0.8740   0.9970   1.1040 -10000000000.0000 -10000000000.0000 -10000000000.0000 -10000000000.0000 -10000000000.0000 -10000000000.0000 -10000000000.0000 -10000000000.0000;
089:  0.0110   0.0320   0.0570   0.0900   0.1330   0.1850   0.2580   0.3380   0.4080   0.4860   0.6100   0.7510   0.8730   0.9960   1.1030 -10000000000.0000 -10000000000.0000 -10000000000.0000 -10000000000.0000 -10000000000.0000 -10000000000.0000 -10000000000.0000 -10000000000.0000;
090:  0.0110   0.0320   0.0570   0.0900   0.1330   0.1850   0.2570   0.3380   0.4080   0.4860   0.6110   0.7510   0.8730   0.9960   1.1030 -10000000000.0000 -10000000000.0000 -10000000000.0000 -10000000000.0000 -10000000000.0000 -10000000000.0000 -10000000000.0000 -10000000000.0000;
091:  0.0110   0.0320   0.0570   0.0900   0.1330   0.1850   0.2570   0.3380   0.4080   0.4860   0.6110   0.7510   0.8730   0.9960   1.1030 -10000000000.0000 -10000000000.0000 -10000000000.0000 -10000000000.0000 -10000000000.0000 -10000000000.0000 -10000000000.0000 -10000000000.0000;
092:  0.0110   0.0320   0.0570   0.0900   0.1330   0.1850   0.2570   0.3380   0.4080   0.4860   0.6110   0.7510   0.8720   0.9950   1.1030 -10000000000.0000 -10000000000.0000 -10000000000.0000 -10000000000.0000 -10000000000.0000 -10000000000.0000 -10000000000.0000 -10000000000.0000;
093:  0.0110   0.0320   0.0570   0.0900   0.1330   0.1850   0.2570   0.3370   0.4080   0.4860   0.6110   0.7510   0.8720   0.9950   1.1030 -10000000000.0000 -10000000000.0000 -10000000000.0000 -10000000000.0000 -10000000000.0000 -10000000000.0000 -10000000000.0000 -10000000000.0000;
094:  0.0110   0.0320   0.0570   0.0900   0.1330   0.1850   0.2570   0.3370   0.4080   0.4860   0.6110   0.7510   0.8720   0.9950   1.1030 -10000000000.0000 -10000000000.0000 -10000000000.0000 -10000000000.0000 -10000000000.0000 -10000000000.0000 -10000000000.0000 -10000000000.0000;
095:  0.0110   0.0320   0.0570   0.0900   0.1330   0.1850   0.2570   0.3370   0.4080   0.4860   0.6110   0.7510   0.8720   0.9950   1.1040 -10000000000.0000 -10000000000.0000 -10000000000.0000 -10000000000.0000 -10000000000.0000 -10000000000.0000 -10000000000.0000 -10000000000.0000;
096:  0.0110   0.0320   0.0570   0.0900   0.1330   0.1850   0.2560   0.3370   0.4080   0.4860   0.6110   0.7510   0.8720   0.9950   1.1050 -10000000000.0000 -10000000000.0000 -10000000000.0000 -10000000000.0000 -10000000000.0000 -10000000000.0000 -10000000000.0000 -10000000000.0000;
097:  0.0110   0.0320   0.0570   0.0900   0.1330   0.1850   0.2560   0.3370   0.4080   0.4860   0.6110   0.7510   0.8710   0.9950   1.1050 -10000000000.0000 -10000000000.0000 -10000000000.0000 -10000000000.0000 -10000000000.0000 -10000000000.0000 -10000000000.0000 -10000000000.0000;
098:  0.0110   0.0320   0.0570   0.0900   0.1330   0.1850   0.2560   0.3360   0.4080   0.4860   0.6110   0.7510   0.8710   0.9950   1.1060 -10000000000.0000 -10000000000.0000 -10000000000.0000 -10000000000.0000 -10000000000.0000 -10000000000.0000 -10000000000.0000 -10000000000.0000;
099:  0.0110   0.0320   0.0570   0.0900   0.1330   0.1850   0.2560   0.3360   0.4080   0.4860   0.6110   0.7510   0.8710   0.9950   1.1080 -10000000000.0000 -10000000000.0000 -10000000000.0000 -10000000000.0000 -10000000000.0000 -10000000000.0000 -10000000000.0000 -10000000000.0000;
100:  0.0110   0.0320   0.0570   0.0900   0.1330   0.1850   0.2560   0.3360   0.4080   0.4860   0.6110   0.7510   0.8710   0.9950   1.1090 -10000000000.0000 -10000000000.0000 -10000000000.0000 -10000000000.0000 -10000000000.0000 -10000000000.0000 -10000000000.0000 -10000000000.0000;
101:  0.0110   0.0320   0.0570   0.0900   0.1330   0.1850   0.2560   0.3360   0.4080   0.4870   0.6110   0.7510   0.8710   0.9950   1.1100 -10000000000.0000 -10000000000.0000 -10000000000.0000 -10000000000.0000 -10000000000.0000 -10000000000.0000 -10000000000.0000 -10000000000.0000;
102:  0.0110   0.0320   0.0570   0.0900   0.1330   0.1850   0.2560   0.3360   0.4080   0.4870   0.6110   0.7520   0.8710   0.9950   1.1110 -10000000000.0000 -10000000000.0000 -10000000000.0000 -10000000000.0000 -10000000000.0000 -10000000000.0000 -10000000000.0000 -10000000000.0000;
103:  0.0110   0.0320   0.0570   0.0900   0.1330   0.1850   0.2560   0.3350   0.4080   0.4870   0.6110   0.7520   0.8720   0.9970   1.1130 -10000000000.0000 -10000000000.0000 -10000000000.0000 -10000000000.0000 -10000000000.0000 -10000000000.0000 -10000000000.0000 -10000000000.0000;
104:  0.0110   0.0320   0.0570   0.0900   0.1330   0.1860   0.2560   0.3350   0.4080   0.4870   0.6110   0.7520   0.8710   0.9960   1.1150 -10000000000.0000 -10000000000.0000 -10000000000.0000 -10000000000.0000 -10000000000.0000 -10000000000.0000 -10000000000.0000 -10000000000.0000;
105:  0.0110   0.0320   0.0570   0.0900   0.1330   0.1860   0.2550   0.3350   0.4090   0.4880   0.6110   0.7520   0.8720   0.9970   1.1170 -10000000000.0000 -10000000000.0000 -10000000000.0000 -10000000000.0000 -10000000000.0000 -10000000000.0000 -10000000000.0000 -10000000000.0000;
106:  0.0110   0.0320   0.0570   0.0900   0.1330   0.1860   0.2550   0.3350   0.4090   0.4880   0.6110   0.7510   0.8720   0.9980   1.1180 -10000000000.0000 -10000000000.0000 -10000000000.0000 -10000000000.0000 -10000000000.0000 -10000000000.0000 -10000000000.0000 -10000000000.0000;
107:  0.0110   0.0320   0.0570   0.0900   0.1330   0.1860   0.2550   0.3350   0.4090   0.4880   0.6110   0.7520   0.8720   0.9980   1.1200 -10000000000.0000 -10000000000.0000 -10000000000.0000 -10000000000.0000 -10000000000.0000 -10000000000.0000 -10000000000.0000 -10000000000.0000;
108:  0.0110   0.0320   0.0570   0.0900   0.1330   0.1860   0.2550   0.3350   0.4090   0.4880   0.6100   0.7520   0.8730   0.9990   1.1220 -10000000000.0000 -10000000000.0000 -10000000000.0000 -10000000000.0000 -10000000000.0000 -10000000000.0000 -10000000000.0000 -10000000000.0000;
109:  0.0110   0.0320   0.0570   0.0900   0.1330   0.1860   0.2550   0.3350   0.4090   0.4880   0.6100   0.7520   0.8730   1.0000   1.1240 -10000000000.0000 -10000000000.0000 -10000000000.0000 -10000000000.0000 -10000000000.0000 -10000000000.0000 -10000000000.0000 -10000000000.0000;
110:  0.0110   0.0320   0.0570   0.0900   0.1330   0.1860   0.2550   0.3350   0.4090   0.4880   0.6100   0.7520   0.8740   1.0010   1.1270 -10000000000.0000 -10000000000.0000 -10000000000.0000 -10000000000.0000 -10000000000.0000 -10000000000.0000 -10000000000.0000 -10000000000.0000;
111:  0.0110   0.0320   0.0570   0.0890   0.1330   0.1860   0.2550   0.3350   0.4090   0.4890   0.6100   0.7520   0.8740   1.0020   1.1290 -10000000000.0000 -10000000000.0000 -10000000000.0000 -10000000000.0000 -10000000000.0000 -10000000000.0000 -10000000000.0000 -10000000000.0000;
112:  0.0110   0.0320   0.0570   0.0890   0.1330   0.1860   0.2550   0.3350   0.4090   0.4890   0.6100   0.7520   0.8750   1.0030   1.1310 -10000000000.0000 -10000000000.0000 -10000000000.0000 -10000000000.0000 -10000000000.0000 -10000000000.0000 -10000000000.0000 -10000000000.0000;
113:  0.0110   0.0320   0.0570   0.0890   0.1330   0.1860   0.2550   0.3350   0.4090   0.4890   0.6100   0.7520   0.8750   1.0050   1.1330 -10000000000.0000 -10000000000.0000 -10000000000.0000 -10000000000.0000 -10000000000.0000 -10000000000.0000 -10000000000.0000 -10000000000.0000;
114:  0.0110   0.0320   0.0570   0.0890   0.1330   0.1860   0.2550   0.3360   0.4090   0.4890   0.6100   0.7520   0.8760   1.0060   1.1360 -10000000000.0000 -10000000000.0000 -10000000000.0000 -10000000000.0000 -10000000000.0000 -10000000000.0000 -10000000000.0000 -10000000000.0000;
115:  0.0110   0.0320   0.0570   0.0890   0.1330   0.1860   0.2560   0.3360   0.4090   0.4890   0.6100   0.7520   0.8760   1.0070   1.1380 -10000000000.0000 -10000000000.0000 -10000000000.0000 -10000000000.0000 -10000000000.0000 -10000000000.0000 -10000000000.0000 -10000000000.0000;
116:  0.0110   0.0320   0.0570   0.0890   0.1330   0.1860   0.2560   0.3360   0.4090   0.4890   0.6100   0.7520   0.8770   1.0090   1.1400 -10000000000.0000 -10000000000.0000 -10000000000.0000 -10000000000.0000 -10000000000.0000 -10000000000.0000 -10000000000.0000 -10000000000.0000;
117:  0.0110   0.0320   0.0570   0.0890   0.1330   0.1860   0.2560   0.3360   0.4100   0.4900   0.6100   0.7520   0.8770   1.0100   1.1420   1.2560 -10000000000.0000 -10000000000.0000 -10000000000.0000 -10000000000.0000 -10000000000.0000 -10000000000.0000 -10000000000.0000;
118:  0.0110   0.0320   0.0570   0.0890   0.1340   0.1860   0.2560   0.3360   0.4100   0.4900   0.6100   0.7520   0.8780   1.0110   1.1450   1.2580 -10000000000.0000 -10000000000.0000 -10000000000.0000 -10000000000.0000 -10000000000.0000 -10000000000.0000 -10000000000.0000;
119:  0.0110   0.0320   0.0570   0.0890   0.1330   0.1860   0.2560   0.3360   0.4100   0.4900   0.6100   0.7520   0.8780   1.0120   1.1470   1.2610 -10000000000.0000 -10000000000.0000 -10000000000.0000 -10000000000.0000 -10000000000.0000 -10000000000.0000 -10000000000.0000;
120:  0.0110   0.0320   0.0570   0.0890   0.1340   0.1860   0.2560   0.3360   0.4090   0.4900   0.6100   0.7510   0.8780   1.0130   1.1490   1.2640 -10000000000.0000 -10000000000.0000 -10000000000.0000 -10000000000.0000 -10000000000.0000 -10000000000.0000 -10000000000.0000;
121:  0.0110   0.0320   0.0570   0.0890   0.1340   0.1870   0.2560   0.3360   0.4090   0.4900   0.6100   0.7510   0.8780   1.0140   1.1510   1.2660 -10000000000.0000 -10000000000.0000 -10000000000.0000 -10000000000.0000 -10000000000.0000 -10000000000.0000 -10000000000.0000;
122:  0.0110   0.0320   0.0570   0.0890   0.1340   0.1870   0.2560   0.3370   0.4090   0.4900   0.6100   0.7510   0.8790   1.0150   1.1540   1.2690 -10000000000.0000 -10000000000.0000 -10000000000.0000 -10000000000.0000 -10000000000.0000 -10000000000.0000 -10000000000.0000;
123:  0.0110   0.0320   0.0570   0.0890   0.1340   0.1870   0.2560   0.3370   0.4090   0.4900   0.6100   0.7510   0.8790   1.0160   1.1550   1.2720 -10000000000.0000 -10000000000.0000 -10000000000.0000 -10000000000.0000 -10000000000.0000 -10000000000.0000 -10000000000.0000;
124:  0.0110   0.0320   0.0570   0.0890   0.1340   0.1870   0.2570   0.3370   0.4100   0.4900   0.6100   0.7500   0.8790   1.0170   1.1570   1.2750 -10000000000.0000 -10000000000.0000 -10000000000.0000 -10000000000.0000 -10000000000.0000 -10000000000.0000 -10000000000.0000;
125:  0.0110   0.0320   0.0570   0.0890   0.1340   0.1870   0.2570   0.3370   0.4100   0.4900   0.6100   0.7500   0.8780   1.0180   1.1600   1.2780 -10000000000.0000 -10000000000.0000 -10000000000.0000 -10000000000.0000 -10000000000.0000 -10000000000.0000 -10000000000.0000;
126:  0.0110   0.0320   0.0570   0.0890   0.1340   0.1870   0.2570   0.3370   0.4090   0.4910   0.6100   0.7490   0.8780   1.0180   1.1620   1.2820 -10000000000.0000 -10000000000.0000 -10000000000.0000 -10000000000.0000 -10000000000.0000 -10000000000.0000 -10000000000.0000;
127:  0.0110   0.0320   0.0570   0.0890   0.1340   0.1870   0.2570   0.3380   0.4100   0.4910   0.6100   0.7490   0.8780   1.0190   1.1630   1.2850 -10000000000.0000 -10000000000.0000 -10000000000.0000 -10000000000.0000 -10000000000.0000 -10000000000.0000 -10000000000.0000;
128:  0.0110   0.0320   0.0570   0.0890   0.1340   0.1870   0.2570   0.3380   0.4100   0.4910   0.6100   0.7480   0.8770   1.0190   1.1650   1.2880 -10000000000.0000 -10000000000.0000 -10000000000.0000 -10000000000.0000 -10000000000.0000 -10000000000.0000 -10000000000.0000;
129:  0.0110   0.0320   0.0570   0.0890   0.1340   0.1870   0.2570   0.3380   0.4100   0.4900   0.6100   0.7480   0.8770   1.0190   1.1660   1.2910 -10000000000.0000 -10000000000.0000 -10000000000.0000 -10000000000.0000 -10000000000.0000 -10000000000.0000 -10000000000.0000;
130:  0.0110   0.0320   0.0570   0.0890   0.1340   0.1870   0.2570   0.3380   0.4100   0.4910   0.6100   0.7470   0.8760   1.0200   1.1680   1.2950 -10000000000.0000 -10000000000.0000 -10000000000.0000 -10000000000.0000 -10000000000.0000 -10000000000.0000 -10000000000.0000;
131:  0.0110   0.0320   0.0570   0.0890   0.1340   0.1870   0.2570   0.3380   0.4100   0.4910   0.6100   0.7460   0.8750   1.0190   1.1690   1.2980 -10000000000.0000 -10000000000.0000 -10000000000.0000 -10000000000.0000 -10000000000.0000 -10000000000.0000 -10000000000.0000;
132:  0.0110   0.0320   0.0570   0.0890   0.1340   0.1870   0.2570   0.3380   0.4090   0.4910   0.6100   0.7450   0.8740   1.0190   1.1710   1.3020   1.4360   1.5550 -10000000000.0000 -10000000000.0000 -10000000000.0000 -10000000000.0000 -10000000000.0000;
133:  0.0110   0.0320   0.0570   0.0890   0.1340   0.1870   0.2570   0.3380   0.4090   0.4910   0.6100   0.7450   0.8730   1.0190   1.1720   1.3050   1.4390   1.5570 -10000000000.0000 -10000000000.0000 -10000000000.0000 -10000000000.0000 -10000000000.0000;
134:  0.0110   0.0320   0.0570   0.0890   0.1340   0.1870   0.2570   0.3380   0.4100   0.4910   0.6100   0.7440   0.8720   1.0190   1.1730   1.3080   1.4420   1.5590 -10000000000.0000 -10000000000.0000 -10000000000.0000 -10000000000.0000 -10000000000.0000;
135:  0.0110   0.0320   0.0570   0.0890   0.1340   0.1870   0.2570   0.3380   0.4100   0.4910   0.6100   0.7430   0.8710   1.0180   1.1740   1.3120   1.4450   1.5610 -10000000000.0000 -10000000000.0000 -10000000000.0000 -10000000000.0000 -10000000000.0000;
136:  0.0110   0.0320   0.0570   0.0890   0.1340   0.1870   0.2570   0.3380   0.4100   0.4900   0.6100   0.7420   0.8700   1.0170   1.1750   1.3150   1.4490   1.5640 -10000000000.0000 -10000000000.0000 -10000000000.0000 -10000000000.0000 -10000000000.0000;
137:  0.0110   0.0320   0.0570   0.0890   0.1340   0.1870   0.2570   0.3380   0.4100   0.4910   0.6100   0.7420   0.8680   1.0170   1.1750   1.3170   1.4520   1.5670 -10000000000.0000 -10000000000.0000 -10000000000.0000 -10000000000.0000 -10000000000.0000;
138:  0.0110   0.0320   0.0570   0.0890   0.1340   0.1870   0.2570   0.3380   0.4100   0.4910   0.6090   0.7410   0.8670   1.0160   1.1760   1.3210   1.4560   1.5700 -10000000000.0000 -10000000000.0000 -10000000000.0000 -10000000000.0000 -10000000000.0000;
139:  0.0110   0.0320   0.0570   0.0890   0.1340   0.1870   0.2570   0.3380   0.4100   0.4910   0.6090   0.7400   0.8660   1.0150   1.1760   1.3230   1.4590   1.5740 -10000000000.0000 -10000000000.0000 -10000000000.0000 -10000000000.0000 -10000000000.0000;
140:  0.0110   0.0320   0.0570   0.0890   0.1340   0.1870   0.2570   0.3380   0.4100   0.4910   0.6090   0.7390   0.8640   1.0140   1.1770   1.3260   1.4620   1.5780 -10000000000.0000 -10000000000.0000 -10000000000.0000 -10000000000.0000 -10000000000.0000;
141:  0.0110   0.0320   0.0570   0.0890   0.1340   0.1870   0.2570   0.3380   0.4100   0.4910   0.6090   0.7390   0.8630   1.0130   1.1770   1.3280   1.4660   1.5820 -10000000000.0000 -10000000000.0000 -10000000000.0000 -10000000000.0000 -10000000000.0000;
142:  0.0110   0.0320   0.0570   0.0890   0.1330   0.1870   0.2570   0.3380   0.4100   0.4910   0.6080   0.7380   0.8620   1.0120   1.1770   1.3300   1.4690   1.5860 -10000000000.0000 -10000000000.0000 -10000000000.0000 -10000000000.0000 -10000000000.0000;
143:  0.0110   0.0320   0.0570   0.0890   0.1330   0.1870   0.2570   0.3380   0.4100   0.4910   0.6080   0.7370   0.8600   1.0110   1.1770   1.3320   1.4720   1.5910 -10000000000.0000 -10000000000.0000 -10000000000.0000 -10000000000.0000 -10000000000.0000;
144:  0.0110   0.0320   0.0570   0.0890   0.1330   0.1870   0.2570   0.3380   0.4100   0.4910   0.6080   0.7370   0.8590   1.0100   1.1770   1.3340   1.4750   1.5950 -10000000000.0000 -10000000000.0000 -10000000000.0000 -10000000000.0000 -10000000000.0000;
145:  0.0110   0.0320   0.0570   0.0890   0.1330   0.1870   0.2570   0.3380   0.4110   0.4910   0.6080   0.7360   0.8580   1.0090   1.1770   1.3360   1.4780   1.6000 -10000000000.0000 -10000000000.0000 -10000000000.0000 -10000000000.0000 -10000000000.0000;
146:  0.0110   0.0320   0.0570   0.0890   0.1330   0.1860   0.2570   0.3380   0.4110   0.4920   0.6080   0.7360   0.8570   1.0070   1.1760   1.3370   1.4800   1.6040 -10000000000.0000 -10000000000.0000 -10000000000.0000 -10000000000.0000 -10000000000.0000;
147:  0.0110   0.0320   0.0570   0.0890   0.1330   0.1860   0.2570   0.3380   0.4110   0.4920   0.6070   0.7350   0.8560   1.0060   1.1760   1.3380   1.4830   1.6100 -10000000000.0000 -10000000000.0000 -10000000000.0000 -10000000000.0000 -10000000000.0000;
148:  0.0110   0.0320   0.0570   0.0890   0.1330   0.1860   0.2570   0.3380   0.4110   0.4920   0.6070   0.7350   0.8550   1.0050   1.1760   1.3390   1.4860   1.6150 -10000000000.0000 -10000000000.0000 -10000000000.0000 -10000000000.0000 -10000000000.0000;
149:  0.0110   0.0320   0.0570   0.0890   0.1330   0.1860   0.2570   0.3380   0.4120   0.4920   0.6070   0.7350   0.8540   1.0030   1.1750   1.3400   1.4880   1.6200 -10000000000.0000 -10000000000.0000 -10000000000.0000 -10000000000.0000 -10000000000.0000;
150:  0.0110   0.0320   0.0570   0.0890   0.1330   0.1860   0.2570   0.3380   0.4120   0.4920   0.6070   0.7340   0.8540   1.0030   1.1750   1.3410   1.4900   1.6250 -10000000000.0000 -10000000000.0000 -10000000000.0000 -10000000000.0000 -10000000000.0000;
151:  0.0110   0.0320   0.0570   0.0890   0.1330   0.1860   0.2560   0.3380   0.4120   0.4930   0.6070   0.7340   0.8530   1.0010   1.1740   1.3410   1.4930   1.6300   1.8020 -10000000000.0000 -10000000000.0000 -10000000000.0000 -10000000000.0000;
152:  0.0110   0.0320   0.0570   0.0890   0.1330   0.1860   0.2560   0.3380   0.4120   0.4930   0.6070   0.7340   0.8520   1.0000   1.1730   1.3410   1.4940   1.6350   1.8110 -10000000000.0000 -10000000000.0000 -10000000000.0000 -10000000000.0000;
153:  0.0110   0.0320   0.0570   0.0890   0.1320   0.1860   0.2560   0.3380   0.4120   0.4930   0.6070   0.7340   0.8520   1.0000   1.1730   1.3420   1.4960   1.6410   1.8200 -10000000000.0000 -10000000000.0000 -10000000000.0000 -10000000000.0000;
154:  0.0110   0.0320   0.0570   0.0890   0.1320   0.1860   0.2560   0.3380   0.4130   0.4930   0.6070   0.7340   0.8510   0.9990   1.1720   1.3420   1.4970   1.6450   1.8280 -10000000000.0000 -10000000000.0000 -10000000000.0000 -10000000000.0000;
155:  0.0110   0.0320   0.0570   0.0890   0.1320   0.1850   0.2560   0.3380   0.4130   0.4930   0.6060   0.7340   0.8510   0.9980   1.1710   1.3410   1.4980   1.6490   1.8350 -10000000000.0000 -10000000000.0000 -10000000000.0000 -10000000000.0000;
156:  0.0110   0.0320   0.0570   0.0890   0.1320   0.1850   0.2560   0.3380   0.4130   0.4940   0.6070   0.7340   0.8510   0.9970   1.1710   1.3410   1.4990   1.6530   1.8430 -10000000000.0000 -10000000000.0000 -10000000000.0000 -10000000000.0000;
157:  0.0110   0.0320   0.0570   0.0890   0.1320   0.1850   0.2560   0.3380   0.4130   0.4940   0.6060   0.7350   0.8510   0.9970   1.1700   1.3410   1.5000   1.6580   1.8480 -10000000000.0000 -10000000000.0000 -10000000000.0000 -10000000000.0000;
158:  0.0110   0.0320   0.0570   0.0890   0.1320   0.1850   0.2560   0.3380   0.4140   0.4940   0.6070   0.7350   0.8510   0.9960   1.1690   1.3410   1.5010   1.6610   1.8540 -10000000000.0000 -10000000000.0000 -10000000000.0000 -10000000000.0000;
159:  0.0110   0.0320   0.0570   0.0890   0.1320   0.1850   0.2560   0.3380   0.4130   0.4940   0.6070   0.7350   0.8510   0.9960   1.1690   1.3410   1.5020   1.6650   1.8600 -10000000000.0000 -10000000000.0000 -10000000000.0000 -10000000000.0000;
160:  0.0110   0.0320   0.0570   0.0890   0.1320   0.1850   0.2560   0.3380   0.4140   0.4950   0.6070   0.7350   0.8510   0.9950   1.1690   1.3410   1.5030   1.6690   1.8660 -10000000000.0000 -10000000000.0000 -10000000000.0000 -10000000000.0000;
161:  0.0110   0.0320   0.0570   0.0890   0.1320   0.1850   0.2560   0.3380   0.4140   0.4950   0.6070   0.7360   0.8510   0.9950   1.1680   1.3400   1.5030   1.6720   1.8710 -10000000000.0000 -10000000000.0000 -10000000000.0000 -10000000000.0000;
162:  0.0110   0.0320   0.0570   0.0890   0.1320   0.1850   0.2560   0.3380   0.4140   0.4950   0.6070   0.7360   0.8520   0.9950   1.1680   1.3410   1.5040   1.6740   1.8770 -10000000000.0000 -10000000000.0000 -10000000000.0000 -10000000000.0000;
163:  0.0110   0.0320   0.0570   0.0880   0.1310   0.1840   0.2560   0.3380   0.4140   0.4950   0.6070   0.7370   0.8520   0.9950   1.1670   1.3400   1.5040   1.6770   1.8840 -10000000000.0000 -10000000000.0000 -10000000000.0000 -10000000000.0000;
164:  0.0110   0.0320   0.0570   0.0880   0.1310   0.1840   0.2560   0.3380   0.4140   0.4950   0.6080   0.7370   0.8530   0.9950   1.1660   1.3400   1.5040   1.6800   1.8910 -10000000000.0000 -10000000000.0000 -10000000000.0000 -10000000000.0000;
165:  0.0110   0.0320   0.0570   0.0880   0.1310   0.1840   0.2560   0.3390   0.4140   0.4960   0.6080   0.7380   0.8530   0.9950   1.1660   1.3400   1.5040   1.6810   1.8990 -10000000000.0000 -10000000000.0000 -10000000000.0000 -10000000000.0000;
166:  0.0110   0.0320   0.0570   0.0880   0.1310   0.1840   0.2560   0.3390   0.4140   0.4960   0.6080   0.7380   0.8540   0.9950   1.1660   1.3400   1.5040   1.6830   1.9080 -10000000000.0000 -10000000000.0000 -10000000000.0000 -10000000000.0000;
167:  0.0110   0.0320   0.0570   0.0880   0.1310   0.1840   0.2560   0.3390   0.4140   0.4960   0.6090   0.7380   0.8550   0.9960   1.1660   1.3400   1.5040   1.6840   1.9170 -10000000000.0000 -10000000000.0000 -10000000000.0000 -10000000000.0000;
168:  0.0110   0.0320   0.0570   0.0880   0.1310   0.1840   0.2560   0.3390   0.4140   0.4960   0.6090   0.7390   0.8550   0.9960   1.1650   1.3400   1.5050 -10000000000.0000 -10000000000.0000 -10000000000.0000 -10000000000.0000 -10000000000.0000 -10000000000.0000;
169:  0.0110   0.0320   0.0570   0.0880   0.1310   0.1840   0.2560   0.3390   0.4140   0.4960   0.6090   0.7390   0.8560   0.9960   1.1650   1.3410   1.5050 -10000000000.0000 -10000000000.0000 -10000000000.0000 -10000000000.0000 -10000000000.0000 -10000000000.0000;
170:  0.0110   0.0320   0.0570   0.0880   0.1310   0.1840   0.2560   0.3390   0.4140   0.4960   0.6090   0.7400   0.8570   0.9970   1.1650   1.3400 -10000000000.0000 -10000000000.0000 -10000000000.0000 -10000000000.0000 -10000000000.0000 -10000000000.0000 -10000000000.0000;
171:  0.0100   0.0320   0.0570   0.0880   0.1310   0.1840   0.2560   0.3390   0.4140   0.4970   0.6100   0.7400   0.8570   0.9970   1.1650   1.3410 -10000000000.0000 -10000000000.0000 -10000000000.0000 -10000000000.0000 -10000000000.0000 -10000000000.0000 -10000000000.0000;
172:  0.0100   0.0320   0.0570   0.0880   0.1310   0.1840   0.2560   0.3390   0.4140   0.4970   0.6100   0.7400   0.8580   0.9970   1.1640   1.3410 -10000000000.0000 -10000000000.0000 -10000000000.0000 -10000000000.0000 -10000000000.0000 -10000000000.0000 -10000000000.0000;
173:  0.0100   0.0320   0.0570   0.0880   0.1310   0.1840   0.2560   0.3390   0.4140   0.4970   0.6100   0.7400   0.8580   0.9980   1.1640   1.3420 -10000000000.0000 -10000000000.0000 -10000000000.0000 -10000000000.0000 -10000000000.0000 -10000000000.0000 -10000000000.0000;
174:  0.0100   0.0320   0.0570   0.0880   0.1310   0.1840   0.2550   0.3390   0.4130   0.4970   0.6100   0.7400   0.8590   0.9980   1.1640   1.3420 -10000000000.0000 -10000000000.0000 -10000000000.0000 -10000000000.0000 -10000000000.0000 -10000000000.0000 -10000000000.0000;
175:  0.0100   0.0320   0.0570   0.0880   0.1310   0.1830   0.2560   0.3390   0.4140   0.4970   0.6110   0.7410   0.8600   0.9990   1.1640   1.3420 -10000000000.0000 -10000000000.0000 -10000000000.0000 -10000000000.0000 -10000000000.0000 -10000000000.0000 -10000000000.0000;
176:  0.0100   0.0320   0.0570   0.0880   0.1310   0.1830   0.2550   0.3390   0.4130   0.4970   0.6110   0.7410   0.8600   0.9990   1.1640   1.3430 -10000000000.0000 -10000000000.0000 -10000000000.0000 -10000000000.0000 -10000000000.0000 -10000000000.0000 -10000000000.0000;
177:  0.0100   0.0320   0.0570   0.0880   0.1310   0.1840   0.2550   0.3390   0.4130   0.4970   0.6110   0.7410   0.8610   0.9990   1.1640   1.3430 -10000000000.0000 -10000000000.0000 -10000000000.0000 -10000000000.0000 -10000000000.0000 -10000000000.0000 -10000000000.0000;
178:  0.0100   0.0320   0.0570   0.0880   0.1310   0.1830   0.2550   0.3390   0.4130   0.4970   0.6110   0.7410   0.8610   1.0000   1.1640   1.3430 -10000000000.0000 -10000000000.0000 -10000000000.0000 -10000000000.0000 -10000000000.0000 -10000000000.0000 -10000000000.0000;
179:  0.0100   0.0320   0.0570   0.0880   0.1310   0.1830   0.2550   0.3380   0.4130   0.4970   0.6110   0.7410   0.8620   1.0000   1.1630   1.3430 -10000000000.0000 -10000000000.0000 -10000000000.0000 -10000000000.0000 -10000000000.0000 -10000000000.0000 -10000000000.0000;
180:  0.0100   0.0320   0.0570   0.0880   0.1310   0.1830   0.2550   0.3380   0.4130   0.4970   0.6110   0.7410   0.8620   1.0000   1.1630   1.3440 -10000000000.0000 -10000000000.0000 -10000000000.0000 -10000000000.0000 -10000000000.0000 -10000000000.0000 -10000000000.0000;
181:  0.0100   0.0320   0.0570   0.0880   0.1310   0.1830   0.2550   0.3380   0.4120   0.4960   0.6110   0.7410   0.8620   1.0000   1.1630   1.3440 -10000000000.0000 -10000000000.0000 -10000000000.0000 -10000000000.0000 -10000000000.0000 -10000000000.0000 -10000000000.0000;
182:  0.0100   0.0320   0.0570   0.0880   0.1310   0.1830   0.2550   0.3380   0.4120   0.4960   0.6110   0.7410   0.8620   1.0000   1.1630   1.3440 -10000000000.0000 -10000000000.0000 -10000000000.0000 -10000000000.0000 -10000000000.0000 -10000000000.0000 -10000000000.0000;
183:  0.0110   0.0320   0.0570   0.0870   0.1310   0.1830   0.2550   0.3380   0.4120   0.4960   0.6110   0.7410   0.8630   1.0010   1.1620   1.3440 -10000000000.0000 -10000000000.0000 -10000000000.0000 -10000000000.0000 -10000000000.0000 -10000000000.0000 -10000000000.0000;
184:  0.0110   0.0320   0.0570   0.0870   0.1300   0.1830   0.2550   0.3380   0.4120   0.4960   0.6110   0.7410   0.8630   1.0010   1.1620   1.3440 -10000000000.0000 -10000000000.0000 -10000000000.0000 -10000000000.0000 -10000000000.0000 -10000000000.0000 -10000000000.0000;
185:  0.0110   0.0320   0.0570   0.0870   0.1300   0.1830   0.2550   0.3380   0.4120   0.4960   0.6110   0.7410   0.8630   1.0010   1.1610   1.3430 -10000000000.0000 -10000000000.0000 -10000000000.0000 -10000000000.0000 -10000000000.0000 -10000000000.0000 -10000000000.0000;
186:  0.0110   0.0320   0.0570   0.0870   0.1300   0.1830   0.2540   0.3370   0.4110   0.4960   0.6100   0.7400   0.8630   1.0010   1.1610   1.3420 -10000000000.0000 -10000000000.0000 -10000000000.0000 -10000000000.0000 -10000000000.0000 -10000000000.0000 -10000000000.0000;
187:  0.0110   0.0320   0.0570   0.0870   0.1300   0.1830   0.2540   0.3370   0.4110   0.4950   0.6110   0.7400   0.8630   1.0010   1.1600   1.3420 -10000000000.0000 -10000000000.0000 -10000000000.0000 -10000000000.0000 -10000000000.0000 -10000000000.0000 -10000000000.0000;
188:  0.0110   0.0320   0.0570   0.0870   0.1300   0.1830   0.2540   0.3370   0.4110   0.4950   0.6100   0.7400   0.8630   1.0010   1.1600   1.3410 -10000000000.0000 -10000000000.0000 -10000000000.0000 -10000000000.0000 -10000000000.0000 -10000000000.0000 -10000000000.0000;
189:  0.0110   0.0320   0.0570   0.0870   0.1300   0.1830   0.2540   0.3370   0.4110   0.4950   0.6100   0.7390   0.8630   1.0010   1.1590   1.3400 -10000000000.0000 -10000000000.0000 -10000000000.0000 -10000000000.0000 -10000000000.0000 -10000000000.0000 -10000000000.0000;
190:  0.0110   0.0320   0.0560   0.0870   0.1300   0.1830   0.2540   0.3360   0.4100   0.4950   0.6100   0.7390   0.8630   1.0010   1.1580   1.3390 -10000000000.0000 -10000000000.0000 -10000000000.0000 -10000000000.0000 -10000000000.0000 -10000000000.0000 -10000000000.0000;
191:  0.0110   0.0320   0.0560   0.0870   0.1300   0.1830   0.2540   0.3360   0.4100   0.4940   0.6090   0.7390   0.8630   1.0010   1.1570   1.3370 -10000000000.0000 -10000000000.0000 -10000000000.0000 -10000000000.0000 -10000000000.0000 -10000000000.0000 -10000000000.0000;
192:  0.0110   0.0320   0.0560   0.0870   0.1300   0.1830   0.2540   0.3360   0.4100   0.4940   0.6090   0.7390   0.8630   1.0010   1.1560   1.3360 -10000000000.0000 -10000000000.0000 -10000000000.0000 -10000000000.0000 -10000000000.0000 -10000000000.0000 -10000000000.0000;
193:  0.0110   0.0320   0.0560   0.0870   0.1300   0.1830   0.2540   0.3360   0.4100   0.4940   0.6090   0.7390   0.8630   1.0000   1.1550   1.3340 -10000000000.0000 -10000000000.0000 -10000000000.0000 -10000000000.0000 -10000000000.0000 -10000000000.0000 -10000000000.0000;
194:  0.0110   0.0320   0.0560   0.0870   0.1300   0.1830   0.2530   0.3350   0.4100   0.4940   0.6080   0.7380   0.8630   1.0000   1.1540   1.3320 -10000000000.0000 -10000000000.0000 -10000000000.0000 -10000000000.0000 -10000000000.0000 -10000000000.0000 -10000000000.0000;
195:  0.0110   0.0320   0.0560   0.0870   0.1300   0.1830   0.2530   0.3350   0.4100   0.4930   0.6080   0.7380   0.8630   1.0000   1.1530   1.3300 -10000000000.0000 -10000000000.0000 -10000000000.0000 -10000000000.0000 -10000000000.0000 -10000000000.0000 -10000000000.0000;
196:  0.0110   0.0320   0.0560   0.0870   0.1300   0.1830   0.2530   0.3350   0.4090   0.4930   0.6070   0.7380   0.8630   1.0000   1.1520   1.3280 -10000000000.0000 -10000000000.0000 -10000000000.0000 -10000000000.0000 -10000000000.0000 -10000000000.0000 -10000000000.0000;
197:  0.0110   0.0320   0.0560   0.0870   0.1300   0.1830   0.2530   0.3350   0.4090   0.4930   0.6070   0.7380   0.8630   0.9990   1.1510   1.3260 -10000000000.0000 -10000000000.0000 -10000000000.0000 -10000000000.0000 -10000000000.0000 -10000000000.0000 -10000000000.0000;
198:  0.0110   0.0320   0.0560   0.0870   0.1300   0.1820   0.2530   0.3350   0.4090   0.4930   0.6070   0.7380   0.8630   0.9990   1.1500   1.3230 -10000000000.0000 -10000000000.0000 -10000000000.0000 -10000000000.0000 -10000000000.0000 -10000000000.0000 -10000000000.0000;
199:  0.0110   0.0320   0.0560   0.0870   0.1300   0.1820   0.2530   0.3340   0.4090   0.4920   0.6060   0.7370   0.8620   0.9990   1.1490   1.3210 -10000000000.0000 -10000000000.0000 -10000000000.0000 -10000000000.0000 -10000000000.0000 -10000000000.0000 -10000000000.0000;
200:  0.0110   0.0320   0.0560   0.0870   0.1300   0.1820   0.2520   0.3340   0.4090   0.4920   0.6060   0.7370   0.8630   0.9980   1.1480   1.3190 -10000000000.0000 -10000000000.0000 -10000000000.0000 -10000000000.0000 -10000000000.0000 -10000000000.0000 -10000000000.0000;
201:  0.0110   0.0320   0.0560   0.0870   0.1300   0.1820   0.2520   0.3340   0.4080   0.4920   0.6060   0.7370   0.8620   0.9980   1.1460   1.3160 -10000000000.0000 -10000000000.0000 -10000000000.0000 -10000000000.0000 -10000000000.0000 -10000000000.0000 -10000000000.0000;
202:  0.0110   0.0320   0.0560   0.0870   0.1300   0.1820   0.2520   0.3340   0.4080   0.4910   0.6050   0.7370   0.8620   0.9980   1.1450   1.3130 -10000000000.0000 -10000000000.0000 -10000000000.0000 -10000000000.0000 -10000000000.0000 -10000000000.0000 -10000000000.0000;
203:  0.0110   0.0320   0.0560   0.0870   0.1300   0.1820   0.2520   0.3330   0.4080   0.4910   0.6050   0.7370   0.8620   0.9970   1.1440   1.3110 -10000000000.0000 -10000000000.0000 -10000000000.0000 -10000000000.0000 -10000000000.0000 -10000000000.0000 -10000000000.0000;
204:  0.0110   0.0320   0.0560   0.0870   0.1300   0.1820   0.2520   0.3330   0.4080   0.4910   0.6050   0.7370   0.8620   0.9970   1.1430   1.3080 -10000000000.0000 -10000000000.0000 -10000000000.0000 -10000000000.0000 -10000000000.0000 -10000000000.0000 -10000000000.0000;
205:  0.0110   0.0320   0.0560   0.0870   0.1300   0.1820   0.2520   0.3330   0.4080   0.4900   0.6050   0.7370   0.8620   0.9960   1.1420   1.3060 -10000000000.0000 -10000000000.0000 -10000000000.0000 -10000000000.0000 -10000000000.0000 -10000000000.0000 -10000000000.0000;
206:  0.0110   0.0320   0.0560   0.0870   0.1290   0.1820   0.2520   0.3330   0.4080   0.4900   0.6050   0.7370   0.8610   0.9960   1.1410   1.3030 -10000000000.0000 -10000000000.0000 -10000000000.0000 -10000000000.0000 -10000000000.0000 -10000000000.0000 -10000000000.0000;
207:  0.0110   0.0320   0.0560   0.0870   0.1300   0.1820   0.2520   0.3330   0.4080   0.4900   0.6040   0.7370   0.8610   0.9960   1.1390   1.3010 -10000000000.0000 -10000000000.0000 -10000000000.0000 -10000000000.0000 -10000000000.0000 -10000000000.0000 -10000000000.0000;
208:  0.0110   0.0320   0.0560   0.0870   0.1290   0.1820   0.2520   0.3330   0.4070   0.4900   0.6040   0.7370   0.8610   0.9950   1.1380   1.2980 -10000000000.0000 -10000000000.0000 -10000000000.0000 -10000000000.0000 -10000000000.0000 -10000000000.0000 -10000000000.0000;
209:  0.0110   0.0320   0.0560   0.0870   0.1290   0.1820   0.2520   0.3330   0.4070   0.4900   0.6050   0.7370   0.8610   0.9950   1.1370   1.2960 -10000000000.0000 -10000000000.0000 -10000000000.0000 -10000000000.0000 -10000000000.0000 -10000000000.0000 -10000000000.0000;
210:  0.0110   0.0320   0.0560   0.0870   0.1290   0.1810   0.2520   0.3330   0.4070   0.4890   0.6040   0.7370   0.8610   0.9940   1.1360   1.2940 -10000000000.0000 -10000000000.0000 -10000000000.0000 -10000000000.0000 -10000000000.0000 -10000000000.0000 -10000000000.0000;
211:  0.0110   0.0320   0.0560   0.0870   0.1290   0.1810   0.2510   0.3330   0.4070   0.4890   0.6040   0.7370   0.8600   0.9930   1.1350   1.2920 -10000000000.0000 -10000000000.0000 -10000000000.0000 -10000000000.0000 -10000000000.0000 -10000000000.0000 -10000000000.0000;
212:  0.0110   0.0320   0.0560   0.0870   0.1290   0.1810   0.2510   0.3330   0.4070   0.4890   0.6040   0.7370   0.8600   0.9940   1.1340   1.2900 -10000000000.0000 -10000000000.0000 -10000000000.0000 -10000000000.0000 -10000000000.0000 -10000000000.0000 -10000000000.0000;
213:  0.0110   0.0320   0.0560   0.0870   0.1290   0.1810   0.2510   0.3330   0.4070   0.4880   0.6040   0.7360   0.8590   0.9930   1.1330   1.2880 -10000000000.0000 -10000000000.0000 -10000000000.0000 -10000000000.0000 -10000000000.0000 -10000000000.0000 -10000000000.0000;
214:  0.0110   0.0320   0.0560   0.0870   0.1290   0.1810   0.2510   0.3320   0.4060   0.4880   0.6040   0.7370   0.8590   0.9920   1.1320   1.2870 -10000000000.0000 -10000000000.0000 -10000000000.0000 -10000000000.0000 -10000000000.0000 -10000000000.0000 -10000000000.0000;
215:  0.0110   0.0320   0.0560   0.0870   0.1290   0.1810   0.2510   0.3320   0.4060   0.4880   0.6050   0.7370   0.8590   0.9920   1.1310   1.2850 -10000000000.0000 -10000000000.0000 -10000000000.0000 -10000000000.0000 -10000000000.0000 -10000000000.0000 -10000000000.0000;
216:  0.0110   0.0320   0.0560   0.0870   0.1290   0.1810   0.2510   0.3320   0.4060   0.4880   0.6040   0.7360   0.8580   0.9910   1.1300   1.2830 -10000000000.0000 -10000000000.0000 -10000000000.0000 -10000000000.0000 -10000000000.0000 -10000000000.0000 -10000000000.0000;
217:  0.0110   0.0320   0.0560   0.0870   0.1290   0.1810   0.2510   0.3320   0.4060   0.4880   0.6040   0.7360   0.8570   0.9900   1.1290   1.2810 -10000000000.0000 -10000000000.0000 -10000000000.0000 -10000000000.0000 -10000000000.0000 -10000000000.0000 -10000000000.0000;
218:  0.0110   0.0320   0.0560   0.0870   0.1290   0.1810   0.2510   0.3320   0.4060   0.4880   0.6040   0.7360   0.8570   0.9890   1.1280   1.2810   1.4470 -10000000000.0000 -10000000000.0000 -10000000000.0000 -10000000000.0000 -10000000000.0000 -10000000000.0000;
219:  0.0110   0.0320   0.0560   0.0870   0.1290   0.1810   0.2510   0.3320   0.4060   0.4870   0.6040   0.7360   0.8570   0.9890   1.1270   1.2790   1.4460 -10000000000.0000 -10000000000.0000 -10000000000.0000 -10000000000.0000 -10000000000.0000 -10000000000.0000;
220:  0.0110   0.0320   0.0560   0.0870   0.1290   0.1810   0.2510   0.3320   0.4060   0.4870   0.6050   0.7360   0.8560   0.9880   1.1260   1.2780   1.4440 -10000000000.0000 -10000000000.0000 -10000000000.0000 -10000000000.0000 -10000000000.0000 -10000000000.0000;
221:  0.0110   0.0320   0.0560   0.0870   0.1290   0.1810   0.2510   0.3320   0.4050   0.4870   0.6040   0.7360   0.8550   0.9870   1.1250   1.2770   1.4430   1.6380 -10000000000.0000 -10000000000.0000 -10000000000.0000 -10000000000.0000 -10000000000.0000;
222:  0.0110   0.0320   0.0560   0.0870   0.1290   0.1810   0.2510   0.3320   0.4050   0.4870   0.6040   0.7360   0.8550   0.9860   1.1240   1.2760   1.4420   1.6360 -10000000000.0000 -10000000000.0000 -10000000000.0000 -10000000000.0000 -10000000000.0000;
223:  0.0110   0.0320   0.0560   0.0870   0.1290   0.1810   0.2510   0.3320   0.4050   0.4870   0.6050   0.7350   0.8540   0.9860   1.1230   1.2750   1.4410   1.6330 -10000000000.0000 -10000000000.0000 -10000000000.0000 -10000000000.0000 -10000000000.0000;
224:  0.0110   0.0320   0.0560   0.0870   0.1290   0.1800   0.2510   0.3320   0.4050   0.4870   0.6040   0.7350   0.8530   0.9850   1.1220   1.2740   1.4400   1.6310 -10000000000.0000 -10000000000.0000 -10000000000.0000 -10000000000.0000 -10000000000.0000;
225:  0.0110   0.0320   0.0560   0.0870   0.1290   0.1800   0.2510   0.3320   0.4050   0.4870   0.6040   0.7350   0.8530   0.9840   1.1210   1.2730   1.4390   1.6290 -10000000000.0000 -10000000000.0000 -10000000000.0000 -10000000000.0000 -10000000000.0000;
226:  0.0110   0.0320   0.0560   0.0870   0.1290   0.1800   0.2510   0.3320   0.4050   0.4860   0.6040   0.7340   0.8520   0.9830   1.1200   1.2710   1.4380   1.6260 -10000000000.0000 -10000000000.0000 -10000000000.0000 -10000000000.0000 -10000000000.0000;
227:  0.0110   0.0320   0.0560   0.0870   0.1290   0.1800   0.2510   0.3310   0.4040   0.4860   0.6040   0.7340   0.8510   0.9820   1.1190   1.2700   1.4370   1.6230 -10000000000.0000 -10000000000.0000 -10000000000.0000 -10000000000.0000 -10000000000.0000;
228:  0.0110   0.0320   0.0560   0.0870   0.1290   0.1800   0.2500   0.3310   0.4040   0.4860   0.6040   0.7340   0.8510   0.9810   1.1180   1.2700   1.4360   1.6200 -10000000000.0000 -10000000000.0000 -10000000000.0000 -10000000000.0000 -10000000000.0000;
229:  0.0110   0.0320   0.0560   0.0870   0.1290   0.1800   0.2500   0.3310   0.4040   0.4860   0.6040   0.7340   0.8500   0.9800   1.1170   1.2690   1.4340   1.6170 -10000000000.0000 -10000000000.0000 -10000000000.0000 -10000000000.0000 -10000000000.0000;
230:  0.0110   0.0320   0.0560   0.0870   0.1280   0.1800   0.2500   0.3310   0.4040   0.4850   0.6040   0.7330   0.8490   0.9790   1.1160   1.2670   1.4330   1.6140 -10000000000.0000 -10000000000.0000 -10000000000.0000 -10000000000.0000 -10000000000.0000;
231:  0.0110   0.0320   0.0560   0.0870   0.1290   0.1800   0.2500   0.3310   0.4040   0.4850   0.6040   0.7330   0.8480   0.9780   1.1150   1.2660   1.4310   1.6110 -10000000000.0000 -10000000000.0000 -10000000000.0000 -10000000000.0000 -10000000000.0000;
232:  0.0110   0.0320   0.0560   0.0870   0.1290   0.1800   0.2500   0.3310   0.4040   0.4850   0.6030   0.7330   0.8480   0.9770   1.1140   1.2640   1.4300   1.6070 -10000000000.0000 -10000000000.0000 -10000000000.0000 -10000000000.0000 -10000000000.0000;
233:  0.0110   0.0320   0.0560   0.0870   0.1290   0.1800   0.2500   0.3310   0.4040   0.4850   0.6030   0.7320   0.8470   0.9760   1.1130   1.2630   1.4290   1.6040 -10000000000.0000 -10000000000.0000 -10000000000.0000 -10000000000.0000 -10000000000.0000;
234:  0.0110   0.0320   0.0560   0.0870   0.1290   0.1800   0.2500   0.3310   0.4040   0.4850   0.6030   0.7320   0.8470   0.9750   1.1110   1.2620   1.4280   1.6010 -10000000000.0000 -10000000000.0000 -10000000000.0000 -10000000000.0000 -10000000000.0000;
235:  0.0110   0.0320   0.0560   0.0870   0.1290   0.1800   0.2500   0.3300   0.4040   0.4850   0.6030   0.7320   0.8460   0.9740   1.1100   1.2600   1.4260   1.5980 -10000000000.0000 -10000000000.0000 -10000000000.0000 -10000000000.0000 -10000000000.0000;
236:  0.0110   0.0320   0.0560   0.0870   0.1290   0.1800   0.2500   0.3300   0.4040   0.4850   0.6030   0.7320   0.8460   0.9730   1.1090   1.2590   1.4240   1.5940 -10000000000.0000 -10000000000.0000 -10000000000.0000 -10000000000.0000 -10000000000.0000;
237:  0.0110   0.0320   0.0560   0.0870   0.1290   0.1800   0.2500   0.3300   0.4030   0.4850   0.6020   0.7320   0.8450   0.9730   1.1080   1.2570   1.4230   1.5900 -10000000000.0000 -10000000000.0000 -10000000000.0000 -10000000000.0000 -10000000000.0000;
238:  0.0110   0.0320   0.0560   0.0870   0.1290   0.1800   0.2490   0.3300   0.4030   0.4850   0.6020   0.7320   0.8450   0.9720   1.1070   1.2560   1.4210   1.5870 -10000000000.0000 -10000000000.0000 -10000000000.0000 -10000000000.0000 -10000000000.0000;
239:  0.0110   0.0320   0.0560   0.0870   0.1290   0.1800   0.2490   0.3300   0.4030   0.4850   0.6020   0.7310   0.8450   0.9700   1.1050   1.2540   1.4190   1.5830 -10000000000.0000 -10000000000.0000 -10000000000.0000 -10000000000.0000 -10000000000.0000;
240:  0.0110   0.0320   0.0560   0.0870   0.1290   0.1800   0.2490   0.3300   0.4030   0.4850   0.6020   0.7310   0.8440   0.9700   1.1040   1.2520   1.4170   1.5800 -10000000000.0000 -10000000000.0000 -10000000000.0000 -10000000000.0000 -10000000000.0000;
241:  0.0110   0.0320   0.0560   0.0870   0.1290   0.1800   0.2490   0.3290   0.4030   0.4840   0.6020   0.7310   0.8440   0.9690   1.1030   1.2510   1.4160   1.5780 -10000000000.0000 -10000000000.0000 -10000000000.0000 -10000000000.0000 -10000000000.0000;
242:  0.0110   0.0320   0.0560   0.0870   0.1290   0.1800   0.2490   0.3290   0.4030   0.4840   0.6020   0.7310   0.8440   0.9690   1.1020   1.2490   1.4140   1.5740 -10000000000.0000 -10000000000.0000 -10000000000.0000 -10000000000.0000 -10000000000.0000;
243:  0.0110   0.0320   0.0560   0.0870   0.1290   0.1800   0.2490   0.3290   0.4030   0.4840   0.6010   0.7310   0.8430   0.9680   1.1010   1.2480   1.4130   1.5720 -10000000000.0000 -10000000000.0000 -10000000000.0000 -10000000000.0000 -10000000000.0000;
244:  0.0110   0.0320   0.0560   0.0870   0.1290   0.1800   0.2490   0.3290   0.4030   0.4840   0.6010   0.7310   0.8430   0.9670   1.1000   1.2460   1.4100   1.5690 -10000000000.0000 -10000000000.0000 -10000000000.0000 -10000000000.0000 -10000000000.0000;
245:  0.0110   0.0320   0.0560   0.0870   0.1290   0.1800   0.2490   0.3290   0.4030   0.4840   0.6010   0.7310   0.8430   0.9670   1.0990   1.2450   1.4090   1.5670 -10000000000.0000 -10000000000.0000 -10000000000.0000 -10000000000.0000 -10000000000.0000;
246:  0.0110   0.0320   0.0560   0.0870   0.1290   0.1800   0.2490   0.3290   0.4030   0.4840   0.6010   0.7310   0.8430   0.9660   1.0980   1.2440   1.4080   1.5650 -10000000000.0000 -10000000000.0000 -10000000000.0000 -10000000000.0000 -10000000000.0000;
247:  0.0110   0.0320   0.0560   0.0870   0.1290   0.1800   0.2490   0.3290   0.4030   0.4840   0.6010   0.7300   0.8430   0.9660   1.0970   1.2430   1.4070   1.5630 -10000000000.0000 -10000000000.0000 -10000000000.0000 -10000000000.0000 -10000000000.0000;
248:  0.0110   0.0320   0.0560   0.0870   0.1290   0.1800   0.2490   0.3290   0.4030   0.4840   0.6010   0.7310   0.8430   0.9650   1.0970   1.2420   1.4060   1.5620 -10000000000.0000 -10000000000.0000 -10000000000.0000 -10000000000.0000 -10000000000.0000;
249:  0.0110   0.0320   0.0560   0.0870   0.1290   0.1800   0.2490   0.3290   0.4020   0.4840   0.6010   0.7310   0.8420   0.9650   1.0960   1.2410   1.4050   1.5600 -10000000000.0000 -10000000000.0000 -10000000000.0000 -10000000000.0000 -10000000000.0000;
250:  0.0110   0.0320   0.0560   0.0870   0.1290   0.1800   0.2490   0.3290   0.4020   0.4840   0.6010   0.7310   0.8420   0.9650   1.0960   1.2400   1.4040   1.5590 -10000000000.0000 -10000000000.0000 -10000000000.0000 -10000000000.0000 -10000000000.0000;
251:  0.0110   0.0320   0.0560   0.0870   0.1290   0.1800   0.2480   0.3290   0.4020   0.4840   0.6010   0.7310   0.8420   0.9650   1.0950   1.2400   1.4030   1.5580 -10000000000.0000 -10000000000.0000 -10000000000.0000 -10000000000.0000 -10000000000.0000;
252:  0.0110   0.0320   0.0560   0.0870   0.1290   0.1800   0.2480   0.3290   0.4030   0.4840   0.6010   0.7310   0.8420   0.9640   1.0950   1.2400   1.4030   1.5580 -10000000000.0000 -10000000000.0000 -10000000000.0000 -10000000000.0000 -10000000000.0000;
253:  0.0110   0.0320   0.0560   0.0870   0.1290   0.1800   0.2480   0.3290   0.4030   0.4840   0.6010   0.7310   0.8420   0.9640   1.0950   1.2400   1.4030   1.5570 -10000000000.0000 -10000000000.0000 -10000000000.0000 -10000000000.0000 -10000000000.0000;
254:  0.0110   0.0320   0.0560   0.0870   0.1290   0.1800   0.2480   0.3290   0.4020   0.4840   0.6010   0.7310   0.8420   0.9640   1.0950   1.2400   1.4030   1.5570 -10000000000.0000 -10000000000.0000 -10000000000.0000 -10000000000.0000 -10000000000.0000;
255:  0.0110   0.0320   0.0560   0.0870   0.1300   0.1800   0.2480   0.3280   0.4020   0.4840   0.6010   0.7310   0.8420   0.9640   1.0940   1.2400   1.4030   1.5580 -10000000000.0000 -10000000000.0000 -10000000000.0000 -10000000000.0000 -10000000000.0000;
256:  0.0110   0.0320   0.0560   0.0870   0.1300   0.1800   0.2480   0.3280   0.4020   0.4840   0.6010   0.7310   0.8420   0.9640   1.0940   1.2400   1.4030   1.5580 -10000000000.0000 -10000000000.0000 -10000000000.0000 -10000000000.0000 -10000000000.0000;
257:  0.0110   0.0320   0.0560   0.0870   0.1300   0.1800   0.2480   0.3290   0.4020   0.4840   0.6010   0.7310   0.8420   0.9640   1.0950   1.2410   1.4040   1.5590 -10000000000.0000 -10000000000.0000 -10000000000.0000 -10000000000.0000 -10000000000.0000;
258:  0.0110   0.0320   0.0560   0.0870   0.1300   0.1800   0.2480   0.3290   0.4020   0.4840   0.6010   0.7310   0.8410   0.9630   1.0950   1.2420   1.4050   1.5600 -10000000000.0000 -10000000000.0000 -10000000000.0000 -10000000000.0000 -10000000000.0000;
259:  0.0110   0.0320   0.0560   0.0870   0.1300   0.1800   0.2480   0.3290   0.4020   0.4840   0.6010   0.7310   0.8410   0.9630   1.0960   1.2430   1.4060   1.5610 -10000000000.0000 -10000000000.0000 -10000000000.0000 -10000000000.0000 -10000000000.0000;
260:  0.0110   0.0320   0.0560   0.0870   0.1300   0.1800   0.2490   0.3290   0.4020   0.4840   0.6010   0.7310   0.8410   0.9630   1.0960   1.2440   1.4070   1.5620 -10000000000.0000 -10000000000.0000 -10000000000.0000 -10000000000.0000 -10000000000.0000;
261:  0.0110   0.0320   0.0560   0.0870   0.1300   0.1810   0.2490   0.3290   0.4020   0.4840   0.6010   0.7310   0.8410   0.9630   1.0960   1.2450   1.4080   1.5640 -10000000000.0000 -10000000000.0000 -10000000000.0000 -10000000000.0000 -10000000000.0000;
262:  0.0110   0.0320   0.0560   0.0870   0.1300   0.1810   0.2490   0.3290   0.4020   0.4840   0.6010   0.7310   0.8400   0.9630   1.0970   1.2470   1.4100   1.5650 -10000000000.0000 -10000000000.0000 -10000000000.0000 -10000000000.0000 -10000000000.0000;
263:  0.0110   0.0320   0.0560   0.0870   0.1300   0.1810   0.2490   0.3290   0.4020   0.4840   0.6020   0.7310   0.8400   0.9630   1.0970   1.2480   1.4110   1.5670 -10000000000.0000 -10000000000.0000 -10000000000.0000 -10000000000.0000 -10000000000.0000;
264:  0.0110   0.0320   0.0560   0.0870   0.1300   0.1810   0.2490   0.3290   0.4020   0.4840   0.6020   0.7310   0.8400   0.9620   1.0980   1.2490   1.4120   1.5690 -10000000000.0000 -10000000000.0000 -10000000000.0000 -10000000000.0000 -10000000000.0000;
265:  0.0110   0.0320   0.0560   0.0870   0.1300   0.1810   0.2490   0.3290   0.4020   0.4840   0.6020   0.7310   0.8390   0.9620   1.0980   1.2510   1.4140   1.5700 -10000000000.0000 -10000000000.0000 -10000000000.0000 -10000000000.0000 -10000000000.0000;
266:  0.0110   0.0320   0.0560   0.0870   0.1300   0.1810   0.2490   0.3290   0.4020   0.4840   0.6020   0.7310   0.8390   0.9620   1.0990   1.2520   1.4160   1.5710 -10000000000.0000 -10000000000.0000 -10000000000.0000 -10000000000.0000 -10000000000.0000;
267:  0.0110   0.0320   0.0560   0.0870   0.1300   0.1810   0.2490   0.3290   0.4020   0.4840   0.6020   0.7310   0.8390   0.9620   1.0990   1.2540   1.4170   1.5730 -10000000000.0000 -10000000000.0000 -10000000000.0000 -10000000000.0000 -10000000000.0000;
268:  0.0110   0.0320   0.0560   0.0870   0.1300   0.1810   0.2490   0.3290   0.4020   0.4840   0.6020   0.7310   0.8380   0.9610   1.1000   1.2550   1.4180   1.5740 -10000000000.0000 -10000000000.0000 -10000000000.0000 -10000000000.0000 -10000000000.0000;
269:  0.0110   0.0320   0.0560   0.0870   0.1300   0.1810   0.2490   0.3290   0.4020   0.4840   0.6020   0.7310   0.8380   0.9610   1.1000   1.2570   1.4200   1.5760 -10000000000.0000 -10000000000.0000 -10000000000.0000 -10000000000.0000 -10000000000.0000;
270:  0.0110   0.0320   0.0560   0.0870   0.1300   0.1810   0.2490   0.3290   0.4020   0.4840   0.6020   0.7310   0.8380   0.9610   1.1000   1.2570   1.4210   1.5760 -10000000000.0000 -10000000000.0000 -10000000000.0000 -10000000000.0000 -10000000000.0000;
271:  0.0110   0.0320   0.0560   0.0870   0.1300   0.1810   0.2500   0.3300   0.4020   0.4840   0.6020   0.7310   0.8370   0.9600   1.1010   1.2580   1.4220   1.5780 -10000000000.0000 -10000000000.0000 -10000000000.0000 -10000000000.0000 -10000000000.0000;
272:  0.0110   0.0320   0.0560   0.0870   0.1300   0.1810   0.2500   0.3300   0.4020   0.4840   0.6020   0.7310   0.8370   0.9600   1.1010   1.2590   1.4220   1.5780 -10000000000.0000 -10000000000.0000 -10000000000.0000 -10000000000.0000 -10000000000.0000;
273:  0.0110   0.0320   0.0560   0.0870   0.1300   0.1810   0.2500   0.3300   0.4020   0.4840   0.6020   0.7300   0.8370   0.9600   1.1010   1.2600   1.4240   1.5790 -10000000000.0000 -10000000000.0000 -10000000000.0000 -10000000000.0000 -10000000000.0000;
274:  0.0110   0.0320   0.0560   0.0870   0.1300   0.1810   0.2500   0.3300   0.4030   0.4840   0.6010   0.7300   0.8360   0.9590   1.1010   1.2600   1.4240   1.5790 -10000000000.0000 -10000000000.0000 -10000000000.0000 -10000000000.0000 -10000000000.0000;
275:  0.0110   0.0320   0.0560   0.0870   0.1300   0.1810   0.2500   0.3300   0.4030   0.4840   0.6010   0.7310   0.8360   0.9590   1.1010   1.2600   1.4240   1.5790 -10000000000.0000 -10000000000.0000 -10000000000.0000 -10000000000.0000 -10000000000.0000;
276:  0.0110   0.0320   0.0560   0.0870   0.1300   0.1810   0.2500   0.3300   0.4030   0.4840   0.6020   0.7310   0.8370   0.9590   1.1010   1.2600   1.4240   1.5780 -10000000000.0000 -10000000000.0000 -10000000000.0000 -10000000000.0000 -10000000000.0000;
277:  0.0110   0.0320   0.0560   0.0870   0.1300   0.1820   0.2500   0.3300   0.4030   0.4840   0.6010   0.7300   0.8360   0.9580   1.1010   1.2590   1.4230   1.5770 -10000000000.0000 -10000000000.0000 -10000000000.0000 -10000000000.0000 -10000000000.0000;
278:  0.0110   0.0320   0.0560   0.0870   0.1300   0.1820   0.2500   0.3300   0.4030   0.4840   0.6010   0.7310   0.8360   0.9570   1.1010   1.2590   1.4230   1.5760 -10000000000.0000 -10000000000.0000 -10000000000.0000 -10000000000.0000 -10000000000.0000;
279:  0.0110   0.0320   0.0560   0.0870   0.1300   0.1820   0.2500   0.3300   0.4030   0.4840   0.6010   0.7310   0.8360   0.9580   1.1000   1.2580   1.4220   1.5750 -10000000000.0000 -10000000000.0000 -10000000000.0000 -10000000000.0000 -10000000000.0000;
280:  0.0110   0.0320   0.0560   0.0870   0.1300   0.1820   0.2500   0.3310   0.4030   0.4840   0.6010   0.7310   0.8360   0.9570   1.1000   1.2570   1.4200   1.5730 -10000000000.0000 -10000000000.0000 -10000000000.0000 -10000000000.0000 -10000000000.0000;
281:  0.0110   0.0320   0.0560   0.0870   0.1300   0.1820   0.2500   0.3310   0.4030   0.4840   0.6010   0.7310   0.8360   0.9560   1.0990   1.2550   1.4190   1.5720 -10000000000.0000 -10000000000.0000 -10000000000.0000 -10000000000.0000 -10000000000.0000;
282:  0.0110   0.0320   0.0560   0.0870   0.1300   0.1820   0.2510   0.3300   0.4040   0.4840   0.6010   0.7310   0.8360   0.9560   1.0990   1.2530   1.4170   1.5700 -10000000000.0000 -10000000000.0000 -10000000000.0000 -10000000000.0000 -10000000000.0000;
283:  0.0110   0.0320   0.0560   0.0870   0.1300   0.1820   0.2510   0.3310   0.4040   0.4840   0.6010   0.7310   0.8360   0.9560   1.0980   1.2510   1.4150   1.5670 -10000000000.0000 -10000000000.0000 -10000000000.0000 -10000000000.0000 -10000000000.0000;
284:  0.0110   0.0320   0.0560   0.0870   0.1300   0.1820   0.2510   0.3310   0.4040   0.4850   0.6000   0.7310   0.8360   0.9550   1.0970   1.2490   1.4120   1.5650 -10000000000.0000 -10000000000.0000 -10000000000.0000 -10000000000.0000 -10000000000.0000;
285:  0.0110   0.0320   0.0560   0.0870   0.1300   0.1820   0.2510   0.3310   0.4040   0.4850   0.6000   0.7310   0.8370   0.9550   1.0960   1.2470   1.4100   1.5620 -10000000000.0000 -10000000000.0000 -10000000000.0000 -10000000000.0000 -10000000000.0000;
286:  0.0110   0.0320   0.0560   0.0870   0.1300   0.1820   0.2510   0.3310   0.4040   0.4850   0.6000   0.7310   0.8370   0.9550   1.0950   1.2440   1.4070   1.5600 -10000000000.0000 -10000000000.0000 -10000000000.0000 -10000000000.0000 -10000000000.0000;
287:  0.0110   0.0320   0.0560   0.0870   0.1300   0.1820   0.2510   0.3310   0.4050   0.4850   0.6000   0.7310   0.8370   0.9550   1.0940   1.2420   1.4040   1.5570 -10000000000.0000 -10000000000.0000 -10000000000.0000 -10000000000.0000 -10000000000.0000;
288:  0.0110   0.0320   0.0560   0.0870   0.1300   0.1820   0.2510   0.3310   0.4050   0.4850   0.6000   0.7320   0.8380   0.9550   1.0930   1.2390   1.4020   1.5540 -10000000000.0000 -10000000000.0000 -10000000000.0000 -10000000000.0000 -10000000000.0000;
289:  0.0110   0.0320   0.0560   0.0870   0.1300   0.1820   0.2510   0.3310   0.4050   0.4850   0.6010   0.7320   0.8380   0.9550   1.0920   1.2360   1.3980   1.5510 -10000000000.0000 -10000000000.0000 -10000000000.0000 -10000000000.0000 -10000000000.0000;
290:  0.0110   0.0320   0.0560   0.0870   0.1300   0.1820   0.2510   0.3320   0.4050   0.4850   0.6010   0.7320   0.8380   0.9550   1.0910   1.2340   1.3950   1.5480 -10000000000.0000 -10000000000.0000 -10000000000.0000 -10000000000.0000 -10000000000.0000;
291:  0.0110   0.0320   0.0560   0.0870   0.1300   0.1820   0.2510   0.3320   0.4050   0.4860   0.6010   0.7320   0.8380   0.9550   1.0910   1.2310   1.3920   1.5450 -10000000000.0000 -10000000000.0000 -10000000000.0000 -10000000000.0000 -10000000000.0000;
292:  0.0110   0.0320   0.0560   0.0870   0.1300   0.1820   0.2510   0.3320   0.4060   0.4860   0.6010   0.7320   0.8390   0.9550   1.0890   1.2280   1.3890   1.5420 -10000000000.0000 -10000000000.0000 -10000000000.0000 -10000000000.0000 -10000000000.0000;
293:  0.0110   0.0320   0.0560   0.0870   0.1300   0.1820   0.2510   0.3320   0.4060   0.4860   0.6010   0.7320   0.8390   0.9550   1.0890   1.2260   1.3860   1.5390 -10000000000.0000 -10000000000.0000 -10000000000.0000 -10000000000.0000 -10000000000.0000;
294:  0.0110   0.0320   0.0560   0.0870   0.1300   0.1820   0.2520   0.3320   0.4060   0.4860   0.6010   0.7320   0.8400   0.9560   1.0880   1.2240   1.3840   1.5360 -10000000000.0000 -10000000000.0000 -10000000000.0000 -10000000000.0000 -10000000000.0000;
295:  0.0110   0.0320   0.0560   0.0870   0.1300   0.1820   0.2520   0.3320   0.4060   0.4860   0.6010   0.7320   0.8400   0.9560   1.0880   1.2210   1.3820   1.5340 -10000000000.0000 -10000000000.0000 -10000000000.0000 -10000000000.0000 -10000000000.0000;
296:  0.0110   0.0320   0.0560   0.0870   0.1300   0.1820   0.2520   0.3330   0.4060   0.4870   0.6020   0.7330   0.8400   0.9560   1.0870   1.2190   1.3790   1.5300 -10000000000.0000 -10000000000.0000 -10000000000.0000 -10000000000.0000 -10000000000.0000;
297:  0.0110   0.0320   0.0560   0.0870   0.1310   0.1820   0.2520   0.3330   0.4060   0.4870   0.6020   0.7330   0.8410   0.9570   1.0870   1.2180 -10000000000.0000 -10000000000.0000 -10000000000.0000 -10000000000.0000 -10000000000.0000 -10000000000.0000 -10000000000.0000;
298:  0.0110   0.0320   0.0560   0.0870   0.1310   0.1820   0.2520   0.3330   0.4070   0.4870   0.6020   0.7330   0.8410   0.9570   1.0870   1.2170 -10000000000.0000 -10000000000.0000 -10000000000.0000 -10000000000.0000 -10000000000.0000 -10000000000.0000 -10000000000.0000;
299:  0.0110   0.0320   0.0560   0.0870   0.1310   0.1820   0.2520   0.3330   0.4070   0.4870   0.6020   0.7330   0.8410   0.9580   1.0860   1.2150 -10000000000.0000 -10000000000.0000 -10000000000.0000 -10000000000.0000 -10000000000.0000 -10000000000.0000 -10000000000.0000;
300:  0.0110   0.0320   0.0560   0.0870   0.1310   0.1820   0.2520   0.3330   0.4070   0.4880   0.6030   0.7330   0.8410   0.9580   1.0870   1.2150 -10000000000.0000 -10000000000.0000 -10000000000.0000 -10000000000.0000 -10000000000.0000 -10000000000.0000 -10000000000.0000;
301:  0.0110   0.0320   0.0560   0.0880   0.1310   0.1820   0.2520   0.3330   0.4070   0.4880   0.6030   0.7330   0.8420   0.9590   1.0870   1.2140 -10000000000.0000 -10000000000.0000 -10000000000.0000 -10000000000.0000 -10000000000.0000 -10000000000.0000 -10000000000.0000;
302:  0.0110   0.0320   0.0560   0.0880   0.1310   0.1820   0.2520   0.3340   0.4070   0.4880   0.6030   0.7330   0.8420   0.9590   1.0870   1.2140 -10000000000.0000 -10000000000.0000 -10000000000.0000 -10000000000.0000 -10000000000.0000 -10000000000.0000 -10000000000.0000;
303:  0.0110   0.0320   0.0560   0.0880   0.1310   0.1820   0.2520   0.3340   0.4070   0.4880   0.6030   0.7330   0.8420   0.9600   1.0880   1.2140 -10000000000.0000 -10000000000.0000 -10000000000.0000 -10000000000.0000 -10000000000.0000 -10000000000.0000 -10000000000.0000;
304:  0.0110   0.0320   0.0560   0.0880   0.1310   0.1820   0.2530   0.3340   0.4070   0.4890   0.6040   0.7320   0.8420   0.9600   1.0890   1.2140 -10000000000.0000 -10000000000.0000 -10000000000.0000 -10000000000.0000 -10000000000.0000 -10000000000.0000 -10000000000.0000;
305:  0.0110   0.0320   0.0560   0.0880   0.1310   0.1830   0.2530   0.3340   0.4080   0.4890   0.6040   0.7320   0.8420   0.9610   1.0890   1.2150 -10000000000.0000 -10000000000.0000 -10000000000.0000 -10000000000.0000 -10000000000.0000 -10000000000.0000 -10000000000.0000;
306:  0.0110   0.0320   0.0560   0.0870   0.1310   0.1830   0.2530   0.3340   0.4080   0.4890   0.6040   0.7320   0.8420   0.9620   1.0890   1.2160 -10000000000.0000 -10000000000.0000 -10000000000.0000 -10000000000.0000 -10000000000.0000 -10000000000.0000 -10000000000.0000;
307:  0.0110   0.0320   0.0560   0.0880   0.1310   0.1830   0.2530   0.3340   0.4080   0.4890   0.6050   0.7330   0.8420   0.9620   1.0900   1.2170 -10000000000.0000 -10000000000.0000 -10000000000.0000 -10000000000.0000 -10000000000.0000 -10000000000.0000 -10000000000.0000;
308:  0.0110   0.0320   0.0560   0.0880   0.1310   0.1830   0.2530   0.3340   0.4080   0.4890   0.6050   0.7320   0.8420   0.9630   1.0920   1.2180 -10000000000.0000 -10000000000.0000 -10000000000.0000 -10000000000.0000 -10000000000.0000 -10000000000.0000 -10000000000.0000;
309:  0.0110   0.0320   0.0560   0.0880   0.1310   0.1830   0.2530   0.3350   0.4080   0.4900   0.6050   0.7320   0.8420   0.9640   1.0920   1.2190 -10000000000.0000 -10000000000.0000 -10000000000.0000 -10000000000.0000 -10000000000.0000 -10000000000.0000 -10000000000.0000;
310:  0.0110   0.0320   0.0560   0.0880   0.1310   0.1830   0.2530   0.3350   0.4080   0.4900   0.6060   0.7320   0.8420   0.9640   1.0940   1.2210 -10000000000.0000 -10000000000.0000 -10000000000.0000 -10000000000.0000 -10000000000.0000 -10000000000.0000 -10000000000.0000;
311:  0.0110   0.0320   0.0560   0.0880   0.1310   0.1830   0.2540   0.3350   0.4080   0.4900   0.6060   0.7320   0.8410   0.9650   1.0950   1.2230 -10000000000.0000 -10000000000.0000 -10000000000.0000 -10000000000.0000 -10000000000.0000 -10000000000.0000 -10000000000.0000;
312:  0.0110   0.0320   0.0560   0.0880   0.1310   0.1830   0.2540   0.3350   0.4090   0.4900   0.6060   0.7320   0.8410   0.9640   1.0960   1.2250 -10000000000.0000 -10000000000.0000 -10000000000.0000 -10000000000.0000 -10000000000.0000 -10000000000.0000 -10000000000.0000;
313:  0.0110   0.0320   0.0560   0.0880   0.1310   0.1830   0.2540   0.3350   0.4080   0.4910   0.6060   0.7320   0.8410   0.9650   1.0970   1.2270 -10000000000.0000 -10000000000.0000 -10000000000.0000 -10000000000.0000 -10000000000.0000 -10000000000.0000 -10000000000.0000;
314:  0.0110   0.0320   0.0560   0.0880   0.1310   0.1830   0.2540   0.3350   0.4090   0.4910   0.6060   0.7320   0.8410   0.9650   1.0980   1.2290 -10000000000.0000 -10000000000.0000 -10000000000.0000 -10000000000.0000 -10000000000.0000 -10000000000.0000 -10000000000.0000;
315:  0.0110   0.0320   0.0560   0.0880   0.1310   0.1840   0.2540   0.3350   0.4090   0.4910   0.6070   0.7320   0.8410   0.9650   1.0990   1.2310 -10000000000.0000 -10000000000.0000 -10000000000.0000 -10000000000.0000 -10000000000.0000 -10000000000.0000 -10000000000.0000;
316:  0.0110   0.0320   0.0560   0.0880   0.1310   0.1840   0.2540   0.3350   0.4090   0.4910   0.6070   0.7320   0.8400   0.9650   1.1000   1.2330 -10000000000.0000 -10000000000.0000 -10000000000.0000 -10000000000.0000 -10000000000.0000 -10000000000.0000 -10000000000.0000;
317:  0.0110   0.0320   0.0560   0.0880   0.1310   0.1840   0.2540   0.3350   0.4090   0.4910   0.6070   0.7320   0.8400   0.9650   1.1010   1.2350 -10000000000.0000 -10000000000.0000 -10000000000.0000 -10000000000.0000 -10000000000.0000 -10000000000.0000 -10000000000.0000;
318:  0.0110   0.0320   0.0560   0.0880   0.1310   0.1840   0.2540   0.3360   0.4090   0.4910   0.6070   0.7320   0.8400   0.9650   1.1020   1.2360 -10000000000.0000 -10000000000.0000 -10000000000.0000 -10000000000.0000 -10000000000.0000 -10000000000.0000 -10000000000.0000;
319:  0.0110   0.0320   0.0560   0.0880   0.1310   0.1840   0.2540   0.3360   0.4090   0.4910   0.6070   0.7320   0.8400   0.9650   1.1020   1.2380 -10000000000.0000 -10000000000.0000 -10000000000.0000 -10000000000.0000 -10000000000.0000 -10000000000.0000 -10000000000.0000;
320:  0.0110   0.0320   0.0560   0.0880   0.1310   0.1840   0.2540   0.3360   0.4090   0.4920   0.6070   0.7330   0.8390   0.9650   1.1030   1.2390 -10000000000.0000 -10000000000.0000 -10000000000.0000 -10000000000.0000 -10000000000.0000 -10000000000.0000 -10000000000.0000;
321:  0.0110   0.0320   0.0560   0.0880   0.1310   0.1840   0.2540   0.3360   0.4090   0.4920   0.6080   0.7330   0.8390   0.9650   1.1030   1.2390 -10000000000.0000 -10000000000.0000 -10000000000.0000 -10000000000.0000 -10000000000.0000 -10000000000.0000 -10000000000.0000;
322:  0.0110   0.0320   0.0560   0.0870   0.1310   0.1840   0.2540   0.3360   0.4090   0.4920   0.6080   0.7340   0.8390   0.9650   1.1040   1.2400 -10000000000.0000 -10000000000.0000 -10000000000.0000 -10000000000.0000 -10000000000.0000 -10000000000.0000 -10000000000.0000;
323:  0.0110   0.0320   0.0560   0.0880   0.1310   0.1840   0.2550   0.3360   0.4090   0.4910   0.6070   0.7340   0.8390   0.9640   1.1030   1.2400 -10000000000.0000 -10000000000.0000 -10000000000.0000 -10000000000.0000 -10000000000.0000 -10000000000.0000 -10000000000.0000;
324:  0.0110   0.0320   0.0560   0.0880   0.1310   0.1840   0.2550   0.3360   0.4100   0.4920   0.6080   0.7340   0.8390   0.9630   1.1040   1.2400 -10000000000.0000 -10000000000.0000 -10000000000.0000 -10000000000.0000 -10000000000.0000 -10000000000.0000 -10000000000.0000;
325:  0.0110   0.0320   0.0560   0.0880   0.1320   0.1850   0.2550   0.3360   0.4090   0.4920   0.6080   0.7350   0.8390   0.9630   1.1030   1.2400 -10000000000.0000 -10000000000.0000 -10000000000.0000 -10000000000.0000 -10000000000.0000 -10000000000.0000 -10000000000.0000;
326:  0.0110   0.0320   0.0560   0.0880   0.1320   0.1850   0.2550   0.3360   0.4100   0.4920   0.6080   0.7360   0.8390   0.9620   1.1030   1.2390 -10000000000.0000 -10000000000.0000 -10000000000.0000 -10000000000.0000 -10000000000.0000 -10000000000.0000 -10000000000.0000;
327:  0.0110   0.0320   0.0560   0.0880   0.1320   0.1850   0.2550   0.3360   0.4100   0.4920   0.6080   0.7360   0.8390   0.9620   1.1020   1.2370 -10000000000.0000 -10000000000.0000 -10000000000.0000 -10000000000.0000 -10000000000.0000 -10000000000.0000 -10000000000.0000;
328:  0.0110   0.0320   0.0560   0.0870   0.1320   0.1850   0.2550   0.3360   0.4100   0.4920   0.6080   0.7370   0.8390   0.9610   1.1010   1.2360   1.3630   1.4810 -10000000000.0000 -10000000000.0000 -10000000000.0000 -10000000000.0000 -10000000000.0000;
329:  0.0110   0.0320   0.0560   0.0870   0.1320   0.1850   0.2550   0.3360   0.4100   0.4920   0.6090   0.7370   0.8390   0.9600   1.1000   1.2340   1.3590   1.4770 -10000000000.0000 -10000000000.0000 -10000000000.0000 -10000000000.0000 -10000000000.0000;
330:  0.0110   0.0320   0.0560   0.0870   0.1320   0.1850   0.2550   0.3360   0.4100   0.4920   0.6090   0.7380   0.8400   0.9590   1.0980   1.2310   1.3560   1.4740 -10000000000.0000 -10000000000.0000 -10000000000.0000 -10000000000.0000 -10000000000.0000;
331:  0.0110   0.0320   0.0560   0.0870   0.1320   0.1850   0.2550   0.3360   0.4100   0.4920   0.6090   0.7390   0.8400   0.9580   1.0970   1.2290   1.3510   1.4700 -10000000000.0000 -10000000000.0000 -10000000000.0000 -10000000000.0000 -10000000000.0000;
332:  0.0110   0.0320   0.0560   0.0870   0.1320   0.1850   0.2550   0.3360   0.4110   0.4920   0.6100   0.7400   0.8400   0.9580   1.0960   1.2260   1.3470   1.4660 -10000000000.0000 -10000000000.0000 -10000000000.0000 -10000000000.0000 -10000000000.0000;
333:  0.0110   0.0320   0.0560   0.0870   0.1320   0.1850   0.2550   0.3360   0.4110   0.4930   0.6090   0.7410   0.8400   0.9560   1.0940   1.2220   1.3420   1.4620 -10000000000.0000 -10000000000.0000 -10000000000.0000 -10000000000.0000 -10000000000.0000;
334:  0.0110   0.0320   0.0560   0.0880   0.1320   0.1850   0.2550   0.3360   0.4110   0.4930   0.6100   0.7410   0.8400   0.9560   1.0920   1.2190   1.3370   1.4590 -10000000000.0000 -10000000000.0000 -10000000000.0000 -10000000000.0000 -10000000000.0000;
335:  0.0110   0.0320   0.0560   0.0880   0.1320   0.1850   0.2550   0.3360   0.4110   0.4930   0.6100   0.7420   0.8410   0.9550   1.0910   1.2150   1.3330   1.4560 -10000000000.0000 -10000000000.0000 -10000000000.0000 -10000000000.0000 -10000000000.0000;
336:  0.0110   0.0320   0.0560   0.0880   0.1320   0.1850   0.2550   0.3370   0.4110   0.4930   0.6110   0.7420   0.8410   0.9540   1.0890   1.2120   1.3280   1.4530 -10000000000.0000 -10000000000.0000 -10000000000.0000 -10000000000.0000 -10000000000.0000;
337:  0.0110   0.0320   0.0560   0.0880   0.1320   0.1850   0.2550   0.3370   0.4110   0.4940   0.6110   0.7430   0.8410   0.9540   1.0860   1.2080   1.3230   1.4500 -10000000000.0000 -10000000000.0000 -10000000000.0000 -10000000000.0000 -10000000000.0000;
338:  0.0110   0.0320   0.0560   0.0880   0.1320   0.1850   0.2550   0.3370   0.4110   0.4930   0.6110   0.7440   0.8410   0.9530   1.0840   1.2040   1.3180   1.4480 -10000000000.0000 -10000000000.0000 -10000000000.0000 -10000000000.0000 -10000000000.0000;
339:  0.0110   0.0320   0.0560   0.0880   0.1320   0.1850   0.2550   0.3370   0.4110   0.4940   0.6120   0.7450   0.8410   0.9520   1.0830   1.2000   1.3140   1.4460 -10000000000.0000 -10000000000.0000 -10000000000.0000 -10000000000.0000 -10000000000.0000;
340:  0.0110   0.0320   0.0560   0.0880   0.1320   0.1850   0.2550   0.3370   0.4120   0.4940   0.6120   0.7450   0.8420   0.9510   1.0810   1.1960   1.3100   1.4450 -10000000000.0000 -10000000000.0000 -10000000000.0000 -10000000000.0000 -10000000000.0000;
341:  0.0110   0.0320   0.0560   0.0880   0.1320   0.1850   0.2560   0.3370   0.4120   0.4940   0.6130   0.7450   0.8410   0.9510   1.0790   1.1930   1.3060   1.4440 -10000000000.0000 -10000000000.0000 -10000000000.0000 -10000000000.0000 -10000000000.0000;
342:  0.0110   0.0320   0.0560   0.0880   0.1320   0.1850   0.2550   0.3380   0.4120   0.4950   0.6130   0.7460   0.8420   0.9500   1.0770   1.1890   1.3030   1.4440 -10000000000.0000 -10000000000.0000 -10000000000.0000 -10000000000.0000 -10000000000.0000;
343:  0.0110   0.0320   0.0560   0.0880   0.1320   0.1850   0.2560   0.3380   0.4120   0.4950   0.6140   0.7460   0.8420   0.9490   1.0760   1.1860   1.3000   1.4450 -10000000000.0000 -10000000000.0000 -10000000000.0000 -10000000000.0000 -10000000000.0000;
344:  0.0110   0.0320   0.0560   0.0880   0.1320   0.1850   0.2560   0.3380   0.4130   0.4950   0.6140   0.7460   0.8410   0.9490   1.0740   1.1830   1.2970   1.4460 -10000000000.0000 -10000000000.0000 -10000000000.0000 -10000000000.0000 -10000000000.0000;
345:  0.0110   0.0320   0.0560   0.0880   0.1320   0.1850   0.2560   0.3390   0.4130   0.4950   0.6150   0.7460   0.8410   0.9490   1.0730   1.1810   1.2950   1.4470 -10000000000.0000 -10000000000.0000 -10000000000.0000 -10000000000.0000 -10000000000.0000;
346:  0.0110   0.0320   0.0560   0.0880   0.1320   0.1850   0.2560   0.3390   0.4130   0.4960   0.6150   0.7460   0.8410   0.9480   1.0720   1.1780   1.2940   1.4500 -10000000000.0000 -10000000000.0000 -10000000000.0000 -10000000000.0000 -10000000000.0000;
347:  0.0110   0.0320   0.0560   0.0880   0.1320   0.1850   0.2560   0.3390   0.4130   0.4960   0.6150   0.7460   0.8410   0.9480   1.0710   1.1770   1.2930   1.4530 -10000000000.0000 -10000000000.0000 -10000000000.0000 -10000000000.0000 -10000000000.0000;
348:  0.0110   0.0320   0.0560   0.0880   0.1320   0.1850   0.2560   0.3390   0.4130   0.4960   0.6150   0.7450   0.8400   0.9480   1.0700   1.1750   1.2930   1.4570 -10000000000.0000 -10000000000.0000 -10000000000.0000 -10000000000.0000 -10000000000.0000;
349:  0.0110   0.0320   0.0560   0.0880   0.1320   0.1850   0.2560   0.3400   0.4140   0.4970   0.6160   0.7450   0.8400   0.9480   1.0700   1.1750   1.2940   1.4620 -10000000000.0000 -10000000000.0000 -10000000000.0000 -10000000000.0000 -10000000000.0000;
350:  0.0110   0.0320   0.0560   0.0880   0.1320   0.1850   0.2560   0.3400   0.4140   0.4970   0.6160   0.7440   0.8400   0.9480   1.0690   1.1750   1.2960   1.4670 -10000000000.0000 -10000000000.0000 -10000000000.0000 -10000000000.0000 -10000000000.0000;
351:  0.0110   0.0320   0.0560   0.0880   0.1320   0.1850   0.2570   0.3400   0.4140   0.4970   0.6160   0.7430   0.8390   0.9480   1.0690   1.1750   1.2980   1.4730 -10000000000.0000 -10000000000.0000 -10000000000.0000 -10000000000.0000 -10000000000.0000;
352:  0.0110   0.0320   0.0560   0.0880   0.1320   0.1850   0.2570   0.3410   0.4150   0.4970   0.6160   0.7420   0.8380   0.9480   1.0690   1.1750   1.3010   1.4800 -10000000000.0000 -10000000000.0000 -10000000000.0000 -10000000000.0000 -10000000000.0000;
353:  0.0110   0.0320   0.0560   0.0880   0.1320   0.1850   0.2570   0.3410   0.4150   0.4970   0.6160   0.7410   0.8380   0.9490   1.0700   1.1770   1.3040   1.4870 -10000000000.0000 -10000000000.0000 -10000000000.0000 -10000000000.0000 -10000000000.0000;
354:  0.0110   0.0320   0.0570   0.0880   0.1320   0.1850   0.2570   0.3410   0.4150   0.4980   0.6160   0.7410   0.8370   0.9490   1.0710   1.1790   1.3090   1.4960 -10000000000.0000 -10000000000.0000 -10000000000.0000 -10000000000.0000 -10000000000.0000;
355:  0.0110   0.0320   0.0570   0.0880   0.1320   0.1850   0.2570   0.3420   0.4150   0.4980   0.6160   0.7390   0.8360   0.9500   1.0720   1.1810   1.3140   1.5050 -10000000000.0000 -10000000000.0000 -10000000000.0000 -10000000000.0000 -10000000000.0000;
356:  0.0110   0.0320   0.0570   0.0880   0.1320   0.1850   0.2570   0.3420   0.4150   0.4980   0.6150   0.7380   0.8350   0.9500   1.0740   1.1840   1.3200   1.5130 -10000000000.0000 -10000000000.0000 -10000000000.0000 -10000000000.0000 -10000000000.0000;
357:  0.0110   0.0320   0.0570   0.0880   0.1320   0.1850   0.2570   0.3420   0.4160   0.4990   0.6150   0.7370   0.8350   0.9510   1.0750   1.1870   1.3270   1.5230 -10000000000.0000 -10000000000.0000 -10000000000.0000 -10000000000.0000 -10000000000.0000;
358:  0.0110   0.0320   0.0570   0.0890   0.1320   0.1840   0.2580   0.3420   0.4160   0.4980   0.6150   0.7350   0.8340   0.9520   1.0770   1.1910   1.3340   1.5320 -10000000000.0000 -10000000000.0000 -10000000000.0000 -10000000000.0000 -10000000000.0000;
359:  0.0110   0.0320   0.0570   0.0890   0.1320   0.1840   0.2580   0.3430   0.4160   0.4990   0.6140   0.7340   0.8340   0.9530   1.0790   1.1960   1.3410   1.5420 -10000000000.0000 -10000000000.0000 -10000000000.0000 -10000000000.0000 -10000000000.0000;
