C:\RK-3\Data\PA000001\HT0000010003L.DAT;
000:  0.0100   0.0290   0.0510   0.0790   0.1180   0.1650   0.2290   0.3030   0.3680   0.4430   0.5520   0.6750   0.7820   0.9030   1.0380   1.1940   1.3820   1.5920   1.8750   2.1870   2.4650 -10000000000.0000 -10000000000.0000;
001:  0.0100   0.0290   0.0510   0.0790   0.1180   0.1650   0.2290   0.3030   0.3680   0.4430   0.5520   0.6750   0.7820   0.9030   1.0380   1.1960   1.3830   1.5940   1.8730   2.1800   2.4600 -10000000000.0000 -10000000000.0000;
002:  0.0100   0.0290   0.0510   0.0790   0.1180   0.1650   0.2290   0.3030   0.3680   0.4430   0.5520   0.6750   0.7820   0.9020   1.0390   1.1960   1.3840   1.5960   1.8720   2.1760   2.4530 -10000000000.0000 -10000000000.0000;
003:  0.0100   0.0290   0.0510   0.0790   0.1180   0.1650   0.2290   0.3030   0.3680   0.4430   0.5530   0.6750   0.7820   0.9020   1.0390   1.1960   1.3850   1.5980   1.8720   2.1710   2.4450 -10000000000.0000 -10000000000.0000;
004:  0.0100   0.0290   0.0510   0.0790   0.1180   0.1650   0.2290   0.3030   0.3680   0.4440   0.5530   0.6750   0.7820   0.9020   1.0390   1.1970   1.3860   1.6000   1.8730   2.1690   2.4360 -10000000000.0000 -10000000000.0000;
005:  0.0100   0.0290   0.0510   0.0790   0.1180   0.1650   0.2290   0.3030   0.3680   0.4440   0.5530   0.6750   0.7820   0.9020   1.0400   1.1990   1.3860   1.6020   1.8740   2.1660   2.4260 -10000000000.0000 -10000000000.0000;
006:  0.0100   0.0290   0.0510   0.0790   0.1180   0.1650   0.2290   0.3030   0.3680   0.4440   0.5530   0.6750   0.7820   0.9020   1.0400   1.1990   1.3880   1.6040   1.8760   2.1640   2.4170 -10000000000.0000 -10000000000.0000;
007:  0.0100   0.0290   0.0510   0.0800   0.1180   0.1650   0.2290   0.3030   0.3680   0.4440   0.5540   0.6750   0.7820   0.9020   1.0400   1.2000   1.3890   1.6060   1.8780   2.1620   2.4060 -10000000000.0000 -10000000000.0000;
008:  0.0100   0.0290   0.0510   0.0800   0.1180   0.1650   0.2290   0.3020   0.3680   0.4440   0.5530   0.6750   0.7820   0.9010   1.0400   1.2010   1.3890   1.6080   1.8810   2.1610   2.3950 -10000000000.0000 -10000000000.0000;
009:  0.0100   0.0290   0.0510   0.0790   0.1180   0.1650   0.2280   0.3020   0.3680   0.4440   0.5540   0.6740   0.7810   0.9010   1.0410   1.2020   1.3910   1.6100   1.8830   2.1600   2.3850 -10000000000.0000 -10000000000.0000;
010:  0.0100   0.0290   0.0510   0.0790   0.1180   0.1650   0.2280   0.3020   0.3680   0.4440   0.5540   0.6740   0.7810   0.9010   1.0420   1.2040   1.3920   1.6120   1.8850   2.1580   2.3760 -10000000000.0000 -10000000000.0000;
011:  0.0100   0.0290   0.0510   0.0790   0.1180   0.1650   0.2280   0.3020   0.3690   0.4450   0.5540   0.6740   0.7810   0.9010   1.0420   1.2050   1.3940   1.6140   1.8870   2.1560   2.3680 -10000000000.0000 -10000000000.0000;
012:  0.0100   0.0290   0.0510   0.0790   0.1180   0.1640   0.2280   0.3020   0.3690   0.4450   0.5540   0.6740   0.7810   0.9010   1.0420   1.2080   1.3960   1.6160   1.8890   2.1550   2.3590 -10000000000.0000 -10000000000.0000;
013:  0.0100   0.0290   0.0510   0.0790   0.1180   0.1640   0.2280   0.3020   0.3680   0.4450   0.5540   0.6740   0.7810   0.9010   1.0430   1.2090   1.3970   1.6180   1.8910   2.1530   2.3520 -10000000000.0000 -10000000000.0000;
014:  0.0100   0.0290   0.0510   0.0790   0.1180   0.1640   0.2280   0.3020   0.3680   0.4450   0.5540   0.6730   0.7800   0.9010   1.0440   1.2110   1.3990   1.6200   1.8920   2.1510   2.3460 -10000000000.0000 -10000000000.0000;
015:  0.0100   0.0290   0.0510   0.0790   0.1180   0.1640   0.2270   0.3010   0.3680   0.4450   0.5540   0.6730   0.7800   0.9010   1.0440   1.2130   1.4010   1.6220   1.8930   2.1480   2.3390 -10000000000.0000 -10000000000.0000;
016:  0.0100   0.0290   0.0510   0.0790   0.1180   0.1640   0.2270   0.3010   0.3680   0.4450   0.5540   0.6730   0.7800   0.9010   1.0450   1.2150   1.4040   1.6240   1.8940   2.1460   2.3320 -10000000000.0000 -10000000000.0000;
017:  0.0100   0.0290   0.0510   0.0790   0.1180   0.1640   0.2270   0.3010   0.3680   0.4450   0.5530   0.6720   0.7800   0.9010   1.0460   1.2170   1.4060   1.6250   1.8940   2.1430   2.3270 -10000000000.0000 -10000000000.0000;
018:  0.0100   0.0290   0.0510   0.0790   0.1180   0.1640   0.2270   0.3010   0.3680   0.4450   0.5530   0.6720   0.7790   0.9020   1.0470   1.2190   1.4080   1.6270   1.8940   2.1390   2.3200 -10000000000.0000 -10000000000.0000;
019:  0.0100   0.0290   0.0510   0.0790   0.1180   0.1640   0.2270   0.3010   0.3680   0.4450   0.5530   0.6720   0.7790   0.9020   1.0480   1.2220   1.4110   1.6290   1.8930   2.1370   2.3130 -10000000000.0000 -10000000000.0000;
020:  0.0100   0.0290   0.0510   0.0790   0.1180   0.1640   0.2270   0.3010   0.3680   0.4440   0.5530   0.6720   0.7790   0.9030   1.0490   1.2240   1.4130   1.6300   1.8920   2.1330   2.3070 -10000000000.0000 -10000000000.0000;
021:  0.0100   0.0290   0.0510   0.0790   0.1180   0.1640   0.2270   0.3010   0.3680   0.4440   0.5520   0.6710   0.7790   0.9020   1.0500   1.2260   1.4160   1.6310   1.8900   2.1280   2.3010 -10000000000.0000 -10000000000.0000;
022:  0.0100   0.0290   0.0510   0.0790   0.1180   0.1640   0.2270   0.3010   0.3680   0.4440   0.5520   0.6710   0.7790   0.9040   1.0520   1.2280   1.4190   1.6320   1.8870   2.1230   2.2940 -10000000000.0000 -10000000000.0000;
023:  0.0100   0.0290   0.0510   0.0790   0.1170   0.1640   0.2260   0.3010   0.3680   0.4430   0.5520   0.6710   0.7790   0.9040   1.0530   1.2310   1.4220   1.6330   1.8850   2.1190   2.2880 -10000000000.0000 -10000000000.0000;
024:  0.0100   0.0290   0.0510   0.0790   0.1170   0.1640   0.2260   0.3010   0.3680   0.4430   0.5510   0.6710   0.7790   0.9050   1.0540   1.2330   1.4240   1.6340   1.8820   2.1120   2.2820 -10000000000.0000 -10000000000.0000;
025:  0.0100   0.0290   0.0510   0.0790   0.1170   0.1640   0.2260   0.3010   0.3680   0.4440   0.5510   0.6700   0.7790   0.9060   1.0560   1.2360   1.4270   1.6350   1.8790   2.1050   2.2780 -10000000000.0000 -10000000000.0000;
026:  0.0100   0.0290   0.0510   0.0780   0.1170   0.1630   0.2260   0.3010   0.3680   0.4430   0.5510   0.6700   0.7790   0.9070   1.0570   1.2390   1.4290   1.6350   1.8750   2.0980   2.2740 -10000000000.0000 -10000000000.0000;
027:  0.0100   0.0290   0.0500   0.0790   0.1170   0.1630   0.2260   0.3010   0.3680   0.4430   0.5500   0.6700   0.7790   0.9080   1.0590   1.2410   1.4320   1.6350   1.8700   2.0890   2.2710 -10000000000.0000 -10000000000.0000;
028:  0.0100   0.0290   0.0500   0.0790   0.1170   0.1630   0.2260   0.3010   0.3680   0.4430   0.5500   0.6690   0.7790   0.9090   1.0610   1.2430   1.4340   1.6350   1.8660   2.0810   2.2690 -10000000000.0000 -10000000000.0000;
029:  0.0100   0.0290   0.0500   0.0780   0.1170   0.1630   0.2260   0.3010   0.3670   0.4420   0.5500   0.6690   0.7800   0.9090   1.0620   1.2450   1.4370   1.6340   1.8610   2.0720   2.2690 -10000000000.0000 -10000000000.0000;
030:  0.0100   0.0290   0.0500   0.0780   0.1170   0.1630   0.2260   0.3010   0.3670   0.4420   0.5490   0.6690   0.7800   0.9110   1.0640   1.2470   1.4380   1.6340   1.8550   2.0640   2.2680 -10000000000.0000 -10000000000.0000;
031:  0.0100   0.0290   0.0500   0.0780   0.1170   0.1630   0.2260   0.3000   0.3670   0.4410   0.5490   0.6690   0.7800   0.9120   1.0660   1.2480   1.4400   1.6330   1.8490   2.0550   2.2700 -10000000000.0000 -10000000000.0000;
032:  0.0100   0.0290   0.0500   0.0780   0.1170   0.1630   0.2260   0.3000   0.3670   0.4410   0.5480   0.6690   0.7810   0.9130   1.0680   1.2510   1.4420   1.6310   1.8430   2.0470   2.2710 -10000000000.0000 -10000000000.0000;
033:  0.0100   0.0290   0.0500   0.0780   0.1160   0.1630   0.2260   0.3000   0.3670   0.4410   0.5480   0.6690   0.7810   0.9150   1.0700   1.2520   1.4430   1.6300   1.8380   2.0410 -10000000000.0000 -10000000000.0000 -10000000000.0000;
034:  0.0100   0.0290   0.0500   0.0780   0.1160   0.1630   0.2260   0.3000   0.3670   0.4410   0.5480   0.6680   0.7820   0.9160   1.0710   1.2530   1.4430   1.6270   1.8310 -10000000000.0000 -10000000000.0000 -10000000000.0000 -10000000000.0000;
035:  0.0100   0.0290   0.0500   0.0780   0.1160   0.1630   0.2260   0.3000   0.3660   0.4400   0.5480   0.6680   0.7820   0.9170   1.0720   1.2540   1.4440   1.6250   1.8260 -10000000000.0000 -10000000000.0000 -10000000000.0000 -10000000000.0000;
036:  0.0100   0.0290   0.0500   0.0780   0.1160   0.1630   0.2260   0.3000   0.3660   0.4400   0.5470   0.6690   0.7830   0.9180   1.0740   1.2550   1.4450   1.6220   1.8210 -10000000000.0000 -10000000000.0000 -10000000000.0000 -10000000000.0000;
037:  0.0100   0.0290   0.0500   0.0780   0.1160   0.1630   0.2260   0.3000   0.3660   0.4400   0.5470   0.6690   0.7830   0.9200   1.0760   1.2550   1.4440   1.6190   1.8160 -10000000000.0000 -10000000000.0000 -10000000000.0000 -10000000000.0000;
038:  0.0100   0.0280   0.0500   0.0780   0.1160   0.1630   0.2260   0.3000   0.3660   0.4400   0.5470   0.6690   0.7840   0.9210   1.0770   1.2560   1.4440   1.6160   1.8120 -10000000000.0000 -10000000000.0000 -10000000000.0000 -10000000000.0000;
039:  0.0100   0.0280   0.0500   0.0770   0.1160   0.1630   0.2260   0.3000   0.3660   0.4400   0.5470   0.6690   0.7850   0.9220   1.0790   1.2570   1.4430   1.6120   1.8090 -10000000000.0000 -10000000000.0000 -10000000000.0000 -10000000000.0000;
040:  0.0100   0.0280   0.0500   0.0770   0.1160   0.1620   0.2260   0.3000   0.3660   0.4390   0.5470   0.6690   0.7850   0.9240   1.0800   1.2560   1.4420   1.6080   1.8060 -10000000000.0000 -10000000000.0000 -10000000000.0000 -10000000000.0000;
041:  0.0100   0.0280   0.0500   0.0770   0.1150   0.1620   0.2260   0.2990   0.3650   0.4390   0.5470   0.6690   0.7850   0.9240   1.0810   1.2560   1.4400   1.6050 -10000000000.0000 -10000000000.0000 -10000000000.0000 -10000000000.0000 -10000000000.0000;
042:  0.0100   0.0280   0.0500   0.0770   0.1150   0.1620   0.2250   0.2990   0.3650   0.4390   0.5470   0.6690   0.7860   0.9260   1.0820   1.2550   1.4380   1.6000 -10000000000.0000 -10000000000.0000 -10000000000.0000 -10000000000.0000 -10000000000.0000;
043:  0.0100   0.0280   0.0500   0.0770   0.1150   0.1620   0.2250   0.2990   0.3650   0.4390   0.5470   0.6700   0.7870   0.9270   1.0840   1.2550   1.4350   1.5950 -10000000000.0000 -10000000000.0000 -10000000000.0000 -10000000000.0000 -10000000000.0000;
044:  0.0100   0.0280   0.0500   0.0770   0.1150   0.1620   0.2250   0.2990   0.3650   0.4390   0.5470   0.6700   0.7870   0.9270   1.0850   1.2550   1.4330   1.5900 -10000000000.0000 -10000000000.0000 -10000000000.0000 -10000000000.0000 -10000000000.0000;
045:  0.0100   0.0280   0.0500   0.0770   0.1150   0.1620   0.2250   0.2990   0.3650   0.4390   0.5470   0.6710   0.7880   0.9290   1.0850   1.2530   1.4300   1.5850 -10000000000.0000 -10000000000.0000 -10000000000.0000 -10000000000.0000 -10000000000.0000;
046:  0.0100   0.0280   0.0490   0.0770   0.1150   0.1620   0.2250   0.2980   0.3650   0.4390   0.5480   0.6710   0.7890   0.9300   1.0860   1.2520   1.4260   1.5800 -10000000000.0000 -10000000000.0000 -10000000000.0000 -10000000000.0000 -10000000000.0000;
047:  0.0100   0.0280   0.0490   0.0770   0.1150   0.1620   0.2250   0.2980   0.3640   0.4390   0.5480   0.6710   0.7890   0.9300   1.0860   1.2510   1.4230   1.5740 -10000000000.0000 -10000000000.0000 -10000000000.0000 -10000000000.0000 -10000000000.0000;
048:  0.0100   0.0280   0.0490   0.0770   0.1150   0.1620   0.2240   0.2980   0.3640   0.4390   0.5480   0.6720   0.7900   0.9310   1.0870   1.2490   1.4190   1.5690 -10000000000.0000 -10000000000.0000 -10000000000.0000 -10000000000.0000 -10000000000.0000;
049:  0.0100   0.0280   0.0490   0.0770   0.1150   0.1620   0.2240   0.2980   0.3640   0.4390   0.5490   0.6720   0.7910   0.9320   1.0870   1.2480   1.4150   1.5640 -10000000000.0000 -10000000000.0000 -10000000000.0000 -10000000000.0000 -10000000000.0000;
050:  0.0100   0.0280   0.0490   0.0770   0.1150   0.1610   0.2240   0.2970   0.3640   0.4390   0.5490   0.6730   0.7920   0.9320   1.0870   1.2460   1.4100   1.5580 -10000000000.0000 -10000000000.0000 -10000000000.0000 -10000000000.0000 -10000000000.0000;
051:  0.0100   0.0280   0.0490   0.0760   0.1150   0.1610   0.2240   0.2970   0.3640   0.4390   0.5500   0.6730   0.7920   0.9330   1.0870   1.2440   1.4060   1.5520 -10000000000.0000 -10000000000.0000 -10000000000.0000 -10000000000.0000 -10000000000.0000;
052:  0.0100   0.0280   0.0490   0.0770   0.1150   0.1610   0.2240   0.2970   0.3640   0.4390   0.5500   0.6740   0.7930   0.9330   1.0870   1.2420   1.4020   1.5460 -10000000000.0000 -10000000000.0000 -10000000000.0000 -10000000000.0000 -10000000000.0000;
053:  0.0100   0.0280   0.0490   0.0760   0.1140   0.1610   0.2230   0.2970   0.3640   0.4400   0.5510   0.6750   0.7940   0.9340   1.0860   1.2400   1.3970   1.5410 -10000000000.0000 -10000000000.0000 -10000000000.0000 -10000000000.0000 -10000000000.0000;
054:  0.0100   0.0280   0.0490   0.0760   0.1150   0.1610   0.2230   0.2960   0.3640   0.4400   0.5520   0.6750   0.7940   0.9340   1.0860   1.2380   1.3930   1.5350 -10000000000.0000 -10000000000.0000 -10000000000.0000 -10000000000.0000 -10000000000.0000;
055:  0.0100   0.0280   0.0490   0.0760   0.1140   0.1610   0.2230   0.2960   0.3630   0.4400   0.5520   0.6770   0.7950   0.9340   1.0860   1.2360   1.3880   1.5300 -10000000000.0000 -10000000000.0000 -10000000000.0000 -10000000000.0000 -10000000000.0000;
056:  0.0100   0.0280   0.0490   0.0760   0.1140   0.1600   0.2230   0.2960   0.3630   0.4400   0.5530   0.6770   0.7960   0.9340   1.0850   1.2330   1.3830   1.5250 -10000000000.0000 -10000000000.0000 -10000000000.0000 -10000000000.0000 -10000000000.0000;
057:  0.0100   0.0280   0.0490   0.0760   0.1140   0.1600   0.2220   0.2950   0.3630   0.4410   0.5540   0.6780   0.7960   0.9340   1.0840   1.2310   1.3790   1.5200 -10000000000.0000 -10000000000.0000 -10000000000.0000 -10000000000.0000 -10000000000.0000;
058:  0.0100   0.0280   0.0490   0.0760   0.1140   0.1600   0.2220   0.2950   0.3630   0.4400   0.5540   0.6790   0.7970   0.9340   1.0830   1.2290   1.3750   1.5160 -10000000000.0000 -10000000000.0000 -10000000000.0000 -10000000000.0000 -10000000000.0000;
059:  0.0100   0.0280   0.0490   0.0760   0.1140   0.1600   0.2220   0.2950   0.3630   0.4410   0.5550   0.6790   0.7980   0.9340   1.0820   1.2260   1.3700   1.5110 -10000000000.0000 -10000000000.0000 -10000000000.0000 -10000000000.0000 -10000000000.0000;
060:  0.0100   0.0280   0.0490   0.0760   0.1140   0.1600   0.2220   0.2950   0.3630   0.4410   0.5550   0.6800   0.7990   0.9350   1.0810   1.2240   1.3660   1.5070 -10000000000.0000 -10000000000.0000 -10000000000.0000 -10000000000.0000 -10000000000.0000;
061:  0.0100   0.0280   0.0490   0.0760   0.1140   0.1600   0.2210   0.2950   0.3630   0.4410   0.5560   0.6810   0.7990   0.9340   1.0800   1.2210   1.3620   1.5030 -10000000000.0000 -10000000000.0000 -10000000000.0000 -10000000000.0000 -10000000000.0000;
062:  0.0100   0.0280   0.0490   0.0760   0.1140   0.1600   0.2210   0.2940   0.3630   0.4410   0.5560   0.6810   0.8000   0.9340   1.0790   1.2190   1.3580   1.5000 -10000000000.0000 -10000000000.0000 -10000000000.0000 -10000000000.0000 -10000000000.0000;
063:  0.0100   0.0280   0.0490   0.0760   0.1140   0.1600   0.2210   0.2940   0.3630   0.4420   0.5570   0.6820   0.8000   0.9340   1.0780   1.2170   1.3550   1.4970 -10000000000.0000 -10000000000.0000 -10000000000.0000 -10000000000.0000 -10000000000.0000;
064:  0.0100   0.0280   0.0490   0.0760   0.1140   0.1590   0.2210   0.2940   0.3630   0.4420   0.5580   0.6830   0.8010   0.9330   1.0760   1.2140   1.3510 -10000000000.0000 -10000000000.0000 -10000000000.0000 -10000000000.0000 -10000000000.0000 -10000000000.0000;
065:  0.0100   0.0280   0.0490   0.0760   0.1140   0.1590   0.2200   0.2940   0.3630   0.4420   0.5580   0.6830   0.8020   0.9330   1.0750   1.2130 -10000000000.0000 -10000000000.0000 -10000000000.0000 -10000000000.0000 -10000000000.0000 -10000000000.0000 -10000000000.0000;
066:  0.0100   0.0280   0.0490   0.0760   0.1140   0.1590   0.2200   0.2940   0.3630   0.4420   0.5590   0.6840   0.8020   0.9330   1.0740   1.2110 -10000000000.0000 -10000000000.0000 -10000000000.0000 -10000000000.0000 -10000000000.0000 -10000000000.0000 -10000000000.0000;
067:  0.0100   0.0280   0.0490   0.0760   0.1140   0.1590   0.2200   0.2940   0.3630   0.4430   0.5590   0.6850   0.8030   0.9330   1.0730   1.2090 -10000000000.0000 -10000000000.0000 -10000000000.0000 -10000000000.0000 -10000000000.0000 -10000000000.0000 -10000000000.0000;
068:  0.0100   0.0280   0.0480   0.0760   0.1140   0.1590   0.2200   0.2930   0.3630   0.4430   0.5600   0.6850   0.8030   0.9320   1.0710   1.2070 -10000000000.0000 -10000000000.0000 -10000000000.0000 -10000000000.0000 -10000000000.0000 -10000000000.0000 -10000000000.0000;
069:  0.0100   0.0280   0.0480   0.0760   0.1140   0.1590   0.2200   0.2930   0.3630   0.4430   0.5600   0.6860   0.8030   0.9320   1.0700   1.2050 -10000000000.0000 -10000000000.0000 -10000000000.0000 -10000000000.0000 -10000000000.0000 -10000000000.0000 -10000000000.0000;
070:  0.0100   0.0280   0.0480   0.0760   0.1130   0.1580   0.2190   0.2930   0.3630   0.4430   0.5600   0.6860   0.8040   0.9310   1.0690   1.2030 -10000000000.0000 -10000000000.0000 -10000000000.0000 -10000000000.0000 -10000000000.0000 -10000000000.0000 -10000000000.0000;
071:  0.0100   0.0280   0.0480   0.0760   0.1130   0.1580   0.2190   0.2930   0.3630   0.4430   0.5600   0.6870   0.8040   0.9310   1.0680   1.2020 -10000000000.0000 -10000000000.0000 -10000000000.0000 -10000000000.0000 -10000000000.0000 -10000000000.0000 -10000000000.0000;
072:  0.0100   0.0280   0.0480   0.0760   0.1130   0.1580   0.2190   0.2930   0.3630   0.4430   0.5610   0.6870   0.8050   0.9310   1.0670   1.2000 -10000000000.0000 -10000000000.0000 -10000000000.0000 -10000000000.0000 -10000000000.0000 -10000000000.0000 -10000000000.0000;
073:  0.0100   0.0270   0.0480   0.0760   0.1130   0.1580   0.2190   0.2930   0.3630   0.4430   0.5610   0.6880   0.8050   0.9310   1.0660   1.1990 -10000000000.0000 -10000000000.0000 -10000000000.0000 -10000000000.0000 -10000000000.0000 -10000000000.0000 -10000000000.0000;
074:  0.0100   0.0270   0.0480   0.0760   0.1130   0.1580   0.2190   0.2930   0.3630   0.4430   0.5610   0.6880   0.8050   0.9310   1.0650   1.1970 -10000000000.0000 -10000000000.0000 -10000000000.0000 -10000000000.0000 -10000000000.0000 -10000000000.0000 -10000000000.0000;
075:  0.0100   0.0270   0.0480   0.0760   0.1130   0.1580   0.2190   0.2930   0.3630   0.4430   0.5610   0.6890   0.8060   0.9300   1.0640   1.1960 -10000000000.0000 -10000000000.0000 -10000000000.0000 -10000000000.0000 -10000000000.0000 -10000000000.0000 -10000000000.0000;
076:  0.0100   0.0270   0.0480   0.0760   0.1130   0.1580   0.2190   0.2930   0.3630   0.4430   0.5610   0.6890   0.8060   0.9300   1.0630   1.1940 -10000000000.0000 -10000000000.0000 -10000000000.0000 -10000000000.0000 -10000000000.0000 -10000000000.0000 -10000000000.0000;
077:  0.0100   0.0270   0.0480   0.0760   0.1130   0.1570   0.2190   0.2930   0.3630   0.4440   0.5610   0.6890   0.8060   0.9300   1.0620   1.1940 -10000000000.0000 -10000000000.0000 -10000000000.0000 -10000000000.0000 -10000000000.0000 -10000000000.0000 -10000000000.0000;
078:  0.0100   0.0270   0.0480   0.0750   0.1130   0.1570   0.2190   0.2930   0.3630   0.4440   0.5610   0.6890   0.8070   0.9300   1.0620   1.1930 -10000000000.0000 -10000000000.0000 -10000000000.0000 -10000000000.0000 -10000000000.0000 -10000000000.0000 -10000000000.0000;
079:  0.0100   0.0270   0.0480   0.0750   0.1130   0.1570   0.2190   0.2930   0.3630   0.4440   0.5610   0.6900   0.8070   0.9300   1.0600   1.1920 -10000000000.0000 -10000000000.0000 -10000000000.0000 -10000000000.0000 -10000000000.0000 -10000000000.0000 -10000000000.0000;
080:  0.0100   0.0270   0.0480   0.0750   0.1130   0.1570   0.2190   0.2930   0.3630   0.4440   0.5610   0.6900   0.8070   0.9300   1.0600   1.1920 -10000000000.0000 -10000000000.0000 -10000000000.0000 -10000000000.0000 -10000000000.0000 -10000000000.0000 -10000000000.0000;
081:  0.0100   0.0270   0.0480   0.0750   0.1130   0.1570   0.2190   0.2930   0.3640   0.4440   0.5610   0.6900   0.8070   0.9300   1.0590   1.1910 -10000000000.0000 -10000000000.0000 -10000000000.0000 -10000000000.0000 -10000000000.0000 -10000000000.0000 -10000000000.0000;
082:  0.0100   0.0270   0.0480   0.0750   0.1130   0.1570   0.2190   0.2940   0.3640   0.4440   0.5610   0.6900   0.8080   0.9300   1.0600   1.1910 -10000000000.0000 -10000000000.0000 -10000000000.0000 -10000000000.0000 -10000000000.0000 -10000000000.0000 -10000000000.0000;
083:  0.0100   0.0270   0.0480   0.0750   0.1120   0.1570   0.2190   0.2930   0.3640   0.4440   0.5610   0.6900   0.8080   0.9300   1.0590   1.1900 -10000000000.0000 -10000000000.0000 -10000000000.0000 -10000000000.0000 -10000000000.0000 -10000000000.0000 -10000000000.0000;
084:  0.0100   0.0270   0.0480   0.0750   0.1120   0.1570   0.2190   0.2930   0.3640   0.4430   0.5600   0.6900   0.8080   0.9300   1.0580   1.1900 -10000000000.0000 -10000000000.0000 -10000000000.0000 -10000000000.0000 -10000000000.0000 -10000000000.0000 -10000000000.0000;
085:  0.0100   0.0270   0.0480   0.0750   0.1120   0.1570   0.2190   0.2940   0.3640   0.4430   0.5600   0.6900   0.8080   0.9300   1.0580   1.1890 -10000000000.0000 -10000000000.0000 -10000000000.0000 -10000000000.0000 -10000000000.0000 -10000000000.0000 -10000000000.0000;
086:  0.0100   0.0270   0.0480   0.0750   0.1120   0.1570   0.2190   0.2940   0.3640   0.4440   0.5600   0.6910   0.8090   0.9300   1.0590   1.1900 -10000000000.0000 -10000000000.0000 -10000000000.0000 -10000000000.0000 -10000000000.0000 -10000000000.0000 -10000000000.0000;
087:  0.0100   0.0270   0.0480   0.0750   0.1120   0.1570   0.2190   0.2940   0.3640   0.4440   0.5600   0.6910   0.8100   0.9310   1.0580   1.1900 -10000000000.0000 -10000000000.0000 -10000000000.0000 -10000000000.0000 -10000000000.0000 -10000000000.0000 -10000000000.0000;
088:  0.0100   0.0270   0.0480   0.0750   0.1120   0.1570   0.2190   0.2940   0.3640   0.4430   0.5600   0.6910   0.8100   0.9310   1.0590   1.1900 -10000000000.0000 -10000000000.0000 -10000000000.0000 -10000000000.0000 -10000000000.0000 -10000000000.0000 -10000000000.0000;
089:  0.0100   0.0270   0.0480   0.0750   0.1120   0.1570   0.2190   0.2940   0.3640   0.4430   0.5600   0.6910   0.8100   0.9320   1.0600   1.1910 -10000000000.0000 -10000000000.0000 -10000000000.0000 -10000000000.0000 -10000000000.0000 -10000000000.0000 -10000000000.0000;
090:  0.0100   0.0270   0.0480   0.0750   0.1120   0.1570   0.2190   0.2940   0.3640   0.4430   0.5600   0.6910   0.8100   0.9320   1.0590 -10000000000.0000 -10000000000.0000 -10000000000.0000 -10000000000.0000 -10000000000.0000 -10000000000.0000 -10000000000.0000 -10000000000.0000;
091:  0.0100   0.0270   0.0480   0.0750   0.1120   0.1570   0.2190   0.2940   0.3640   0.4430   0.5600   0.6910   0.8110   0.9330   1.0600 -10000000000.0000 -10000000000.0000 -10000000000.0000 -10000000000.0000 -10000000000.0000 -10000000000.0000 -10000000000.0000 -10000000000.0000;
092:  0.0100   0.0270   0.0480   0.0750   0.1120   0.1570   0.2190   0.2940   0.3640   0.4430   0.5600   0.6910   0.8110   0.9340   1.0610 -10000000000.0000 -10000000000.0000 -10000000000.0000 -10000000000.0000 -10000000000.0000 -10000000000.0000 -10000000000.0000 -10000000000.0000;
093:  0.0100   0.0270   0.0480   0.0750   0.1120   0.1570   0.2190   0.2940   0.3640   0.4430   0.5600   0.6910   0.8110   0.9350   1.0610 -10000000000.0000 -10000000000.0000 -10000000000.0000 -10000000000.0000 -10000000000.0000 -10000000000.0000 -10000000000.0000 -10000000000.0000;
094:  0.0100   0.0270   0.0480   0.0750   0.1120   0.1570   0.2190   0.2940   0.3630   0.4430   0.5590   0.6910   0.8120   0.9350   1.0620 -10000000000.0000 -10000000000.0000 -10000000000.0000 -10000000000.0000 -10000000000.0000 -10000000000.0000 -10000000000.0000 -10000000000.0000;
095:  0.0100   0.0270   0.0480   0.0750   0.1120   0.1570   0.2190   0.2940   0.3630   0.4430   0.5590   0.6910   0.8120   0.9360   1.0630 -10000000000.0000 -10000000000.0000 -10000000000.0000 -10000000000.0000 -10000000000.0000 -10000000000.0000 -10000000000.0000 -10000000000.0000;
096:  0.0100   0.0270   0.0480   0.0750   0.1120   0.1570   0.2190   0.2940   0.3630   0.4430   0.5590   0.6910   0.8120   0.9370   1.0640 -10000000000.0000 -10000000000.0000 -10000000000.0000 -10000000000.0000 -10000000000.0000 -10000000000.0000 -10000000000.0000 -10000000000.0000;
097:  0.0100   0.0270   0.0480   0.0750   0.1120   0.1570   0.2190   0.2940   0.3630   0.4420   0.5590   0.6910   0.8130   0.9380 -10000000000.0000 -10000000000.0000 -10000000000.0000 -10000000000.0000 -10000000000.0000 -10000000000.0000 -10000000000.0000 -10000000000.0000 -10000000000.0000;
098:  0.0100   0.0270   0.0480   0.0750   0.1120   0.1570   0.2190   0.2940   0.3630   0.4420   0.5600   0.6920   0.8140   0.9390 -10000000000.0000 -10000000000.0000 -10000000000.0000 -10000000000.0000 -10000000000.0000 -10000000000.0000 -10000000000.0000 -10000000000.0000 -10000000000.0000;
099:  0.0100   0.0270   0.0480   0.0750   0.1120   0.1580   0.2190   0.2940   0.3630   0.4420   0.5600   0.6910   0.8140   0.9400 -10000000000.0000 -10000000000.0000 -10000000000.0000 -10000000000.0000 -10000000000.0000 -10000000000.0000 -10000000000.0000 -10000000000.0000 -10000000000.0000;
100:  0.0100   0.0270   0.0480   0.0750   0.1120   0.1580   0.2200   0.2940   0.3630   0.4420   0.5590   0.6920   0.8150   0.9410 -10000000000.0000 -10000000000.0000 -10000000000.0000 -10000000000.0000 -10000000000.0000 -10000000000.0000 -10000000000.0000 -10000000000.0000 -10000000000.0000;
101:  0.0100   0.0270   0.0480   0.0750   0.1120   0.1580   0.2190   0.2930   0.3630   0.4420   0.5600   0.6920   0.8150   0.9420 -10000000000.0000 -10000000000.0000 -10000000000.0000 -10000000000.0000 -10000000000.0000 -10000000000.0000 -10000000000.0000 -10000000000.0000 -10000000000.0000;
102:  0.0100   0.0270   0.0480   0.0750   0.1120   0.1580   0.2200   0.2940   0.3620   0.4420   0.5590   0.6920   0.8160   0.9430 -10000000000.0000 -10000000000.0000 -10000000000.0000 -10000000000.0000 -10000000000.0000 -10000000000.0000 -10000000000.0000 -10000000000.0000 -10000000000.0000;
103:  0.0100   0.0270   0.0480   0.0750   0.1120   0.1580   0.2190   0.2930   0.3620   0.4420   0.5600   0.6920   0.8170   0.9450 -10000000000.0000 -10000000000.0000 -10000000000.0000 -10000000000.0000 -10000000000.0000 -10000000000.0000 -10000000000.0000 -10000000000.0000 -10000000000.0000;
104:  0.0100   0.0270   0.0480   0.0750   0.1120   0.1580   0.2200   0.2930   0.3620   0.4420   0.5590   0.6920   0.8170   0.9460 -10000000000.0000 -10000000000.0000 -10000000000.0000 -10000000000.0000 -10000000000.0000 -10000000000.0000 -10000000000.0000 -10000000000.0000 -10000000000.0000;
105:  0.0100   0.0270   0.0480   0.0750   0.1120   0.1580   0.2200   0.2930   0.3620   0.4410   0.5600   0.6920   0.8180   0.9470 -10000000000.0000 -10000000000.0000 -10000000000.0000 -10000000000.0000 -10000000000.0000 -10000000000.0000 -10000000000.0000 -10000000000.0000 -10000000000.0000;
106:  0.0100   0.0270   0.0480   0.0750   0.1130   0.1580   0.2200   0.2930   0.3620   0.4410   0.5600   0.6930   0.8180   0.9480 -10000000000.0000 -10000000000.0000 -10000000000.0000 -10000000000.0000 -10000000000.0000 -10000000000.0000 -10000000000.0000 -10000000000.0000 -10000000000.0000;
107:  0.0100   0.0270   0.0480   0.0750   0.1130   0.1580   0.2200   0.2930   0.3620   0.4410   0.5590   0.6930   0.8190   0.9500 -10000000000.0000 -10000000000.0000 -10000000000.0000 -10000000000.0000 -10000000000.0000 -10000000000.0000 -10000000000.0000 -10000000000.0000 -10000000000.0000;
108:  0.0100   0.0270   0.0480   0.0750   0.1130   0.1590   0.2200   0.2930   0.3620   0.4410   0.5600   0.6930   0.8200   0.9510 -10000000000.0000 -10000000000.0000 -10000000000.0000 -10000000000.0000 -10000000000.0000 -10000000000.0000 -10000000000.0000 -10000000000.0000 -10000000000.0000;
109:  0.0100   0.0270   0.0480   0.0750   0.1130   0.1590   0.2200   0.2930   0.3610   0.4410   0.5590   0.6930   0.8200   0.9520 -10000000000.0000 -10000000000.0000 -10000000000.0000 -10000000000.0000 -10000000000.0000 -10000000000.0000 -10000000000.0000 -10000000000.0000 -10000000000.0000;
110:  0.0100   0.0270   0.0480   0.0750   0.1130   0.1590   0.2200   0.2940   0.3620   0.4410   0.5590   0.6930   0.8210   0.9530 -10000000000.0000 -10000000000.0000 -10000000000.0000 -10000000000.0000 -10000000000.0000 -10000000000.0000 -10000000000.0000 -10000000000.0000 -10000000000.0000;
111:  0.0100   0.0270   0.0480   0.0750   0.1130   0.1590   0.2200   0.2930   0.3610   0.4400   0.5590   0.6930   0.8210   0.9550 -10000000000.0000 -10000000000.0000 -10000000000.0000 -10000000000.0000 -10000000000.0000 -10000000000.0000 -10000000000.0000 -10000000000.0000 -10000000000.0000;
112:  0.0100   0.0270   0.0480   0.0750   0.1130   0.1590   0.2210   0.2940   0.3620   0.4400   0.5590   0.6930   0.8220   0.9560 -10000000000.0000 -10000000000.0000 -10000000000.0000 -10000000000.0000 -10000000000.0000 -10000000000.0000 -10000000000.0000 -10000000000.0000 -10000000000.0000;
113:  0.0100   0.0270   0.0480   0.0750   0.1130   0.1590   0.2210   0.2940   0.3610   0.4400   0.5590   0.6930   0.8220   0.9570 -10000000000.0000 -10000000000.0000 -10000000000.0000 -10000000000.0000 -10000000000.0000 -10000000000.0000 -10000000000.0000 -10000000000.0000 -10000000000.0000;
114:  0.0100   0.0270   0.0480   0.0750   0.1130   0.1590   0.2210   0.2940   0.3610   0.4400   0.5590   0.6930   0.8230   0.9580 -10000000000.0000 -10000000000.0000 -10000000000.0000 -10000000000.0000 -10000000000.0000 -10000000000.0000 -10000000000.0000 -10000000000.0000 -10000000000.0000;
115:  0.0100   0.0270   0.0480   0.0750   0.1130   0.1590   0.2210   0.2940   0.3610   0.4390   0.5580   0.6930   0.8230   0.9590 -10000000000.0000 -10000000000.0000 -10000000000.0000 -10000000000.0000 -10000000000.0000 -10000000000.0000 -10000000000.0000 -10000000000.0000 -10000000000.0000;
116:  0.0100   0.0270   0.0480   0.0750   0.1130   0.1600   0.2210   0.2940   0.3610   0.4390   0.5580   0.6930   0.8230   0.9600 -10000000000.0000 -10000000000.0000 -10000000000.0000 -10000000000.0000 -10000000000.0000 -10000000000.0000 -10000000000.0000 -10000000000.0000 -10000000000.0000;
117:  0.0100   0.0280   0.0480   0.0750   0.1130   0.1600   0.2210   0.2940   0.3610   0.4390   0.5580   0.6930   0.8240   0.9610 -10000000000.0000 -10000000000.0000 -10000000000.0000 -10000000000.0000 -10000000000.0000 -10000000000.0000 -10000000000.0000 -10000000000.0000 -10000000000.0000;
118:  0.0100   0.0280   0.0480   0.0750   0.1140   0.1600   0.2220   0.2940   0.3610   0.4390   0.5570   0.6930   0.8240   0.9620 -10000000000.0000 -10000000000.0000 -10000000000.0000 -10000000000.0000 -10000000000.0000 -10000000000.0000 -10000000000.0000 -10000000000.0000 -10000000000.0000;
119:  0.0100   0.0280   0.0480   0.0750   0.1140   0.1600   0.2220   0.2940   0.3610   0.4390   0.5570   0.6930   0.8240   0.9630 -10000000000.0000 -10000000000.0000 -10000000000.0000 -10000000000.0000 -10000000000.0000 -10000000000.0000 -10000000000.0000 -10000000000.0000 -10000000000.0000;
120:  0.0100   0.0280   0.0480   0.0760   0.1140   0.1600   0.2220   0.2950   0.3610   0.4390   0.5570   0.6920   0.8240   0.9630 -10000000000.0000 -10000000000.0000 -10000000000.0000 -10000000000.0000 -10000000000.0000 -10000000000.0000 -10000000000.0000 -10000000000.0000 -10000000000.0000;
121:  0.0100   0.0280   0.0480   0.0760   0.1140   0.1600   0.2220   0.2950   0.3610   0.4390   0.5560   0.6920   0.8240   0.9640 -10000000000.0000 -10000000000.0000 -10000000000.0000 -10000000000.0000 -10000000000.0000 -10000000000.0000 -10000000000.0000 -10000000000.0000 -10000000000.0000;
122:  0.0100   0.0280   0.0480   0.0760   0.1140   0.1610   0.2230   0.2950   0.3610   0.4380   0.5560   0.6920   0.8240   0.9650 -10000000000.0000 -10000000000.0000 -10000000000.0000 -10000000000.0000 -10000000000.0000 -10000000000.0000 -10000000000.0000 -10000000000.0000 -10000000000.0000;
123:  0.0100   0.0280   0.0480   0.0760   0.1140   0.1610   0.2230   0.2950   0.3610   0.4380   0.5550   0.6910   0.8240   0.9650 -10000000000.0000 -10000000000.0000 -10000000000.0000 -10000000000.0000 -10000000000.0000 -10000000000.0000 -10000000000.0000 -10000000000.0000 -10000000000.0000;
124:  0.0100   0.0280   0.0480   0.0760   0.1140   0.1610   0.2230   0.2960   0.3620   0.4380   0.5550   0.6910   0.8240   0.9660 -10000000000.0000 -10000000000.0000 -10000000000.0000 -10000000000.0000 -10000000000.0000 -10000000000.0000 -10000000000.0000 -10000000000.0000 -10000000000.0000;
125:  0.0100   0.0280   0.0490   0.0760   0.1140   0.1610   0.2230   0.2960   0.3620   0.4380   0.5540   0.6910   0.8240   0.9660 -10000000000.0000 -10000000000.0000 -10000000000.0000 -10000000000.0000 -10000000000.0000 -10000000000.0000 -10000000000.0000 -10000000000.0000 -10000000000.0000;
126:  0.0100   0.0280   0.0490   0.0760   0.1140   0.1610   0.2240   0.2960   0.3620   0.4380   0.5540   0.6900   0.8240   0.9660 -10000000000.0000 -10000000000.0000 -10000000000.0000 -10000000000.0000 -10000000000.0000 -10000000000.0000 -10000000000.0000 -10000000000.0000 -10000000000.0000;
127:  0.0100   0.0280   0.0490   0.0760   0.1140   0.1610   0.2240   0.2960   0.3620   0.4380   0.5530   0.6900   0.8230   0.9660 -10000000000.0000 -10000000000.0000 -10000000000.0000 -10000000000.0000 -10000000000.0000 -10000000000.0000 -10000000000.0000 -10000000000.0000 -10000000000.0000;
128:  0.0100   0.0280   0.0490   0.0760   0.1150   0.1620   0.2240   0.2970   0.3620   0.4380   0.5530   0.6890   0.8220   0.9670 -10000000000.0000 -10000000000.0000 -10000000000.0000 -10000000000.0000 -10000000000.0000 -10000000000.0000 -10000000000.0000 -10000000000.0000 -10000000000.0000;
129:  0.0100   0.0280   0.0490   0.0760   0.1150   0.1620   0.2240   0.2970   0.3630   0.4380   0.5530   0.6890   0.8220   0.9660 -10000000000.0000 -10000000000.0000 -10000000000.0000 -10000000000.0000 -10000000000.0000 -10000000000.0000 -10000000000.0000 -10000000000.0000 -10000000000.0000;
130:  0.0100   0.0280   0.0490   0.0760   0.1150   0.1620   0.2250   0.2970   0.3630   0.4380   0.5520   0.6880   0.8220   0.9670 -10000000000.0000 -10000000000.0000 -10000000000.0000 -10000000000.0000 -10000000000.0000 -10000000000.0000 -10000000000.0000 -10000000000.0000 -10000000000.0000;
131:  0.0100   0.0280   0.0490   0.0760   0.1150   0.1620   0.2250   0.2980   0.3630   0.4380   0.5520   0.6880   0.8210   0.9660 -10000000000.0000 -10000000000.0000 -10000000000.0000 -10000000000.0000 -10000000000.0000 -10000000000.0000 -10000000000.0000 -10000000000.0000 -10000000000.0000;
132:  0.0100   0.0280   0.0490   0.0760   0.1150   0.1620   0.2250   0.2980   0.3630   0.4380   0.5510   0.6870   0.8200   0.9660 -10000000000.0000 -10000000000.0000 -10000000000.0000 -10000000000.0000 -10000000000.0000 -10000000000.0000 -10000000000.0000 -10000000000.0000 -10000000000.0000;
133:  0.0100   0.0280   0.0490   0.0760   0.1150   0.1620   0.2250   0.2980   0.3640   0.4390   0.5510   0.6870   0.8200   0.9660 -10000000000.0000 -10000000000.0000 -10000000000.0000 -10000000000.0000 -10000000000.0000 -10000000000.0000 -10000000000.0000 -10000000000.0000 -10000000000.0000;
134:  0.0100   0.0280   0.0490   0.0770   0.1150   0.1630   0.2260   0.2980   0.3640   0.4390   0.5510   0.6860   0.8190   0.9660 -10000000000.0000 -10000000000.0000 -10000000000.0000 -10000000000.0000 -10000000000.0000 -10000000000.0000 -10000000000.0000 -10000000000.0000 -10000000000.0000;
135:  0.0100   0.0280   0.0490   0.0770   0.1150   0.1630   0.2260   0.2990   0.3640   0.4390   0.5510   0.6860   0.8180   0.9650 -10000000000.0000 -10000000000.0000 -10000000000.0000 -10000000000.0000 -10000000000.0000 -10000000000.0000 -10000000000.0000 -10000000000.0000 -10000000000.0000;
136:  0.0100   0.0280   0.0490   0.0770   0.1160   0.1630   0.2260   0.2990   0.3650   0.4390   0.5500   0.6850   0.8170   0.9650 -10000000000.0000 -10000000000.0000 -10000000000.0000 -10000000000.0000 -10000000000.0000 -10000000000.0000 -10000000000.0000 -10000000000.0000 -10000000000.0000;
137:  0.0100   0.0280   0.0490   0.0770   0.1160   0.1630   0.2260   0.2990   0.3650   0.4400   0.5500   0.6850   0.8170   0.9650 -10000000000.0000 -10000000000.0000 -10000000000.0000 -10000000000.0000 -10000000000.0000 -10000000000.0000 -10000000000.0000 -10000000000.0000 -10000000000.0000;
138:  0.0100   0.0280   0.0490   0.0770   0.1160   0.1630   0.2260   0.3000   0.3650   0.4400   0.5500   0.6840   0.8160   0.9640 -10000000000.0000 -10000000000.0000 -10000000000.0000 -10000000000.0000 -10000000000.0000 -10000000000.0000 -10000000000.0000 -10000000000.0000 -10000000000.0000;
139:  0.0100   0.0280   0.0490   0.0770   0.1160   0.1630   0.2270   0.3000   0.3660   0.4400   0.5500   0.6840   0.8150   0.9640   1.1220 -10000000000.0000 -10000000000.0000 -10000000000.0000 -10000000000.0000 -10000000000.0000 -10000000000.0000 -10000000000.0000 -10000000000.0000;
140:  0.0100   0.0280   0.0490   0.0770   0.1160   0.1640   0.2270   0.3000   0.3660   0.4400   0.5500   0.6830   0.8150   0.9630   1.1230 -10000000000.0000 -10000000000.0000 -10000000000.0000 -10000000000.0000 -10000000000.0000 -10000000000.0000 -10000000000.0000 -10000000000.0000;
141:  0.0100   0.0280   0.0490   0.0770   0.1160   0.1640   0.2270   0.3010   0.3670   0.4410   0.5500   0.6830   0.8140   0.9630   1.1240 -10000000000.0000 -10000000000.0000 -10000000000.0000 -10000000000.0000 -10000000000.0000 -10000000000.0000 -10000000000.0000 -10000000000.0000;
142:  0.0100   0.0280   0.0490   0.0770   0.1160   0.1640   0.2270   0.3010   0.3670   0.4410   0.5500   0.6830   0.8130   0.9630   1.1250 -10000000000.0000 -10000000000.0000 -10000000000.0000 -10000000000.0000 -10000000000.0000 -10000000000.0000 -10000000000.0000 -10000000000.0000;
143:  0.0100   0.0280   0.0490   0.0770   0.1160   0.1640   0.2270   0.3010   0.3680   0.4420   0.5510   0.6830   0.8130   0.9620   1.1260 -10000000000.0000 -10000000000.0000 -10000000000.0000 -10000000000.0000 -10000000000.0000 -10000000000.0000 -10000000000.0000 -10000000000.0000;
144:  0.0100   0.0280   0.0490   0.0770   0.1170   0.1640   0.2280   0.3010   0.3680   0.4420   0.5510   0.6830   0.8120   0.9620   1.1270 -10000000000.0000 -10000000000.0000 -10000000000.0000 -10000000000.0000 -10000000000.0000 -10000000000.0000 -10000000000.0000 -10000000000.0000;
145:  0.0100   0.0280   0.0490   0.0770   0.1170   0.1640   0.2280   0.3020   0.3680   0.4430   0.5510   0.6820   0.8120   0.9620   1.1280   1.2670 -10000000000.0000 -10000000000.0000 -10000000000.0000 -10000000000.0000 -10000000000.0000 -10000000000.0000 -10000000000.0000;
146:  0.0100   0.0280   0.0490   0.0770   0.1170   0.1650   0.2280   0.3020   0.3690   0.4430   0.5510   0.6820   0.8110   0.9610   1.1280   1.2700 -10000000000.0000 -10000000000.0000 -10000000000.0000 -10000000000.0000 -10000000000.0000 -10000000000.0000 -10000000000.0000;
147:  0.0100   0.0280   0.0500   0.0780   0.1170   0.1650   0.2280   0.3020   0.3690   0.4440   0.5510   0.6820   0.8110   0.9610   1.1300   1.2730 -10000000000.0000 -10000000000.0000 -10000000000.0000 -10000000000.0000 -10000000000.0000 -10000000000.0000 -10000000000.0000;
148:  0.0100   0.0280   0.0500   0.0780   0.1170   0.1650   0.2280   0.3030   0.3690   0.4440   0.5520   0.6820   0.8110   0.9610   1.1300   1.2750 -10000000000.0000 -10000000000.0000 -10000000000.0000 -10000000000.0000 -10000000000.0000 -10000000000.0000 -10000000000.0000;
149:  0.0100   0.0280   0.0500   0.0780   0.1170   0.1650   0.2280   0.3030   0.3700   0.4440   0.5520   0.6820   0.8110   0.9610   1.1310   1.2780 -10000000000.0000 -10000000000.0000 -10000000000.0000 -10000000000.0000 -10000000000.0000 -10000000000.0000 -10000000000.0000;
150:  0.0100   0.0280   0.0500   0.0780   0.1170   0.1650   0.2280   0.3030   0.3700   0.4450   0.5530   0.6820   0.8100   0.9600   1.1310   1.2800 -10000000000.0000 -10000000000.0000 -10000000000.0000 -10000000000.0000 -10000000000.0000 -10000000000.0000 -10000000000.0000;
151:  0.0100   0.0280   0.0500   0.0780   0.1170   0.1650   0.2280   0.3030   0.3710   0.4450   0.5530   0.6820   0.8100   0.9610   1.1320   1.2840 -10000000000.0000 -10000000000.0000 -10000000000.0000 -10000000000.0000 -10000000000.0000 -10000000000.0000 -10000000000.0000;
152:  0.0100   0.0280   0.0500   0.0780   0.1180   0.1650   0.2290   0.3040   0.3710   0.4450   0.5530   0.6830   0.8100   0.9610   1.1330   1.2870 -10000000000.0000 -10000000000.0000 -10000000000.0000 -10000000000.0000 -10000000000.0000 -10000000000.0000 -10000000000.0000;
153:  0.0100   0.0280   0.0500   0.0780   0.1180   0.1650   0.2290   0.3040   0.3710   0.4460   0.5540   0.6830   0.8100   0.9610   1.1340   1.2900 -10000000000.0000 -10000000000.0000 -10000000000.0000 -10000000000.0000 -10000000000.0000 -10000000000.0000 -10000000000.0000;
154:  0.0100   0.0290   0.0500   0.0780   0.1180   0.1650   0.2290   0.3040   0.3720   0.4460   0.5540   0.6830   0.8100   0.9610   1.1350   1.2930 -10000000000.0000 -10000000000.0000 -10000000000.0000 -10000000000.0000 -10000000000.0000 -10000000000.0000 -10000000000.0000;
155:  0.0100   0.0290   0.0500   0.0780   0.1180   0.1650   0.2290   0.3050   0.3720   0.4470   0.5550   0.6830   0.8100   0.9610   1.1350   1.2960 -10000000000.0000 -10000000000.0000 -10000000000.0000 -10000000000.0000 -10000000000.0000 -10000000000.0000 -10000000000.0000;
156:  0.0110   0.0290   0.0500   0.0780   0.1180   0.1650   0.2290   0.3050   0.3730   0.4470   0.5550   0.6840   0.8100   0.9620   1.1360   1.2990 -10000000000.0000 -10000000000.0000 -10000000000.0000 -10000000000.0000 -10000000000.0000 -10000000000.0000 -10000000000.0000;
157:  0.0110   0.0290   0.0500   0.0780   0.1180   0.1650   0.2300   0.3050   0.3730   0.4470   0.5560   0.6840   0.8110   0.9620   1.1370   1.3020 -10000000000.0000 -10000000000.0000 -10000000000.0000 -10000000000.0000 -10000000000.0000 -10000000000.0000 -10000000000.0000;
158:  0.0110   0.0290   0.0500   0.0780   0.1180   0.1650   0.2300   0.3050   0.3730   0.4480   0.5560   0.6840   0.8110   0.9620   1.1370   1.3050 -10000000000.0000 -10000000000.0000 -10000000000.0000 -10000000000.0000 -10000000000.0000 -10000000000.0000 -10000000000.0000;
159:  0.0110   0.0290   0.0500   0.0780   0.1180   0.1660   0.2300   0.3060   0.3730   0.4480   0.5570   0.6850   0.8110   0.9630   1.1380   1.3080 -10000000000.0000 -10000000000.0000 -10000000000.0000 -10000000000.0000 -10000000000.0000 -10000000000.0000 -10000000000.0000;
160:  0.0110   0.0290   0.0500   0.0790   0.1180   0.1660   0.2300   0.3060   0.3740   0.4490   0.5570   0.6850   0.8120   0.9630   1.1380   1.3110 -10000000000.0000 -10000000000.0000 -10000000000.0000 -10000000000.0000 -10000000000.0000 -10000000000.0000 -10000000000.0000;
161:  0.0110   0.0290   0.0500   0.0790   0.1180   0.1660   0.2300   0.3060   0.3740   0.4490   0.5570   0.6860   0.8120   0.9630   1.1390   1.3140 -10000000000.0000 -10000000000.0000 -10000000000.0000 -10000000000.0000 -10000000000.0000 -10000000000.0000 -10000000000.0000;
162:  0.0110   0.0290   0.0500   0.0790   0.1180   0.1660   0.2300   0.3070   0.3740   0.4490   0.5580   0.6860   0.8130   0.9640   1.1390   1.3160 -10000000000.0000 -10000000000.0000 -10000000000.0000 -10000000000.0000 -10000000000.0000 -10000000000.0000 -10000000000.0000;
163:  0.0110   0.0290   0.0500   0.0790   0.1180   0.1660   0.2310   0.3070   0.3740   0.4490   0.5580   0.6870   0.8130   0.9650   1.1400   1.3190 -10000000000.0000 -10000000000.0000 -10000000000.0000 -10000000000.0000 -10000000000.0000 -10000000000.0000 -10000000000.0000;
164:  0.0110   0.0290   0.0500   0.0790   0.1180   0.1660   0.2310   0.3070   0.3740   0.4500   0.5590   0.6870   0.8140   0.9650   1.1400   1.3220 -10000000000.0000 -10000000000.0000 -10000000000.0000 -10000000000.0000 -10000000000.0000 -10000000000.0000 -10000000000.0000;
165:  0.0110   0.0290   0.0500   0.0790   0.1180   0.1660   0.2310   0.3070   0.3750   0.4500   0.5590   0.6870   0.8140   0.9660   1.1410   1.3240 -10000000000.0000 -10000000000.0000 -10000000000.0000 -10000000000.0000 -10000000000.0000 -10000000000.0000 -10000000000.0000;
166:  0.0110   0.0290   0.0500   0.0790   0.1180   0.1660   0.2310   0.3070   0.3750   0.4500   0.5600   0.6880   0.8140   0.9660   1.1410   1.3260 -10000000000.0000 -10000000000.0000 -10000000000.0000 -10000000000.0000 -10000000000.0000 -10000000000.0000 -10000000000.0000;
167:  0.0110   0.0290   0.0500   0.0790   0.1180   0.1660   0.2310   0.3080   0.3750   0.4500   0.5600   0.6890   0.8150   0.9660   1.1400   1.3280 -10000000000.0000 -10000000000.0000 -10000000000.0000 -10000000000.0000 -10000000000.0000 -10000000000.0000 -10000000000.0000;
168:  0.0110   0.0290   0.0500   0.0790   0.1180   0.1660   0.2310   0.3080   0.3750   0.4500   0.5600   0.6890   0.8160   0.9670   1.1410   1.3300 -10000000000.0000 -10000000000.0000 -10000000000.0000 -10000000000.0000 -10000000000.0000 -10000000000.0000 -10000000000.0000;
169:  0.0110   0.0290   0.0500   0.0790   0.1180   0.1660   0.2310   0.3080   0.3750   0.4500   0.5600   0.6900   0.8160   0.9670   1.1410   1.3320 -10000000000.0000 -10000000000.0000 -10000000000.0000 -10000000000.0000 -10000000000.0000 -10000000000.0000 -10000000000.0000;
170:  0.0110   0.0290   0.0500   0.0790   0.1180   0.1660   0.2320   0.3080   0.3750   0.4500   0.5610   0.6900   0.8160   0.9680   1.1410   1.3330 -10000000000.0000 -10000000000.0000 -10000000000.0000 -10000000000.0000 -10000000000.0000 -10000000000.0000 -10000000000.0000;
171:  0.0110   0.0290   0.0500   0.0790   0.1180   0.1660   0.2320   0.3080   0.3750   0.4500   0.5610   0.6900   0.8170   0.9680   1.1410   1.3340   1.5350 -10000000000.0000 -10000000000.0000 -10000000000.0000 -10000000000.0000 -10000000000.0000 -10000000000.0000;
172:  0.0110   0.0290   0.0500   0.0790   0.1180   0.1660   0.2320   0.3080   0.3760   0.4510   0.5610   0.6910   0.8170   0.9680   1.1400   1.3360   1.5380 -10000000000.0000 -10000000000.0000 -10000000000.0000 -10000000000.0000 -10000000000.0000 -10000000000.0000;
173:  0.0110   0.0290   0.0500   0.0790   0.1180   0.1660   0.2320   0.3080   0.3760   0.4510   0.5610   0.6910   0.8180   0.9680   1.1400   1.3370   1.5410 -10000000000.0000 -10000000000.0000 -10000000000.0000 -10000000000.0000 -10000000000.0000 -10000000000.0000;
174:  0.0110   0.0290   0.0510   0.0790   0.1180   0.1660   0.2320   0.3080   0.3760   0.4500   0.5610   0.6910   0.8170   0.9690   1.1400   1.3370   1.5440 -10000000000.0000 -10000000000.0000 -10000000000.0000 -10000000000.0000 -10000000000.0000 -10000000000.0000;
175:  0.0110   0.0290   0.0510   0.0790   0.1180   0.1660   0.2320   0.3080   0.3760   0.4500   0.5620   0.6920   0.8180   0.9680   1.1400   1.3380   1.5460 -10000000000.0000 -10000000000.0000 -10000000000.0000 -10000000000.0000 -10000000000.0000 -10000000000.0000;
176:  0.0110   0.0290   0.0510   0.0790   0.1180   0.1660   0.2320   0.3080   0.3760   0.4500   0.5620   0.6920   0.8180   0.9680   1.1390   1.3390   1.5490 -10000000000.0000 -10000000000.0000 -10000000000.0000 -10000000000.0000 -10000000000.0000 -10000000000.0000;
177:  0.0110   0.0290   0.0510   0.0790   0.1180   0.1660   0.2320   0.3080   0.3760   0.4500   0.5620   0.6930   0.8180   0.9680   1.1380   1.3390   1.5510 -10000000000.0000 -10000000000.0000 -10000000000.0000 -10000000000.0000 -10000000000.0000 -10000000000.0000;
178:  0.0110   0.0290   0.0510   0.0790   0.1180   0.1660   0.2320   0.3080   0.3760   0.4500   0.5620   0.6930   0.8180   0.9680   1.1380   1.3390   1.5520 -10000000000.0000 -10000000000.0000 -10000000000.0000 -10000000000.0000 -10000000000.0000 -10000000000.0000;
179:  0.0110   0.0290   0.0500   0.0790   0.1180   0.1660   0.2320   0.3080   0.3750   0.4500   0.5620   0.6930   0.8180   0.9670   1.1370   1.3380   1.5540 -10000000000.0000 -10000000000.0000 -10000000000.0000 -10000000000.0000 -10000000000.0000 -10000000000.0000;
180:  0.0110   0.0290   0.0500   0.0790   0.1180   0.1660   0.2320   0.3080   0.3750   0.4500   0.5620   0.6930   0.8180   0.9670   1.1360   1.3380   1.5560 -10000000000.0000 -10000000000.0000 -10000000000.0000 -10000000000.0000 -10000000000.0000 -10000000000.0000;
181:  0.0110   0.0290   0.0500   0.0790   0.1180   0.1660   0.2320   0.3080   0.3750   0.4500   0.5620   0.6930   0.8170   0.9660   1.1360   1.3380   1.5570 -10000000000.0000 -10000000000.0000 -10000000000.0000 -10000000000.0000 -10000000000.0000 -10000000000.0000;
182:  0.0110   0.0290   0.0500   0.0790   0.1180   0.1660   0.2310   0.3080   0.3750   0.4500   0.5620   0.6930   0.8170   0.9650   1.1350   1.3370   1.5580 -10000000000.0000 -10000000000.0000 -10000000000.0000 -10000000000.0000 -10000000000.0000 -10000000000.0000;
183:  0.0110   0.0290   0.0500   0.0790   0.1180   0.1660   0.2310   0.3080   0.3750   0.4500   0.5620   0.6930   0.8160   0.9650   1.1340   1.3360   1.5570 -10000000000.0000 -10000000000.0000 -10000000000.0000 -10000000000.0000 -10000000000.0000 -10000000000.0000;
184:  0.0110   0.0290   0.0500   0.0790   0.1180   0.1660   0.2310   0.3070   0.3750   0.4500   0.5620   0.6930   0.8160   0.9640   1.1320   1.3350   1.5580 -10000000000.0000 -10000000000.0000 -10000000000.0000 -10000000000.0000 -10000000000.0000 -10000000000.0000;
185:  0.0110   0.0290   0.0500   0.0790   0.1180   0.1660   0.2310   0.3070   0.3750   0.4500   0.5620   0.6930   0.8150   0.9630   1.1320   1.3340 -10000000000.0000 -10000000000.0000 -10000000000.0000 -10000000000.0000 -10000000000.0000 -10000000000.0000 -10000000000.0000;
186:  0.0110   0.0290   0.0500   0.0790   0.1180   0.1660   0.2310   0.3070   0.3750   0.4490   0.5620   0.6930   0.8150   0.9620   1.1310   1.3330 -10000000000.0000 -10000000000.0000 -10000000000.0000 -10000000000.0000 -10000000000.0000 -10000000000.0000 -10000000000.0000;
187:  0.0110   0.0290   0.0500   0.0790   0.1180   0.1650   0.2310   0.3070   0.3750   0.4490   0.5620   0.6930   0.8140   0.9610   1.1300   1.3320 -10000000000.0000 -10000000000.0000 -10000000000.0000 -10000000000.0000 -10000000000.0000 -10000000000.0000 -10000000000.0000;
188:  0.0110   0.0290   0.0500   0.0790   0.1180   0.1650   0.2310   0.3060   0.3740   0.4490   0.5620   0.6930   0.8130   0.9600   1.1290   1.3300 -10000000000.0000 -10000000000.0000 -10000000000.0000 -10000000000.0000 -10000000000.0000 -10000000000.0000 -10000000000.0000;
189:  0.0110   0.0290   0.0500   0.0790   0.1180   0.1650   0.2300   0.3060   0.3740   0.4490   0.5620   0.6920   0.8130   0.9590   1.1270   1.3280 -10000000000.0000 -10000000000.0000 -10000000000.0000 -10000000000.0000 -10000000000.0000 -10000000000.0000 -10000000000.0000;
190:  0.0110   0.0290   0.0500   0.0790   0.1180   0.1650   0.2300   0.3060   0.3740   0.4480   0.5620   0.6920   0.8120   0.9570   1.1260   1.3260 -10000000000.0000 -10000000000.0000 -10000000000.0000 -10000000000.0000 -10000000000.0000 -10000000000.0000 -10000000000.0000;
191:  0.0110   0.0290   0.0500   0.0790   0.1180   0.1650   0.2300   0.3060   0.3730   0.4480   0.5610   0.6920   0.8110   0.9560   1.1250   1.3240 -10000000000.0000 -10000000000.0000 -10000000000.0000 -10000000000.0000 -10000000000.0000 -10000000000.0000 -10000000000.0000;
192:  0.0110   0.0290   0.0500   0.0790   0.1180   0.1650   0.2290   0.3050   0.3730   0.4480   0.5610   0.6920   0.8100   0.9550   1.1230   1.3220 -10000000000.0000 -10000000000.0000 -10000000000.0000 -10000000000.0000 -10000000000.0000 -10000000000.0000 -10000000000.0000;
193:  0.0110   0.0290   0.0500   0.0790   0.1180   0.1650   0.2290   0.3050   0.3730   0.4470   0.5610   0.6920   0.8090   0.9540   1.1220   1.3200 -10000000000.0000 -10000000000.0000 -10000000000.0000 -10000000000.0000 -10000000000.0000 -10000000000.0000 -10000000000.0000;
194:  0.0100   0.0290   0.0500   0.0790   0.1170   0.1650   0.2290   0.3050   0.3720   0.4470   0.5610   0.6910   0.8080   0.9520   1.1200   1.3170 -10000000000.0000 -10000000000.0000 -10000000000.0000 -10000000000.0000 -10000000000.0000 -10000000000.0000 -10000000000.0000;
195:  0.0100   0.0290   0.0500   0.0790   0.1170   0.1650   0.2290   0.3040   0.3720   0.4470   0.5610   0.6910   0.8070   0.9510   1.1190   1.3140 -10000000000.0000 -10000000000.0000 -10000000000.0000 -10000000000.0000 -10000000000.0000 -10000000000.0000 -10000000000.0000;
196:  0.0100   0.0290   0.0500   0.0780   0.1170   0.1640   0.2290   0.3040   0.3720   0.4460   0.5600   0.6900   0.8060   0.9500   1.1170   1.3120 -10000000000.0000 -10000000000.0000 -10000000000.0000 -10000000000.0000 -10000000000.0000 -10000000000.0000 -10000000000.0000;
197:  0.0100   0.0290   0.0500   0.0780   0.1170   0.1640   0.2280   0.3040   0.3710   0.4460   0.5600   0.6900   0.8050   0.9480   1.1160   1.3090 -10000000000.0000 -10000000000.0000 -10000000000.0000 -10000000000.0000 -10000000000.0000 -10000000000.0000 -10000000000.0000;
198:  0.0100   0.0290   0.0500   0.0780   0.1170   0.1640   0.2280   0.3030   0.3710   0.4460   0.5590   0.6890   0.8040   0.9470   1.1140   1.3060 -10000000000.0000 -10000000000.0000 -10000000000.0000 -10000000000.0000 -10000000000.0000 -10000000000.0000 -10000000000.0000;
199:  0.0100   0.0290   0.0500   0.0780   0.1170   0.1640   0.2280   0.3030   0.3710   0.4450   0.5590   0.6880   0.8030   0.9460   1.1130   1.3030 -10000000000.0000 -10000000000.0000 -10000000000.0000 -10000000000.0000 -10000000000.0000 -10000000000.0000 -10000000000.0000;
200:  0.0100   0.0290   0.0500   0.0780   0.1170   0.1640   0.2270   0.3030   0.3700   0.4450   0.5580   0.6880   0.8020   0.9440   1.1110   1.2990 -10000000000.0000 -10000000000.0000 -10000000000.0000 -10000000000.0000 -10000000000.0000 -10000000000.0000 -10000000000.0000;
201:  0.0100   0.0290   0.0500   0.0780   0.1170   0.1640   0.2270   0.3020   0.3700   0.4440   0.5570   0.6870   0.8010   0.9430   1.1090   1.2960 -10000000000.0000 -10000000000.0000 -10000000000.0000 -10000000000.0000 -10000000000.0000 -10000000000.0000 -10000000000.0000;
202:  0.0100   0.0290   0.0500   0.0780   0.1170   0.1640   0.2270   0.3020   0.3700   0.4440   0.5570   0.6860   0.7990   0.9410   1.1070   1.2930 -10000000000.0000 -10000000000.0000 -10000000000.0000 -10000000000.0000 -10000000000.0000 -10000000000.0000 -10000000000.0000;
203:  0.0100   0.0290   0.0500   0.0780   0.1170   0.1630   0.2270   0.3020   0.3690   0.4430   0.5560   0.6850   0.7980   0.9400   1.1060   1.2890 -10000000000.0000 -10000000000.0000 -10000000000.0000 -10000000000.0000 -10000000000.0000 -10000000000.0000 -10000000000.0000;
204:  0.0100   0.0280   0.0500   0.0780   0.1170   0.1630   0.2270   0.3010   0.3690   0.4430   0.5560   0.6840   0.7970   0.9390   1.1040   1.2850 -10000000000.0000 -10000000000.0000 -10000000000.0000 -10000000000.0000 -10000000000.0000 -10000000000.0000 -10000000000.0000;
205:  0.0100   0.0280   0.0500   0.0780   0.1170   0.1630   0.2260   0.3010   0.3680   0.4420   0.5550   0.6830   0.7960   0.9380   1.1020   1.2810 -10000000000.0000 -10000000000.0000 -10000000000.0000 -10000000000.0000 -10000000000.0000 -10000000000.0000 -10000000000.0000;
206:  0.0100   0.0280   0.0500   0.0780   0.1170   0.1630   0.2260   0.3010   0.3680   0.4420   0.5540   0.6820   0.7950   0.9360   1.1000   1.2770 -10000000000.0000 -10000000000.0000 -10000000000.0000 -10000000000.0000 -10000000000.0000 -10000000000.0000 -10000000000.0000;
207:  0.0100   0.0280   0.0500   0.0780   0.1160   0.1630   0.2260   0.3000   0.3670   0.4410   0.5530   0.6810   0.7940   0.9350   1.0990   1.2730 -10000000000.0000 -10000000000.0000 -10000000000.0000 -10000000000.0000 -10000000000.0000 -10000000000.0000 -10000000000.0000;
208:  0.0100   0.0280   0.0500   0.0780   0.1160   0.1630   0.2260   0.3000   0.3670   0.4410   0.5520   0.6800   0.7930   0.9330   1.0960   1.2680 -10000000000.0000 -10000000000.0000 -10000000000.0000 -10000000000.0000 -10000000000.0000 -10000000000.0000 -10000000000.0000;
209:  0.0100   0.0280   0.0500   0.0780   0.1160   0.1630   0.2260   0.3000   0.3660   0.4400   0.5520   0.6780   0.7920   0.9320   1.0940   1.2640 -10000000000.0000 -10000000000.0000 -10000000000.0000 -10000000000.0000 -10000000000.0000 -10000000000.0000 -10000000000.0000;
210:  0.0100   0.0280   0.0500   0.0780   0.1160   0.1630   0.2250   0.3000   0.3660   0.4400   0.5510   0.6770   0.7910   0.9310   1.0920   1.2590 -10000000000.0000 -10000000000.0000 -10000000000.0000 -10000000000.0000 -10000000000.0000 -10000000000.0000 -10000000000.0000;
211:  0.0100   0.0280   0.0500   0.0780   0.1160   0.1620   0.2250   0.2990   0.3660   0.4390   0.5500   0.6760   0.7890   0.9300   1.0900   1.2550 -10000000000.0000 -10000000000.0000 -10000000000.0000 -10000000000.0000 -10000000000.0000 -10000000000.0000 -10000000000.0000;
212:  0.0100   0.0280   0.0500   0.0780   0.1160   0.1620   0.2250   0.2990   0.3650   0.4390   0.5490   0.6750   0.7880   0.9280   1.0880   1.2500 -10000000000.0000 -10000000000.0000 -10000000000.0000 -10000000000.0000 -10000000000.0000 -10000000000.0000 -10000000000.0000;
213:  0.0100   0.0280   0.0500   0.0770   0.1160   0.1620   0.2250   0.2990   0.3650   0.4380   0.5480   0.6730   0.7870   0.9270   1.0850   1.2450 -10000000000.0000 -10000000000.0000 -10000000000.0000 -10000000000.0000 -10000000000.0000 -10000000000.0000 -10000000000.0000;
214:  0.0100   0.0280   0.0500   0.0770   0.1160   0.1620   0.2250   0.2980   0.3640   0.4380   0.5470   0.6720   0.7860   0.9260   1.0830   1.2400 -10000000000.0000 -10000000000.0000 -10000000000.0000 -10000000000.0000 -10000000000.0000 -10000000000.0000 -10000000000.0000;
215:  0.0100   0.0280   0.0490   0.0770   0.1160   0.1620   0.2250   0.2980   0.3640   0.4370   0.5460   0.6710   0.7850   0.9240   1.0810   1.2350 -10000000000.0000 -10000000000.0000 -10000000000.0000 -10000000000.0000 -10000000000.0000 -10000000000.0000 -10000000000.0000;
216:  0.0100   0.0280   0.0490   0.0770   0.1160   0.1620   0.2250   0.2980   0.3640   0.4370   0.5450   0.6690   0.7840   0.9230   1.0780   1.2300 -10000000000.0000 -10000000000.0000 -10000000000.0000 -10000000000.0000 -10000000000.0000 -10000000000.0000 -10000000000.0000;
217:  0.0100   0.0280   0.0490   0.0770   0.1150   0.1620   0.2240   0.2980   0.3630   0.4360   0.5440   0.6680   0.7830   0.9220   1.0760   1.2250 -10000000000.0000 -10000000000.0000 -10000000000.0000 -10000000000.0000 -10000000000.0000 -10000000000.0000 -10000000000.0000;
218:  0.0100   0.0280   0.0490   0.0770   0.1150   0.1620   0.2240   0.2970   0.3630   0.4360   0.5430   0.6660   0.7810   0.9200   1.0730   1.2200 -10000000000.0000 -10000000000.0000 -10000000000.0000 -10000000000.0000 -10000000000.0000 -10000000000.0000 -10000000000.0000;
219:  0.0100   0.0280   0.0490   0.0770   0.1150   0.1610   0.2240   0.2970   0.3630   0.4350   0.5420   0.6650   0.7800   0.9190   1.0710   1.2150 -10000000000.0000 -10000000000.0000 -10000000000.0000 -10000000000.0000 -10000000000.0000 -10000000000.0000 -10000000000.0000;
220:  0.0100   0.0280   0.0490   0.0770   0.1150   0.1610   0.2240   0.2970   0.3620   0.4350   0.5410   0.6630   0.7790   0.9170   1.0680   1.2100 -10000000000.0000 -10000000000.0000 -10000000000.0000 -10000000000.0000 -10000000000.0000 -10000000000.0000 -10000000000.0000;
221:  0.0100   0.0280   0.0490   0.0770   0.1150   0.1610   0.2240   0.2970   0.3620   0.4350   0.5400   0.6620   0.7780   0.9150   1.0660   1.2060 -10000000000.0000 -10000000000.0000 -10000000000.0000 -10000000000.0000 -10000000000.0000 -10000000000.0000 -10000000000.0000;
222:  0.0100   0.0280   0.0490   0.0770   0.1150   0.1610   0.2230   0.2960   0.3610   0.4340   0.5390   0.6600   0.7770   0.9140   1.0630   1.2020 -10000000000.0000 -10000000000.0000 -10000000000.0000 -10000000000.0000 -10000000000.0000 -10000000000.0000 -10000000000.0000;
223:  0.0100   0.0280   0.0490   0.0770   0.1150   0.1610   0.2230   0.2960   0.3610   0.4340   0.5380   0.6590   0.7750   0.9120   1.0600   1.1970 -10000000000.0000 -10000000000.0000 -10000000000.0000 -10000000000.0000 -10000000000.0000 -10000000000.0000 -10000000000.0000;
224:  0.0100   0.0280   0.0490   0.0770   0.1150   0.1610   0.2230   0.2960   0.3610   0.4330   0.5370   0.6580   0.7750   0.9110   1.0580   1.1930 -10000000000.0000 -10000000000.0000 -10000000000.0000 -10000000000.0000 -10000000000.0000 -10000000000.0000 -10000000000.0000;
225:  0.0100   0.0280   0.0490   0.0770   0.1150   0.1600   0.2230   0.2960   0.3600   0.4330   0.5370   0.6560   0.7730   0.9090   1.0550   1.1890 -10000000000.0000 -10000000000.0000 -10000000000.0000 -10000000000.0000 -10000000000.0000 -10000000000.0000 -10000000000.0000;
226:  0.0100   0.0280   0.0490   0.0760   0.1140   0.1600   0.2230   0.2950   0.3600   0.4330   0.5360   0.6550   0.7720   0.9080   1.0520   1.1850 -10000000000.0000 -10000000000.0000 -10000000000.0000 -10000000000.0000 -10000000000.0000 -10000000000.0000 -10000000000.0000;
227:  0.0100   0.0280   0.0490   0.0760   0.1140   0.1600   0.2230   0.2950   0.3590   0.4320   0.5350   0.6540   0.7710   0.9060   1.0500   1.1810 -10000000000.0000 -10000000000.0000 -10000000000.0000 -10000000000.0000 -10000000000.0000 -10000000000.0000 -10000000000.0000;
228:  0.0100   0.0280   0.0490   0.0760   0.1140   0.1600   0.2220   0.2940   0.3590   0.4320   0.5340   0.6530   0.7700   0.9040   1.0470   1.1770 -10000000000.0000 -10000000000.0000 -10000000000.0000 -10000000000.0000 -10000000000.0000 -10000000000.0000 -10000000000.0000;
229:  0.0100   0.0280   0.0490   0.0760   0.1140   0.1600   0.2220   0.2940   0.3580   0.4310   0.5340   0.6510   0.7690   0.9030   1.0440   1.1740 -10000000000.0000 -10000000000.0000 -10000000000.0000 -10000000000.0000 -10000000000.0000 -10000000000.0000 -10000000000.0000;
230:  0.0100   0.0280   0.0490   0.0760   0.1140   0.1600   0.2220   0.2940   0.3580   0.4310   0.5330   0.6500   0.7680   0.9010   1.0420   1.1710 -10000000000.0000 -10000000000.0000 -10000000000.0000 -10000000000.0000 -10000000000.0000 -10000000000.0000 -10000000000.0000;
231:  0.0100   0.0280   0.0490   0.0760   0.1140   0.1600   0.2210   0.2930   0.3580   0.4300   0.5330   0.6490   0.7670   0.8990   1.0400   1.1680 -10000000000.0000 -10000000000.0000 -10000000000.0000 -10000000000.0000 -10000000000.0000 -10000000000.0000 -10000000000.0000;
232:  0.0100   0.0280   0.0490   0.0760   0.1140   0.1590   0.2210   0.2930   0.3570   0.4300   0.5320   0.6480   0.7660   0.8980   1.0370   1.1650 -10000000000.0000 -10000000000.0000 -10000000000.0000 -10000000000.0000 -10000000000.0000 -10000000000.0000 -10000000000.0000;
233:  0.0100   0.0280   0.0490   0.0760   0.1140   0.1590   0.2210   0.2930   0.3570   0.4300   0.5320   0.6480   0.7650   0.8960   1.0350   1.1630 -10000000000.0000 -10000000000.0000 -10000000000.0000 -10000000000.0000 -10000000000.0000 -10000000000.0000 -10000000000.0000;
234:  0.0100   0.0280   0.0490   0.0760   0.1140   0.1590   0.2210   0.2920   0.3570   0.4290   0.5310   0.6460   0.7630   0.8940   1.0320   1.1610 -10000000000.0000 -10000000000.0000 -10000000000.0000 -10000000000.0000 -10000000000.0000 -10000000000.0000 -10000000000.0000;
235:  0.0100   0.0280   0.0490   0.0760   0.1130   0.1590   0.2200   0.2920   0.3560   0.4290   0.5310   0.6460   0.7630   0.8920   1.0300   1.1590 -10000000000.0000 -10000000000.0000 -10000000000.0000 -10000000000.0000 -10000000000.0000 -10000000000.0000 -10000000000.0000;
236:  0.0100   0.0280   0.0490   0.0760   0.1130   0.1590   0.2200   0.2920   0.3560   0.4290   0.5300   0.6460   0.7620   0.8910   1.0270   1.1570 -10000000000.0000 -10000000000.0000 -10000000000.0000 -10000000000.0000 -10000000000.0000 -10000000000.0000 -10000000000.0000;
237:  0.0100   0.0280   0.0490   0.0760   0.1130   0.1590   0.2200   0.2910   0.3560   0.4280   0.5300   0.6450   0.7600   0.8890   1.0250   1.1560 -10000000000.0000 -10000000000.0000 -10000000000.0000 -10000000000.0000 -10000000000.0000 -10000000000.0000 -10000000000.0000;
238:  0.0100   0.0280   0.0480   0.0760   0.1130   0.1590   0.2200   0.2910   0.3550   0.4280   0.5290   0.6440   0.7600   0.8870   1.0230   1.1540 -10000000000.0000 -10000000000.0000 -10000000000.0000 -10000000000.0000 -10000000000.0000 -10000000000.0000 -10000000000.0000;
239:  0.0100   0.0270   0.0480   0.0760   0.1130   0.1590   0.2200   0.2910   0.3550   0.4270   0.5290   0.6440   0.7580   0.8850   1.0210   1.1530 -10000000000.0000 -10000000000.0000 -10000000000.0000 -10000000000.0000 -10000000000.0000 -10000000000.0000 -10000000000.0000;
240:  0.0100   0.0270   0.0480   0.0760   0.1130   0.1580   0.2190   0.2900   0.3540   0.4270   0.5290   0.6430   0.7580   0.8840   1.0190   1.1530 -10000000000.0000 -10000000000.0000 -10000000000.0000 -10000000000.0000 -10000000000.0000 -10000000000.0000 -10000000000.0000;
241:  0.0100   0.0270   0.0480   0.0760   0.1130   0.1580   0.2190   0.2900   0.3540   0.4270   0.5280   0.6430   0.7570   0.8820   1.0180   1.1520 -10000000000.0000 -10000000000.0000 -10000000000.0000 -10000000000.0000 -10000000000.0000 -10000000000.0000 -10000000000.0000;
242:  0.0100   0.0270   0.0480   0.0760   0.1130   0.1580   0.2190   0.2900   0.3530   0.4260   0.5280   0.6430   0.7560   0.8810   1.0160   1.1520 -10000000000.0000 -10000000000.0000 -10000000000.0000 -10000000000.0000 -10000000000.0000 -10000000000.0000 -10000000000.0000;
243:  0.0100   0.0270   0.0480   0.0750   0.1130   0.1580   0.2190   0.2890   0.3530   0.4260   0.5280   0.6420   0.7550   0.8790   1.0140   1.1520   1.3400   1.5110 -10000000000.0000 -10000000000.0000 -10000000000.0000 -10000000000.0000 -10000000000.0000;
244:  0.0100   0.0270   0.0480   0.0750   0.1130   0.1580   0.2180   0.2890   0.3530   0.4250   0.5280   0.6420   0.7540   0.8780   1.0130   1.1520   1.3400   1.5090 -10000000000.0000 -10000000000.0000 -10000000000.0000 -10000000000.0000 -10000000000.0000;
245:  0.0100   0.0270   0.0480   0.0750   0.1130   0.1580   0.2180   0.2890   0.3520   0.4250   0.5280   0.6420   0.7530   0.8760   1.0120   1.1520   1.3390   1.5070 -10000000000.0000 -10000000000.0000 -10000000000.0000 -10000000000.0000 -10000000000.0000;
246:  0.0100   0.0270   0.0480   0.0750   0.1120   0.1570   0.2180   0.2880   0.3520   0.4250   0.5270   0.6420   0.7520   0.8740   1.0100   1.1520   1.3380   1.5050 -10000000000.0000 -10000000000.0000 -10000000000.0000 -10000000000.0000 -10000000000.0000;
247:  0.0100   0.0270   0.0480   0.0750   0.1120   0.1570   0.2180   0.2880   0.3520   0.4240   0.5270   0.6420   0.7510   0.8740   1.0090   1.1520   1.3370   1.5040 -10000000000.0000 -10000000000.0000 -10000000000.0000 -10000000000.0000 -10000000000.0000;
248:  0.0100   0.0270   0.0480   0.0750   0.1120   0.1570   0.2180   0.2880   0.3520   0.4240   0.5270   0.6420   0.7510   0.8720   1.0080   1.1530   1.3360   1.5020 -10000000000.0000 -10000000000.0000 -10000000000.0000 -10000000000.0000 -10000000000.0000;
249:  0.0100   0.0270   0.0480   0.0750   0.1120   0.1570   0.2180   0.2880   0.3510   0.4230   0.5260   0.6420   0.7500   0.8710   1.0070   1.1530   1.3360   1.5000 -10000000000.0000 -10000000000.0000 -10000000000.0000 -10000000000.0000 -10000000000.0000;
250:  0.0100   0.0270   0.0480   0.0750   0.1120   0.1570   0.2170   0.2880   0.3510   0.4230   0.5260   0.6420   0.7490   0.8700   1.0060   1.1540   1.3360   1.4990 -10000000000.0000 -10000000000.0000 -10000000000.0000 -10000000000.0000 -10000000000.0000;
251:  0.0100   0.0270   0.0480   0.0750   0.1120   0.1570   0.2170   0.2870   0.3500   0.4220   0.5260   0.6420   0.7490   0.8690   1.0060   1.1540   1.3360   1.4970 -10000000000.0000 -10000000000.0000 -10000000000.0000 -10000000000.0000 -10000000000.0000;
252:  0.0100   0.0270   0.0480   0.0750   0.1120   0.1570   0.2170   0.2870   0.3500   0.4220   0.5260   0.6420   0.7480   0.8670   1.0050   1.1550   1.3360   1.4960 -10000000000.0000 -10000000000.0000 -10000000000.0000 -10000000000.0000 -10000000000.0000;
253:  0.0100   0.0270   0.0480   0.0750   0.1120   0.1570   0.2170   0.2870   0.3500   0.4220   0.5260   0.6420   0.7470   0.8660   1.0040   1.1550   1.3350   1.4950 -10000000000.0000 -10000000000.0000 -10000000000.0000 -10000000000.0000 -10000000000.0000;
254:  0.0100   0.0270   0.0480   0.0750   0.1120   0.1570   0.2170   0.2870   0.3500   0.4210   0.5250   0.6420   0.7470   0.8650   1.0030   1.1560   1.3350   1.4940 -10000000000.0000 -10000000000.0000 -10000000000.0000 -10000000000.0000 -10000000000.0000;
255:  0.0100   0.0270   0.0480   0.0750   0.1120   0.1560   0.2170   0.2870   0.3500   0.4210   0.5260   0.6420   0.7460   0.8640   1.0030   1.1560   1.3350   1.4930 -10000000000.0000 -10000000000.0000 -10000000000.0000 -10000000000.0000 -10000000000.0000;
256:  0.0100   0.0270   0.0480   0.0750   0.1120   0.1560   0.2170   0.2860   0.3490   0.4210   0.5250   0.6420   0.7450   0.8640   1.0010   1.1560   1.3350   1.4920 -10000000000.0000 -10000000000.0000 -10000000000.0000 -10000000000.0000 -10000000000.0000;
257:  0.0100   0.0270   0.0480   0.0750   0.1120   0.1560   0.2170   0.2870   0.3490   0.4210   0.5250   0.6420   0.7450   0.8630   1.0010   1.1560   1.3340   1.4910 -10000000000.0000 -10000000000.0000 -10000000000.0000 -10000000000.0000 -10000000000.0000;
258:  0.0100   0.0270   0.0480   0.0750   0.1120   0.1560   0.2160   0.2860   0.3490   0.4210   0.5250   0.6420   0.7440   0.8620   1.0000   1.1570   1.3340   1.4910 -10000000000.0000 -10000000000.0000 -10000000000.0000 -10000000000.0000 -10000000000.0000;
259:  0.0100   0.0270   0.0480   0.0750   0.1120   0.1560   0.2170   0.2860   0.3490   0.4200   0.5250   0.6420   0.7440   0.8610   1.0000   1.1570   1.3340   1.4900 -10000000000.0000 -10000000000.0000 -10000000000.0000 -10000000000.0000 -10000000000.0000;
260:  0.0100   0.0270   0.0480   0.0750   0.1120   0.1560   0.2170   0.2860   0.3490   0.4200   0.5240   0.6420   0.7430   0.8600   0.9990   1.1570   1.3330   1.4890 -10000000000.0000 -10000000000.0000 -10000000000.0000 -10000000000.0000 -10000000000.0000;
261:  0.0100   0.0270   0.0480   0.0750   0.1120   0.1560   0.2160   0.2860   0.3490   0.4200   0.5250   0.6420   0.7430   0.8590   0.9980   1.1560   1.3330   1.4890 -10000000000.0000 -10000000000.0000 -10000000000.0000 -10000000000.0000 -10000000000.0000;
262:  0.0100   0.0270   0.0480   0.0750   0.1120   0.1560   0.2170   0.2860   0.3490   0.4190   0.5240   0.6420   0.7420   0.8590   0.9980   1.1560   1.3320   1.4880 -10000000000.0000 -10000000000.0000 -10000000000.0000 -10000000000.0000 -10000000000.0000;
263:  0.0100   0.0270   0.0480   0.0750   0.1120   0.1560   0.2160   0.2860   0.3490   0.4200   0.5240   0.6410   0.7420   0.8580   0.9970   1.1550   1.3320   1.4880 -10000000000.0000 -10000000000.0000 -10000000000.0000 -10000000000.0000 -10000000000.0000;
264:  0.0100   0.0270   0.0480   0.0750   0.1120   0.1560   0.2160   0.2860   0.3480   0.4190   0.5240   0.6410   0.7410   0.8570   0.9970   1.1550   1.3310   1.4880 -10000000000.0000 -10000000000.0000 -10000000000.0000 -10000000000.0000 -10000000000.0000;
265:  0.0100   0.0270   0.0480   0.0750   0.1120   0.1560   0.2160   0.2860   0.3480   0.4190   0.5240   0.6410   0.7410   0.8570   0.9960   1.1540   1.3300   1.4880 -10000000000.0000 -10000000000.0000 -10000000000.0000 -10000000000.0000 -10000000000.0000;
266:  0.0100   0.0270   0.0480   0.0750   0.1120   0.1560   0.2160   0.2860   0.3480   0.4190   0.5240   0.6410   0.7400   0.8560   0.9950   1.1530   1.3290   1.4870 -10000000000.0000 -10000000000.0000 -10000000000.0000 -10000000000.0000 -10000000000.0000;
267:  0.0100   0.0270   0.0480   0.0750   0.1120   0.1560   0.2160   0.2860   0.3480   0.4190   0.5240   0.6410   0.7400   0.8560   0.9940   1.1530   1.3290   1.4880 -10000000000.0000 -10000000000.0000 -10000000000.0000 -10000000000.0000 -10000000000.0000;
268:  0.0100   0.0270   0.0480   0.0750   0.1120   0.1560   0.2160   0.2860   0.3480   0.4190   0.5240   0.6410   0.7390   0.8550   0.9940   1.1520   1.3280   1.4880 -10000000000.0000 -10000000000.0000 -10000000000.0000 -10000000000.0000 -10000000000.0000;
269:  0.0100   0.0270   0.0480   0.0750   0.1120   0.1560   0.2160   0.2860   0.3480   0.4190   0.5240   0.6410   0.7390   0.8550   0.9930   1.1510   1.3270   1.4870 -10000000000.0000 -10000000000.0000 -10000000000.0000 -10000000000.0000 -10000000000.0000;
270:  0.0100   0.0270   0.0480   0.0750   0.1120   0.1560   0.2160   0.2860   0.3490   0.4190   0.5240   0.6400   0.7390   0.8540   0.9920   1.1490   1.3260   1.4870 -10000000000.0000 -10000000000.0000 -10000000000.0000 -10000000000.0000 -10000000000.0000;
271:  0.0100   0.0270   0.0480   0.0750   0.1120   0.1560   0.2160   0.2860   0.3490   0.4190   0.5240   0.6400   0.7390   0.8540   0.9910   1.1480   1.3250   1.4860 -10000000000.0000 -10000000000.0000 -10000000000.0000 -10000000000.0000 -10000000000.0000;
272:  0.0100   0.0270   0.0480   0.0750   0.1120   0.1560   0.2160   0.2860   0.3490   0.4190   0.5240   0.6400   0.7390   0.8540   0.9910   1.1470   1.3230   1.4860 -10000000000.0000 -10000000000.0000 -10000000000.0000 -10000000000.0000 -10000000000.0000;
273:  0.0100   0.0270   0.0480   0.0750   0.1120   0.1560   0.2170   0.2860   0.3480   0.4190   0.5240   0.6400   0.7380   0.8530   0.9900   1.1460   1.3220   1.4850 -10000000000.0000 -10000000000.0000 -10000000000.0000 -10000000000.0000 -10000000000.0000;
274:  0.0100   0.0270   0.0480   0.0750   0.1120   0.1560   0.2160   0.2860   0.3490   0.4200   0.5250   0.6400   0.7380   0.8530   0.9890   1.1450   1.3210   1.4850 -10000000000.0000 -10000000000.0000 -10000000000.0000 -10000000000.0000 -10000000000.0000;
275:  0.0100   0.0270   0.0480   0.0750   0.1120   0.1560   0.2160   0.2860   0.3490   0.4200   0.5250   0.6400   0.7380   0.8530   0.9880   1.1440   1.3200   1.4850 -10000000000.0000 -10000000000.0000 -10000000000.0000 -10000000000.0000 -10000000000.0000;
276:  0.0100   0.0270   0.0480   0.0750   0.1120   0.1560   0.2160   0.2860   0.3490   0.4200   0.5250   0.6400   0.7380   0.8530   0.9880   1.1420   1.3190   1.4840 -10000000000.0000 -10000000000.0000 -10000000000.0000 -10000000000.0000 -10000000000.0000;
277:  0.0100   0.0270   0.0480   0.0750   0.1120   0.1560   0.2160   0.2860   0.3490   0.4200   0.5250   0.6400   0.7380   0.8520   0.9870   1.1410   1.3180   1.4830 -10000000000.0000 -10000000000.0000 -10000000000.0000 -10000000000.0000 -10000000000.0000;
278:  0.0100   0.0270   0.0480   0.0750   0.1120   0.1560   0.2170   0.2870   0.3490   0.4210   0.5260   0.6400   0.7380   0.8520   0.9860   1.1400   1.3160   1.4830 -10000000000.0000 -10000000000.0000 -10000000000.0000 -10000000000.0000 -10000000000.0000;
279:  0.0100   0.0270   0.0480   0.0750   0.1120   0.1570   0.2170   0.2870   0.3500   0.4210   0.5260   0.6400   0.7380   0.8520   0.9860   1.1400   1.3150   1.4830 -10000000000.0000 -10000000000.0000 -10000000000.0000 -10000000000.0000 -10000000000.0000;
280:  0.0100   0.0270   0.0480   0.0750   0.1120   0.1570   0.2170   0.2870   0.3500   0.4210   0.5260   0.6400   0.7380   0.8520   0.9850   1.1390   1.3140   1.4810 -10000000000.0000 -10000000000.0000 -10000000000.0000 -10000000000.0000 -10000000000.0000;
281:  0.0100   0.0270   0.0480   0.0750   0.1120   0.1570   0.2170   0.2870   0.3500   0.4220   0.5260   0.6400   0.7390   0.8520   0.9850   1.1380   1.3130   1.4810 -10000000000.0000 -10000000000.0000 -10000000000.0000 -10000000000.0000 -10000000000.0000;
282:  0.0100   0.0270   0.0480   0.0750   0.1120   0.1570   0.2170   0.2870   0.3500   0.4220   0.5270   0.6410   0.7390   0.8520   0.9840   1.1370   1.3120   1.4800 -10000000000.0000 -10000000000.0000 -10000000000.0000 -10000000000.0000 -10000000000.0000;
283:  0.0100   0.0270   0.0480   0.0750   0.1120   0.1570   0.2170   0.2870   0.3500   0.4220   0.5270   0.6410   0.7390   0.8520   0.9840   1.1360   1.3120   1.4800 -10000000000.0000 -10000000000.0000 -10000000000.0000 -10000000000.0000 -10000000000.0000;
284:  0.0100   0.0270   0.0480   0.0750   0.1120   0.1570   0.2170   0.2870   0.3510   0.4220   0.5270   0.6410   0.7400   0.8520   0.9830   1.1350   1.3110   1.4790 -10000000000.0000 -10000000000.0000 -10000000000.0000 -10000000000.0000 -10000000000.0000;
285:  0.0100   0.0270   0.0480   0.0750   0.1120   0.1570   0.2170   0.2870   0.3510   0.4230   0.5280   0.6410   0.7400   0.8520   0.9830   1.1350   1.3100   1.4780 -10000000000.0000 -10000000000.0000 -10000000000.0000 -10000000000.0000 -10000000000.0000;
286:  0.0100   0.0270   0.0480   0.0750   0.1120   0.1570   0.2170   0.2880   0.3510   0.4230   0.5280   0.6410   0.7410   0.8530   0.9820   1.1340   1.3100   1.4780 -10000000000.0000 -10000000000.0000 -10000000000.0000 -10000000000.0000 -10000000000.0000;
287:  0.0100   0.0270   0.0480   0.0750   0.1120   0.1570   0.2170   0.2880   0.3510   0.4230   0.5280   0.6420   0.7410   0.8530   0.9830   1.1340   1.3090   1.4770 -10000000000.0000 -10000000000.0000 -10000000000.0000 -10000000000.0000 -10000000000.0000;
288:  0.0100   0.0270   0.0480   0.0750   0.1130   0.1580   0.2180   0.2880   0.3520   0.4240   0.5290   0.6420   0.7420   0.8540   0.9820   1.1340   1.3090   1.4770 -10000000000.0000 -10000000000.0000 -10000000000.0000 -10000000000.0000 -10000000000.0000;
289:  0.0100   0.0270   0.0480   0.0750   0.1130   0.1580   0.2180   0.2880   0.3520   0.4240   0.5290   0.6420   0.7420   0.8540   0.9820   1.1340   1.3090   1.4770 -10000000000.0000 -10000000000.0000 -10000000000.0000 -10000000000.0000 -10000000000.0000;
290:  0.0100   0.0270   0.0480   0.0750   0.1130   0.1580   0.2180   0.2890   0.3520   0.4250   0.5290   0.6420   0.7420   0.8550   0.9830   1.1330   1.3080   1.4760 -10000000000.0000 -10000000000.0000 -10000000000.0000 -10000000000.0000 -10000000000.0000;
291:  0.0100   0.0270   0.0480   0.0750   0.1130   0.1580   0.2180   0.2890   0.3530   0.4250   0.5300   0.6430   0.7430   0.8550   0.9830   1.1340   1.3080   1.4750 -10000000000.0000 -10000000000.0000 -10000000000.0000 -10000000000.0000 -10000000000.0000;
292:  0.0100   0.0280   0.0480   0.0750   0.1130   0.1580   0.2180   0.2890   0.3530   0.4250   0.5300   0.6430   0.7440   0.8560   0.9830   1.1340   1.3080   1.4750 -10000000000.0000 -10000000000.0000 -10000000000.0000 -10000000000.0000 -10000000000.0000;
293:  0.0100   0.0280   0.0490   0.0750   0.1130   0.1580   0.2180   0.2890   0.3530   0.4250   0.5300   0.6440   0.7440   0.8570   0.9830   1.1340   1.3080   1.4750 -10000000000.0000 -10000000000.0000 -10000000000.0000 -10000000000.0000 -10000000000.0000;
294:  0.0100   0.0280   0.0490   0.0760   0.1130   0.1580   0.2190   0.2900   0.3530   0.4260   0.5300   0.6440   0.7450   0.8570   0.9830   1.1340   1.3080   1.4740 -10000000000.0000 -10000000000.0000 -10000000000.0000 -10000000000.0000 -10000000000.0000;
295:  0.0100   0.0280   0.0490   0.0750   0.1130   0.1580   0.2190   0.2900   0.3540   0.4260   0.5310   0.6450   0.7460   0.8580   0.9840   1.1350   1.3090   1.4740 -10000000000.0000 -10000000000.0000 -10000000000.0000 -10000000000.0000 -10000000000.0000;
296:  0.0100   0.0280   0.0490   0.0750   0.1130   0.1580   0.2190   0.2900   0.3540   0.4260   0.5310   0.6450   0.7470   0.8590   0.9850   1.1350   1.3080   1.4750 -10000000000.0000 -10000000000.0000 -10000000000.0000 -10000000000.0000 -10000000000.0000;
297:  0.0100   0.0280   0.0490   0.0760   0.1130   0.1590   0.2190   0.2900   0.3550   0.4270   0.5310   0.6460   0.7470   0.8600   0.9860   1.1350   1.3090   1.4750 -10000000000.0000 -10000000000.0000 -10000000000.0000 -10000000000.0000 -10000000000.0000;
298:  0.0100   0.0280   0.0490   0.0760   0.1130   0.1590   0.2200   0.2910   0.3550   0.4270   0.5310   0.6460   0.7480   0.8600   0.9860   1.1360   1.3090   1.4750 -10000000000.0000 -10000000000.0000 -10000000000.0000 -10000000000.0000 -10000000000.0000;
299:  0.0100   0.0280   0.0490   0.0760   0.1130   0.1590   0.2200   0.2910   0.3550   0.4280   0.5320   0.6470   0.7480   0.8620   0.9870   1.1360   1.3090   1.4760 -10000000000.0000 -10000000000.0000 -10000000000.0000 -10000000000.0000 -10000000000.0000;
300:  0.0100   0.0280   0.0490   0.0760   0.1130   0.1590   0.2200   0.2920   0.3560   0.4280   0.5320   0.6480   0.7490   0.8620   0.9880   1.1370   1.3100   1.4770 -10000000000.0000 -10000000000.0000 -10000000000.0000 -10000000000.0000 -10000000000.0000;
301:  0.0100   0.0280   0.0490   0.0760   0.1130   0.1590   0.2200   0.2920   0.3560   0.4280   0.5320   0.6480   0.7500   0.8640   0.9890   1.1370   1.3100   1.4780 -10000000000.0000 -10000000000.0000 -10000000000.0000 -10000000000.0000 -10000000000.0000;
302:  0.0100   0.0280   0.0490   0.0760   0.1130   0.1590   0.2210   0.2920   0.3570   0.4290   0.5330   0.6490   0.7510   0.8640   0.9900   1.1380   1.3110   1.4790 -10000000000.0000 -10000000000.0000 -10000000000.0000 -10000000000.0000 -10000000000.0000;
303:  0.0100   0.0280   0.0490   0.0760   0.1140   0.1600   0.2210   0.2930   0.3570   0.4290   0.5330   0.6490   0.7510   0.8650   0.9910   1.1380   1.3110   1.4790 -10000000000.0000 -10000000000.0000 -10000000000.0000 -10000000000.0000 -10000000000.0000;
304:  0.0100   0.0280   0.0490   0.0760   0.1140   0.1600   0.2210   0.2930   0.3570   0.4290   0.5330   0.6490   0.7520   0.8660   0.9920   1.1390   1.3120   1.4810 -10000000000.0000 -10000000000.0000 -10000000000.0000 -10000000000.0000 -10000000000.0000;
305:  0.0100   0.0280   0.0490   0.0760   0.1140   0.1600   0.2210   0.2930   0.3580   0.4300   0.5330   0.6500   0.7530   0.8670   0.9930   1.1400   1.3120   1.4820 -10000000000.0000 -10000000000.0000 -10000000000.0000 -10000000000.0000 -10000000000.0000;
306:  0.0100   0.0280   0.0490   0.0760   0.1140   0.1600   0.2220   0.2940   0.3580   0.4300   0.5330   0.6500   0.7530   0.8680   0.9940   1.1400   1.3120   1.4840 -10000000000.0000 -10000000000.0000 -10000000000.0000 -10000000000.0000 -10000000000.0000;
307:  0.0100   0.0280   0.0490   0.0760   0.1140   0.1600   0.2220   0.2940   0.3590   0.4310   0.5340   0.6510   0.7540   0.8690   0.9950   1.1410   1.3140   1.4860 -10000000000.0000 -10000000000.0000 -10000000000.0000 -10000000000.0000 -10000000000.0000;
308:  0.0100   0.0280   0.0490   0.0760   0.1140   0.1600   0.2220   0.2940   0.3590   0.4310   0.5340   0.6510   0.7540   0.8700   0.9970   1.1420   1.3140   1.4870 -10000000000.0000 -10000000000.0000 -10000000000.0000 -10000000000.0000 -10000000000.0000;
309:  0.0100   0.0280   0.0490   0.0760   0.1140   0.1600   0.2220   0.2950   0.3590   0.4310   0.5340   0.6510   0.7550   0.8710   0.9980   1.1420   1.3140   1.4890 -10000000000.0000 -10000000000.0000 -10000000000.0000 -10000000000.0000 -10000000000.0000;
310:  0.0100   0.0280   0.0490   0.0760   0.1140   0.1600   0.2220   0.2950   0.3600   0.4320   0.5340   0.6510   0.7550   0.8710   0.9990   1.1430   1.3140   1.4910 -10000000000.0000 -10000000000.0000 -10000000000.0000 -10000000000.0000 -10000000000.0000;
311:  0.0100   0.0280   0.0490   0.0760   0.1140   0.1610   0.2230   0.2950   0.3600   0.4320   0.5350   0.6510   0.7560   0.8720   1.0000   1.1430   1.3150   1.4930 -10000000000.0000 -10000000000.0000 -10000000000.0000 -10000000000.0000 -10000000000.0000;
312:  0.0100   0.0280   0.0490   0.0760   0.1140   0.1610   0.2230   0.2960   0.3610   0.4320   0.5350   0.6520   0.7560   0.8730   1.0010   1.1440   1.3160   1.4950 -10000000000.0000 -10000000000.0000 -10000000000.0000 -10000000000.0000 -10000000000.0000;
313:  0.0100   0.0280   0.0490   0.0760   0.1150   0.1610   0.2230   0.2960   0.3610   0.4330   0.5360   0.6530   0.7570   0.8740   1.0020   1.1450   1.3160   1.4970 -10000000000.0000 -10000000000.0000 -10000000000.0000 -10000000000.0000 -10000000000.0000;
314:  0.0100   0.0280   0.0490   0.0760   0.1150   0.1610   0.2230   0.2960   0.3620   0.4330   0.5360   0.6530   0.7570   0.8750   1.0030   1.1460   1.3160   1.4990 -10000000000.0000 -10000000000.0000 -10000000000.0000 -10000000000.0000 -10000000000.0000;
315:  0.0100   0.0280   0.0490   0.0760   0.1150   0.1610   0.2230   0.2970   0.3620   0.4340   0.5360   0.6530   0.7580   0.8750   1.0040   1.1460   1.3160   1.5020 -10000000000.0000 -10000000000.0000 -10000000000.0000 -10000000000.0000 -10000000000.0000;
316:  0.0100   0.0280   0.0490   0.0770   0.1150   0.1610   0.2230   0.2970   0.3620   0.4340   0.5370   0.6530   0.7580   0.8760   1.0050   1.1470   1.3170   1.5050 -10000000000.0000 -10000000000.0000 -10000000000.0000 -10000000000.0000 -10000000000.0000;
317:  0.0100   0.0280   0.0490   0.0770   0.1150   0.1620   0.2240   0.2970   0.3630   0.4340   0.5370   0.6540   0.7580   0.8770   1.0060   1.1480   1.3180   1.5070 -10000000000.0000 -10000000000.0000 -10000000000.0000 -10000000000.0000 -10000000000.0000;
318:  0.0100   0.0280   0.0490   0.0770   0.1150   0.1620   0.2240   0.2980   0.3630   0.4350   0.5380   0.6540   0.7590   0.8780   1.0070   1.1490   1.3190   1.5090 -10000000000.0000 -10000000000.0000 -10000000000.0000 -10000000000.0000 -10000000000.0000;
319:  0.0100   0.0280   0.0500   0.0770   0.1150   0.1620   0.2240   0.2980   0.3630   0.4350   0.5380   0.6540   0.7590   0.8780   1.0080   1.1500   1.3190   1.5120 -10000000000.0000 -10000000000.0000 -10000000000.0000 -10000000000.0000 -10000000000.0000;
320:  0.0100   0.0280   0.0500   0.0770   0.1150   0.1620   0.2240   0.2980   0.3640   0.4350   0.5380   0.6550   0.7600   0.8790   1.0090   1.1500   1.3200   1.5140   1.8020 -10000000000.0000 -10000000000.0000 -10000000000.0000 -10000000000.0000;
321:  0.0100   0.0280   0.0500   0.0770   0.1160   0.1620   0.2240   0.2980   0.3640   0.4360   0.5390   0.6550   0.7600   0.8800   1.0100   1.1520   1.3210   1.5160   1.8080 -10000000000.0000 -10000000000.0000 -10000000000.0000 -10000000000.0000;
322:  0.0100   0.0290   0.0500   0.0770   0.1160   0.1620   0.2240   0.2980   0.3650   0.4360   0.5390   0.6550   0.7600   0.8800   1.0110   1.1520   1.3210   1.5190   1.8130   2.0990 -10000000000.0000 -10000000000.0000 -10000000000.0000;
323:  0.0100   0.0290   0.0500   0.0770   0.1160   0.1620   0.2240   0.2990   0.3650   0.4370   0.5400   0.6550   0.7610   0.8810   1.0120   1.1540   1.3230   1.5210   1.8190   2.1070 -10000000000.0000 -10000000000.0000 -10000000000.0000;
324:  0.0100   0.0290   0.0500   0.0770   0.1160   0.1620   0.2250   0.2990   0.3650   0.4370   0.5400   0.6560   0.7620   0.8820   1.0130   1.1550   1.3240   1.5240   1.8250   2.1150 -10000000000.0000 -10000000000.0000 -10000000000.0000;
325:  0.0100   0.0290   0.0500   0.0770   0.1160   0.1620   0.2250   0.2990   0.3660   0.4370   0.5410   0.6560   0.7620   0.8820   1.0140   1.1560   1.3250   1.5260   1.8300   2.1240 -10000000000.0000 -10000000000.0000 -10000000000.0000;
326:  0.0100   0.0290   0.0500   0.0770   0.1160   0.1630   0.2250   0.2990   0.3660   0.4380   0.5410   0.6560   0.7630   0.8830   1.0150   1.1570   1.3260   1.5280   1.8350   2.1330   2.3400 -10000000000.0000 -10000000000.0000;
327:  0.0100   0.0290   0.0500   0.0780   0.1160   0.1630   0.2250   0.2990   0.3660   0.4380   0.5420   0.6570   0.7630   0.8840   1.0150   1.1590   1.3280   1.5300   1.8400   2.1420   2.3460 -10000000000.0000 -10000000000.0000;
328:  0.0100   0.0290   0.0500   0.0780   0.1160   0.1630   0.2250   0.3000   0.3660   0.4380   0.5420   0.6570   0.7630   0.8850   1.0160   1.1600   1.3290   1.5320   1.8450   2.1500   2.3500 -10000000000.0000 -10000000000.0000;
329:  0.0100   0.0290   0.0500   0.0780   0.1160   0.1630   0.2250   0.3000   0.3660   0.4380   0.5420   0.6580   0.7640   0.8850   1.0170   1.1620   1.3310   1.5350   1.8500   2.1590   2.3550 -10000000000.0000 -10000000000.0000;
330:  0.0100   0.0290   0.0500   0.0780   0.1170   0.1630   0.2250   0.3000   0.3670   0.4390   0.5430   0.6580   0.7650   0.8860   1.0180   1.1630   1.3320   1.5370   1.8540   2.1660   2.3580 -10000000000.0000 -10000000000.0000;
331:  0.0100   0.0290   0.0500   0.0780   0.1170   0.1630   0.2260   0.3000   0.3670   0.4390   0.5440   0.6590   0.7660   0.8870   1.0190   1.1650   1.3340   1.5390   1.8580   2.1720   2.3610 -10000000000.0000 -10000000000.0000;
332:  0.0100   0.0290   0.0500   0.0780   0.1170   0.1630   0.2260   0.3000   0.3670   0.4390   0.5440   0.6590   0.7660   0.8880   1.0200   1.1660   1.3360   1.5410   1.8620   2.1790   2.3640 -10000000000.0000 -10000000000.0000;
333:  0.0100   0.0290   0.0500   0.0780   0.1170   0.1630   0.2260   0.3010   0.3670   0.4390   0.5440   0.6600   0.7670   0.8880   1.0200   1.1680   1.3380   1.5430   1.8660   2.1840   2.3680 -10000000000.0000 -10000000000.0000;
334:  0.0100   0.0290   0.0500   0.0780   0.1170   0.1640   0.2260   0.3010   0.3670   0.4400   0.5450   0.6610   0.7680   0.8890   1.0210   1.1700   1.3400   1.5450   1.8700   2.1890   2.3730 -10000000000.0000 -10000000000.0000;
335:  0.0100   0.0290   0.0500   0.0780   0.1170   0.1640   0.2260   0.3010   0.3670   0.4400   0.5450   0.6610   0.7690   0.8900   1.0220   1.1710   1.3420   1.5480   1.8740   2.1950   2.3780 -10000000000.0000 -10000000000.0000;
336:  0.0100   0.0290   0.0510   0.0780   0.1170   0.1640   0.2270   0.3010   0.3670   0.4400   0.5460   0.6620   0.7690   0.8910   1.0230   1.1730   1.3450   1.5490   1.8780   2.2000   2.3870 -10000000000.0000 -10000000000.0000;
337:  0.0100   0.0290   0.0510   0.0780   0.1170   0.1640   0.2270   0.3010   0.3670   0.4400   0.5460   0.6630   0.7700   0.8910   1.0240   1.1740   1.3470   1.5510   1.8820   2.2060   2.3960 -10000000000.0000 -10000000000.0000;
338:  0.0100   0.0290   0.0510   0.0790   0.1170   0.1640   0.2270   0.3020   0.3670   0.4400   0.5460   0.6640   0.7710   0.8930   1.0250   1.1760   1.3490   1.5530   1.8860   2.2110   2.4070 -10000000000.0000 -10000000000.0000;
339:  0.0100   0.0290   0.0510   0.0780   0.1170   0.1640   0.2270   0.3020   0.3680   0.4400   0.5470   0.6640   0.7710   0.8930   1.0250   1.1770   1.3510   1.5550   1.8900   2.2180   2.4180 -10000000000.0000 -10000000000.0000;
340:  0.0100   0.0290   0.0510   0.0790   0.1170   0.1640   0.2270   0.3020   0.3680   0.4400   0.5470   0.6650   0.7720   0.8940   1.0260   1.1790   1.3530   1.5570   1.8950   2.2250   2.4310 -10000000000.0000 -10000000000.0000;
341:  0.0100   0.0290   0.0510   0.0790   0.1170   0.1640   0.2270   0.3020   0.3680   0.4400   0.5470   0.6650   0.7730   0.8950   1.0270   1.1800   1.3550   1.5590   1.8980   2.2310   2.4430 -10000000000.0000 -10000000000.0000;
342:  0.0100   0.0290   0.0510   0.0790   0.1170   0.1640   0.2280   0.3020   0.3670   0.4400   0.5470   0.6660   0.7740   0.8950   1.0270   1.1820   1.3580   1.5600   1.9010   2.2380   2.4550 -10000000000.0000 -10000000000.0000;
343:  0.0100   0.0290   0.0510   0.0790   0.1170   0.1640   0.2280   0.3020   0.3680   0.4410   0.5480   0.6670   0.7740   0.8960   1.0280   1.1830   1.3600   1.5620   1.9040   2.2450   2.4660 -10000000000.0000 -10000000000.0000;
344:  0.0100   0.0290   0.0510   0.0790   0.1180   0.1640   0.2280   0.3020   0.3680   0.4410   0.5480   0.6680   0.7750   0.8970   1.0290   1.1840   1.3620   1.5640   1.9070   2.2510   2.4740 -10000000000.0000 -10000000000.0000;
345:  0.0100   0.0290   0.0510   0.0790   0.1180   0.1640   0.2280   0.3030   0.3680   0.4410   0.5480   0.6680   0.7760   0.8980   1.0300   1.1860   1.3640   1.5650   1.9090   2.2560   2.4820 -10000000000.0000 -10000000000.0000;
346:  0.0100   0.0290   0.0510   0.0790   0.1180   0.1650   0.2290   0.3030   0.3680   0.4410   0.5490   0.6690   0.7770   0.8990   1.0310   1.1860   1.3650   1.5670   1.9100   2.2610   2.4880 -10000000000.0000 -10000000000.0000;
347:  0.0100   0.0290   0.0510   0.0790   0.1180   0.1640   0.2290   0.3030   0.3680   0.4410   0.5490   0.6690   0.7770   0.8990   1.0310   1.1870   1.3670   1.5690   1.9110   2.2630   2.4910 -10000000000.0000 -10000000000.0000;
348:  0.0100   0.0290   0.0510   0.0790   0.1180   0.1650   0.2290   0.3030   0.3680   0.4410   0.5490   0.6700   0.7780   0.9000   1.0320   1.1880   1.3690   1.5710   1.9110   2.2640   2.4930 -10000000000.0000 -10000000000.0000;
349:  0.0100   0.0290   0.0510   0.0790   0.1180   0.1650   0.2290   0.3030   0.3680   0.4410   0.5500   0.6710   0.7790   0.9000   1.0330   1.1890   1.3710   1.5720   1.9090   2.2630   2.4930 -10000000000.0000 -10000000000.0000;
350:  0.0100   0.0290   0.0510   0.0790   0.1180   0.1650   0.2290   0.3030   0.3680   0.4410   0.5500   0.6710   0.7790   0.9010   1.0340   1.1900   1.3720   1.5740   1.9070   2.2600   2.4930 -10000000000.0000 -10000000000.0000;
351:  0.0100   0.0290   0.0510   0.0790   0.1180   0.1650   0.2290   0.3030   0.3680   0.4410   0.5500   0.6720   0.7800   0.9010   1.0340   1.1900   1.3740   1.5760   1.9050   2.2560   2.4910 -10000000000.0000 -10000000000.0000;
352:  0.0100   0.0290   0.0510   0.0790   0.1180   0.1650   0.2290   0.3030   0.3680   0.4420   0.5500   0.6720   0.7800   0.9020   1.0350   1.1910   1.3750   1.5780   1.9020   2.2500   2.4890 -10000000000.0000 -10000000000.0000;
353:  0.0100   0.0290   0.0510   0.0790   0.1180   0.1650   0.2290   0.3030   0.3680   0.4420   0.5510   0.6730   0.7810   0.9020   1.0350   1.1920   1.3760   1.5800   1.8980   2.2430   2.4870 -10000000000.0000 -10000000000.0000;
354:  0.0100   0.0290   0.0510   0.0790   0.1180   0.1650   0.2290   0.3030   0.3680   0.4420   0.5500   0.6730   0.7810   0.9020   1.0360   1.1920   1.3770   1.5810   1.8940   2.2360   2.4840 -10000000000.0000 -10000000000.0000;
355:  0.0100   0.0290   0.0510   0.0790   0.1180   0.1650   0.2290   0.3030   0.3680   0.4420   0.5510   0.6740   0.7810   0.9020   1.0360   1.1920   1.3780   1.5830   1.8900   2.2270   2.4820 -10000000000.0000 -10000000000.0000;
356:  0.0100   0.0290   0.0510   0.0790   0.1180   0.1650   0.2290   0.3030   0.3680   0.4420   0.5510   0.6740   0.7820   0.9030   1.0370   1.1930   1.3790   1.5850   1.8860   2.2190   2.4790 -10000000000.0000 -10000000000.0000;
357:  0.0100   0.0290   0.0510   0.0790   0.1180   0.1650   0.2290   0.3030   0.3680   0.4420   0.5510   0.6740   0.7820   0.9030   1.0370   1.1930   1.3810   1.5870   1.8830   2.2100   2.4770 -10000000000.0000 -10000000000.0000;
358:  0.0100   0.0290   0.0510   0.0790   0.1180   0.1650   0.2290   0.3030   0.3680   0.4430   0.5520   0.6740   0.7820   0.9030   1.0370   1.1940   1.3810   1.5890   1.8790   2.2020   2.4740 -10000000000.0000 -10000000000.0000;
359:  0.0100   0.0290   0.0510   0.0790   0.1180   0.1650   0.2290   0.3030   0.3680   0.4430   0.5520   0.6750   0.7820   0.9030   1.0380   1.1940   1.3820   1.5900   1.8770   2.1930 -10000000000.0000 -10000000000.0000 -10000000000.0000;
