C:\RK-3\Data\PA000001\RA0000010001R.DAT;
000:  9.0700   9.1200   9.2100   9.2100   9.2400   9.2800   9.2500   9.2200   9.2300   9.1600   8.8800   8.6100   8.5300   8.4900   8.5000   8.5400   8.1000   8.0100   0.0000   0.0000   0.0000   0.0000   0.0000;
001:  9.0700   9.1200   9.2100   9.2100   9.2400   9.2800   9.2500   9.2200   9.2400   9.1600   8.8800   8.6200   8.5300   8.4900   8.5100   8.5500   8.1000   8.0100   0.0000   0.0000   0.0000   0.0000   0.0000;
002:  9.0700   9.1200   9.2100   9.2100   9.2400   9.2800   9.2500   9.2200   9.2400   9.1700   8.8800   8.6200   8.5300   8.5000   8.5100   8.5500   8.1000   8.0100   0.0000   0.0000   0.0000   0.0000   0.0000;
003:  9.0700   9.1200   9.2100   9.2100   9.2300   9.2700   9.2500   9.2200   9.2400   9.1700   8.8900   8.6300   8.5400   8.5000   8.5100   8.5500   8.1000   8.0200   0.0000   0.0000   0.0000   0.0000   0.0000;
004:  9.0700   9.1100   9.2000   9.2000   9.2300   9.2700   9.2500   9.2200   9.2400   9.1700   8.8900   8.6300   8.5400   8.5000   8.5100   8.5500   8.1000   8.0200   0.0000   0.0000   0.0000   0.0000   0.0000;
005:  9.0700   9.1100   9.2000   9.2000   9.2300   9.2600   9.2400   9.2200   9.2400   9.1700   8.8900   8.6300   8.5400   8.5000   8.5100   8.5500   8.1000   8.0200   0.0000   0.0000   0.0000   0.0000   0.0000;
006:  9.0700   9.1100   9.2000   9.2000   9.2200   9.2600   9.2400   9.2200   9.2400   9.1700   8.9000   8.6400   8.5400   8.5000   8.5100   8.5500   8.1100   8.0300   0.0000   0.0000   0.0000   0.0000   0.0000;
007:  9.0700   9.1100   9.2000   9.1900   9.2200   9.2500   9.2400   9.2200   9.2400   9.1700   8.9000   8.6400   8.5400   8.5000   8.5100   8.5500   8.1100   8.0300   0.0000   0.0000   0.0000   0.0000   0.0000;
008:  9.0700   9.1100   9.2000   9.1900   9.2200   9.2500   9.2300   9.2200   9.2400   9.1700   8.9000   8.6400   8.5400   8.5000   8.5100   8.5500   8.1100   8.0300   0.0000   0.0000   0.0000   0.0000   0.0000;
009:  9.0700   9.1100   9.1900   9.1900   9.2100   9.2400   9.2300   9.2200   9.2400   9.1700   8.9000   8.6400   8.5500   8.5000   8.5100   8.5500   8.1100   8.0300   0.0000   0.0000   0.0000   0.0000   0.0000;
010:  9.0700   9.1100   9.1900   9.1800   9.2100   9.2400   9.2300   9.2200   9.2300   9.1700   8.9000   8.6500   8.5500   8.5000   8.5000   8.5400   8.1100   8.0400   0.0000   0.0000   0.0000   0.0000   0.0000;
011:  9.0700   9.1100   9.1900   9.1800   9.2000   9.2300   9.2200   9.2200   9.2300   9.1700   8.9000   8.6500   8.5500   8.5000   8.5000   8.5400   8.1100   8.0400   0.0000   0.0000   0.0000   0.0000   0.0000;
012:  9.0600   9.1000   9.1900   9.1800   9.2000   9.2300   9.2200   9.2100   9.2300   9.1600   8.9100   8.6500   8.5400   8.5000   8.5000   8.5300   8.1100   8.0400   0.0000   0.0000   0.0000   0.0000   0.0000;
013:  9.0600   9.1000   9.1800   9.1700   9.1900   9.2200   9.2100   9.2100   9.2200   9.1600   8.9100   8.6500   8.5400   8.4900   8.4900   8.5300   8.1100   8.0400   0.0000   0.0000   0.0000   0.0000   0.0000;
014:  9.0600   9.1000   9.1800   9.1700   9.1900   9.2100   9.2100   9.2100   9.2200   9.1600   8.9000   8.6500   8.5400   8.4900   8.4900   8.5200   8.1100   8.0400   0.0000   0.0000   0.0000   0.0000   0.0000;
015:  9.0600   9.1000   9.1800   9.1700   9.1800   9.2100   9.2000   9.2100   9.2200   9.1500   8.9000   8.6500   8.5400   8.4900   8.4800   8.5100   8.1100   8.0400   0.0000   0.0000   0.0000   0.0000   0.0000;
016:  9.0600   9.1000   9.1800   9.1600   9.1800   9.2000   9.2000   9.2000   9.2100   9.1500   8.9000   8.6500   8.5400   8.4800   8.4700   8.5000   8.1100   8.0500   0.0000   0.0000   0.0000   0.0000   0.0000;
017:  9.0600   9.0900   9.1700   9.1600   9.1700   9.1900   9.1900   9.2000   9.2100   9.1400   8.9000   8.6500   8.5400   8.4800   8.4700   8.4900   8.1100   8.0500   0.0000   0.0000   0.0000   0.0000   0.0000;
018:  9.0600   9.0900   9.1700   9.1600   9.1700   9.1900   9.1900   9.1900   9.2000   9.1400   8.9000   8.6500   8.5300   8.4700   8.4600   8.4800   8.1100   8.0500   0.0000   0.0000   0.0000   0.0000   0.0000;
019:  9.0600   9.0900   9.1700   9.1500   9.1600   9.1800   9.1800   9.1900   9.1900   9.1300   8.9000   8.6500   8.5300   8.4700   8.4500   8.4700   8.1000   8.0500   0.0000   0.0000   0.0000   0.0000   0.0000;
020:  9.0600   9.0900   9.1600   9.1500   9.1600   9.1700   9.1700   9.1800   9.1900   9.1200   8.8900   8.6500   8.5300   8.4600   8.4400   8.4600   8.1000   8.0500   0.0000   0.0000   0.0000   0.0000   0.0000;
021:  9.0500   9.0800   9.1600   9.1500   9.1500   9.1600   9.1700   9.1800   9.1800   9.1200   8.8900   8.6500   8.5200   8.4500   8.4300   8.4400   8.1000   8.0500   0.0000   0.0000   0.0000   0.0000   0.0000;
022:  9.0500   9.0800   9.1600   9.1400   9.1500   9.1600   9.1600   9.1700   9.1700   9.1100   8.8900   8.6400   8.5200   8.4500   8.4200   8.4300   8.1000   8.0500   0.0000   0.0000   0.0000   0.0000   0.0000;
023:  9.0500   9.0800   9.1500   9.1400   9.1500   9.1500   9.1600   9.1700   9.1700   9.1000   8.8800   8.6400   8.5100   8.4400   8.4100   8.4100   8.1000   8.0500   0.0000   0.0000   0.0000   0.0000   0.0000;
024:  9.0500   9.0800   9.1500   9.1300   9.1400   9.1400   9.1500   9.1600   9.1600   9.0900   8.8800   8.6400   8.5100   8.4300   8.4000   8.4000   8.1000   8.0500   0.0000   0.0000   0.0000   0.0000   0.0000;
025:  9.0500   9.0700   9.1500   9.1300   9.1400   9.1400   9.1400   9.1600   9.1500   9.0900   8.8700   8.6300   8.5000   8.4200   8.3900   8.3800   8.1000   8.0500   0.0000   0.0000   0.0000   0.0000   0.0000;
026:  9.0500   9.0700   9.1400   9.1300   9.1300   9.1300   9.1400   9.1500   9.1400   9.0800   8.8700   8.6300   8.4900   8.4100   8.3700   8.3700   8.1000   8.0500   0.0000   0.0000   0.0000   0.0000   0.0000;
027:  9.0500   9.0700   9.1400   9.1200   9.1300   9.1300   9.1300   9.1400   9.1300   9.0700   8.8600   8.6200   8.4900   8.4000   8.3600   8.3500   8.1000   8.0500   0.0000   0.0000   0.0000   0.0000   0.0000;
028:  9.0500   9.0700   9.1400   9.1200   9.1200   9.1200   9.1200   9.1400   9.1200   9.0600   8.8500   8.6200   8.4800   8.3900   8.3500   8.3300   8.0900   8.0500   0.0000   0.0000   0.0000   0.0000   0.0000;
029:  9.0400   9.0600   9.1300   9.1200   9.1200   9.1100   9.1200   9.1300   9.1100   9.0500   8.8500   8.6100   8.4700   8.3800   8.3300   8.3200   8.0900   8.0500   0.0000   0.0000   0.0000   0.0000   0.0000;
030:  9.0400   9.0600   9.1300   9.1200   9.1200   9.1100   9.1100   9.1200   9.1000   9.0400   8.8400   8.6100   8.4700   8.3700   8.3200   8.3000   8.0900   8.0500   0.0000   0.0000   0.0000   0.0000   0.0000;
031:  9.0400   9.0600   9.1300   9.1100   9.1100   9.1000   9.1000   9.1200   9.0900   9.0300   8.8300   8.6000   8.4600   8.3600   8.3100   8.2800   8.0900   8.0500   0.0000   0.0000   0.0000   0.0000   0.0000;
032:  9.0300   9.0500   9.1200   9.1100   9.1100   9.1000   9.1000   9.1100   9.0800   9.0100   8.8200   8.6000   8.4500   8.3500   8.2900   8.2600   8.0900   8.0500   0.0000   0.0000   0.0000   0.0000   0.0000;
033:  9.0300   9.0500   9.1200   9.1100   9.1100   9.0900   9.0900   9.1000   9.0700   9.0000   8.8100   8.5900   8.4400   8.3400   8.2800   8.2400   8.0900   8.0500   0.0000   0.0000   0.0000   0.0000   0.0000;
034:  9.0300   9.0500   9.1200   9.1000   9.1000   9.0900   9.0800   9.0900   9.0600   8.9900   8.8000   8.5800   8.4300   8.3300   8.2600   8.2200   8.0900   8.0500   0.0000   0.0000   0.0000   0.0000   0.0000;
035:  9.0300   9.0500   9.1100   9.1000   9.1000   9.0800   9.0800   9.0800   9.0500   8.9800   8.7900   8.5700   8.4200   8.3200   8.2500   8.2000   8.0900   8.0500   0.0000   0.0000   0.0000   0.0000   0.0000;
036:  9.0300   9.0400   9.1100   9.1000   9.1000   9.0800   9.0700   9.0800   9.0400   8.9700   8.7800   8.5600   8.4100   8.3100   8.2300   8.1900   8.0800   8.0500   0.0000   0.0000   0.0000   0.0000   0.0000;
037:  9.0300   9.0400   9.1100   9.1000   9.1000   9.0800   9.0700   9.0700   9.0300   8.9500   8.7700   8.5600   8.4000   8.2900   8.2200   8.1700   8.0800   8.0500   0.0000   0.0000   0.0000   0.0000   0.0000;
038:  9.0300   9.0400   9.1000   9.0900   9.0900   9.0700   9.0600   9.0600   9.0200   8.9400   8.7600   8.5500   8.3900   8.2800   8.2000   8.1500   8.0800   8.0500   0.0000   0.0000   0.0000   0.0000   0.0000;
039:  9.0300   9.0400   9.1000   9.0900   9.0900   9.0700   9.0500   9.0500   9.0100   8.9300   8.7500   8.5400   8.3800   8.2700   8.1900   8.1300   8.0800   8.0500   0.0000   0.0000   0.0000   0.0000   0.0000;
040:  9.0200   9.0300   9.1000   9.0900   9.0900   9.0700   9.0500   9.0400   9.0000   8.9100   8.7400   8.5300   8.3700   8.2500   8.1700   8.1100   8.0800   8.0400   0.0000   0.0000   0.0000   0.0000   0.0000;
041:  9.0200   9.0300   9.1000   9.0900   9.0900   9.0600   9.0400   9.0300   8.9800   8.9000   8.7300   8.5200   8.3600   8.2400   8.1600   8.0900   8.0800   8.0400   0.0000   0.0000   0.0000   0.0000   0.0000;
042:  9.0200   9.0300   9.0900   9.0900   9.0900   9.0600   9.0400   9.0300   8.9700   8.8900   8.7200   8.5100   8.3500   8.2300   8.1400   8.0700   8.0800   8.0400   0.0000   0.0000   0.0000   0.0000   0.0000;
043:  9.0200   9.0300   9.0900   9.0900   9.0900   9.0600   9.0300   9.0200   8.9600   8.8700   8.7000   8.5000   8.3400   8.2200   8.1200   8.0500   8.0800   8.0400   0.0000   0.0000   0.0000   0.0000   0.0000;
044:  9.0200   9.0200   9.0900   9.0800   9.0900   9.0600   9.0300   9.0100   8.9500   8.8600   8.6900   8.4900   8.3300   8.2000   8.1100   8.0300   8.0800   8.0400   0.0000   0.0000   0.0000   0.0000   0.0000;
045:  9.0200   9.0200   9.0800   9.0800   9.0900   9.0600   9.0300   9.0000   8.9400   8.8500   8.6800   8.4700   8.3200   8.1900   8.0900   8.0100   8.0800   8.0400   0.0000   0.0000   0.0000   0.0000   0.0000;
046:  9.0200   9.0200   9.0800   9.0800   9.0800   9.0600   9.0200   8.9900   8.9200   8.8300   8.6700   8.4600   8.3000   8.1800   8.0800   7.9900   8.0800   8.0400   0.0000   0.0000   0.0000   0.0000   0.0000;
047:  9.0200   9.0200   9.0800   9.0800   9.0800   9.0600   9.0200   8.9800   8.9100   8.8200   8.6500   8.4500   8.2900   8.1600   8.0700   7.9700   8.0800   8.0400   0.0000   0.0000   0.0000   0.0000   0.0000;
048:  9.0200   9.0200   9.0800   9.0800   9.0900   9.0600   9.0100   8.9800   8.9000   8.8000   8.6400   8.4400   8.2800   8.1500   8.0500   7.9600   8.0800   8.0400   0.0000   0.0000   0.0000   0.0000   0.0000;
049:  9.0100   9.0100   9.0700   9.0800   9.0900   9.0600   9.0100   8.9700   8.8900   8.7900   8.6300   8.4300   8.2700   8.1400   8.0400   7.9400   8.0800   8.0400   0.0000   0.0000   0.0000   0.0000   0.0000;
050:  9.0100   9.0100   9.0700   9.0800   9.0900   9.0600   9.0100   8.9600   8.8800   8.7800   8.6100   8.4200   8.2600   8.1200   8.0200   7.9200   8.0800   8.0400   0.0000   0.0000   0.0000   0.0000   0.0000;
051:  9.0100   9.0100   9.0700   9.0800   9.0900   9.0600   9.0000   8.9500   8.8700   8.7600   8.6000   8.4000   8.2500   8.1100   8.0100   7.9000   8.0800   8.0400   0.0000   0.0000   0.0000   0.0000   0.0000;
052:  9.0100   9.0100   9.0700   9.0800   9.0900   9.0600   9.0000   8.9400   8.8500   8.7500   8.5900   8.3900   8.2300   8.1000   8.0000   7.8900   8.0800   8.0400   0.0000   0.0000   0.0000   0.0000   0.0000;
053:  9.0100   9.0100   9.0700   9.0800   9.0900   9.0600   9.0000   8.9400   8.8400   8.7300   8.5700   8.3800   8.2200   8.0800   7.9800   7.8700   8.0800   8.0400   0.0000   0.0000   0.0000   0.0000   0.0000;
054:  9.0000   9.0000   9.0600   9.0800   9.0900   9.0600   9.0000   8.9300   8.8300   8.7200   8.5600   8.3700   8.2100   8.0700   7.9700   7.8600   8.0800   8.0400   0.0000   0.0000   0.0000   0.0000   0.0000;
055:  9.0000   9.0000   9.0600   9.0800   9.0900   9.0700   9.0000   8.9200   8.8200   8.7100   8.5400   8.3500   8.2000   8.0600   7.9600   7.8400   8.0800   8.0400   0.0000   0.0000   0.0000   0.0000   0.0000;
056:  9.0000   9.0000   9.0600   9.0800   9.0900   9.0700   8.9900   8.9100   8.8100   8.6900   8.5300   8.3400   8.1900   8.0500   7.9500   7.8300   8.0800   8.0400   0.0000   0.0000   0.0000   0.0000   0.0000;
057:  9.0000   9.0000   9.0600   9.0800   9.0900   9.0700   8.9900   8.9000   8.8000   8.6800   8.5200   8.3300   8.1800   8.0300   7.9300   7.8100   8.0800   8.0500   0.0000   0.0000   0.0000   0.0000   0.0000;
058:  9.0000   9.0000   9.0600   9.0800   9.1000   9.0700   8.9900   8.9000   8.7900   8.6700   8.5000   8.3200   8.1600   8.0200   7.9200   7.8000   8.0800   8.0500   0.0000   0.0000   0.0000   0.0000   0.0000;
059:  9.0000   9.0000   9.0600   9.0800   9.1000   9.0800   8.9900   8.8900   8.7800   8.6500   8.4900   8.3100   8.1500   8.0100   7.9100   7.7900   8.0800   8.0500   0.0000   0.0000   0.0000   0.0000   0.0000;
060:  9.0000   9.0000   9.0500   9.0800   9.1000   9.0800   8.9900   8.8800   8.7700   8.6400   8.4800   8.2900   8.1400   8.0000   7.9000   7.7700   8.0800   8.0500   0.0000   0.0000   0.0000   0.0000   0.0000;
061:  9.0000   9.0000   9.0500   9.0800   9.1000   9.0800   8.9900   8.8800   8.7500   8.6300   8.4600   8.2800   8.1300   7.9900   7.8900   7.7600   8.0800   8.0500   0.0000   0.0000   0.0000   0.0000   0.0000;
062:  9.0000   8.9900   9.0500   9.0800   9.1000   9.0900   8.9900   8.8700   8.7400   8.6200   8.4500   8.2700   8.1200   7.9800   7.8800   7.7500   8.0800   8.0500   0.0000   0.0000   0.0000   0.0000   0.0000;
063:  9.0000   8.9900   9.0500   9.0800   9.1000   9.0900   8.9900   8.8600   8.7400   8.6000   8.4400   8.2600   8.1100   7.9700   7.8700   7.7400   8.0800   8.0500   0.0000   0.0000   0.0000   0.0000   0.0000;
064:  9.0000   8.9900   9.0500   9.0800   9.1100   9.0900   8.9800   8.8600   8.7300   8.5900   8.4300   8.2500   8.1000   7.9600   7.8700   7.7300   8.0800   8.0500   0.0000   0.0000   0.0000   0.0000   0.0000;
065:  9.0000   8.9900   9.0500   9.0800   9.1100   9.1000   8.9800   8.8500   8.7200   8.5800   8.4100   8.2300   8.0900   7.9500   7.8600   7.7200   8.0800   8.0500   0.0000   0.0000   0.0000   0.0000   0.0000;
066:  9.0000   8.9900   9.0500   9.0800   9.1100   9.1000   8.9800   8.8400   8.7100   8.5700   8.4000   8.2200   8.0800   7.9400   7.8500   7.7100   8.0900   8.0500   0.0000   0.0000   0.0000   0.0000   0.0000;
067:  9.0000   8.9900   9.0400   9.0800   9.1100   9.1000   8.9800   8.8400   8.7000   8.5600   8.3900   8.2100   8.0700   7.9300   7.8400   7.7100   8.0900   8.0500   0.0000   0.0000   0.0000   0.0000   0.0000;
068:  9.0000   8.9900   9.0400   9.0800   9.1100   9.1100   8.9800   8.8300   8.6900   8.5500   8.3800   8.2000   8.0600   7.9200   7.8400   7.7000   8.0900   8.0500   0.0000   0.0000   0.0000   0.0000   0.0000;
069:  9.0000   8.9900   9.0400   9.0800   9.1200   9.1100   8.9800   8.8300   8.6800   8.5400   8.3700   8.1900   8.0500   7.9100   7.8300   7.6900   8.0900   8.0500   0.0000   0.0000   0.0000   0.0000   0.0000;
070:  9.0000   8.9900   9.0400   9.0800   9.1200   9.1100   8.9800   8.8200   8.6700   8.5300   8.3600   8.1800   8.0500   7.9000   7.8300   7.6900   8.0900   8.0500   0.0000   0.0000   0.0000   0.0000   0.0000;
071:  9.0000   8.9900   9.0400   9.0800   9.1200   9.1200   8.9800   8.8200   8.6700   8.5200   8.3500   8.1700   8.0400   7.8900   7.8200   7.6800   8.0900   8.0500   0.0000   0.0000   0.0000   0.0000   0.0000;
072:  9.0000   8.9900   9.0400   9.0800   9.1200   9.1200   8.9800   8.8100   8.6600   8.5100   8.3300   8.1600   8.0300   7.8900   7.8200   7.6800   8.0900   8.0500   0.0000   0.0000   0.0000   0.0000   0.0000;
073:  9.0000   8.9900   9.0400   9.0800   9.1200   9.1200   8.9800   8.8100   8.6500   8.5000   8.3300   8.1500   8.0200   7.8800   7.8100   7.6700   8.0900   8.0500   0.0000   0.0000   0.0000   0.0000   0.0000;
074:  9.0000   8.9900   9.0400   9.0800   9.1200   9.1200   8.9800   8.8000   8.6500   8.4900   8.3200   8.1400   8.0100   7.8700   7.8100   7.6700   8.0900   8.0500   0.0000   0.0000   0.0000   0.0000   0.0000;
075:  9.0000   8.9900   9.0400   9.0800   9.1300   9.1300   8.9800   8.8000   8.6400   8.4900   8.3100   8.1400   8.0100   7.8700   7.8100   7.6600   8.0900   8.0500   0.0000   0.0000   0.0000   0.0000   0.0000;
076:  9.0000   8.9900   9.0400   9.0800   9.1300   9.1300   8.9800   8.7900   8.6300   8.4800   8.3000   8.1300   8.0000   7.8600   7.8000   7.6600   8.0900   8.0500   0.0000   0.0000   0.0000   0.0000   0.0000;
077:  9.0000   8.9900   9.0400   9.0800   9.1300   9.1300   8.9800   8.7900   8.6300   8.4700   8.2900   8.1200   8.0000   7.8600   7.8000   7.6600   8.0900   8.0500   0.0000   0.0000   0.0000   0.0000   0.0000;
078:  9.0000   8.9900   9.0400   9.0800   9.1300   9.1300   8.9800   8.7900   8.6200   8.4700   8.2800   8.1100   7.9900   7.8500   7.8000   7.6600   8.0900   8.0500   0.0000   0.0000   0.0000   0.0000   0.0000;
079:  9.0000   8.9900   9.0300   9.0800   9.1300   9.1300   8.9800   8.7800   8.6200   8.4600   8.2800   8.1100   7.9900   7.8500   7.8000   7.6600   8.0900   8.0500   0.0000   0.0000   0.0000   0.0000   0.0000;
080:  9.0000   8.9900   9.0300   9.0700   9.1300   9.1300   8.9800   8.7800   8.6100   8.4500   8.2700   8.1000   7.9800   7.8400   7.8000   7.6600   8.0900   8.0500   0.0000   0.0000   0.0000   0.0000   0.0000;
081:  9.0000   8.9900   9.0300   9.0700   9.1300   9.1400   8.9800   8.7800   8.6100   8.4500   8.2600   8.1000   7.9800   7.8400   7.8000   7.6600   8.0900   8.0500   0.0000   0.0000   0.0000   0.0000   0.0000;
082:  9.0000   8.9900   9.0300   9.0700   9.1300   9.1400   8.9800   8.7700   8.6100   8.4500   8.2600   8.0900   7.9700   7.8400   7.8000   7.6600   8.0900   8.0500   0.0000   0.0000   0.0000   0.0000   0.0000;
083:  9.0000   8.9900   9.0300   9.0700   9.1300   9.1400   8.9800   8.7700   8.6000   8.4400   8.2500   8.0900   7.9700   7.8300   7.8000   7.6600   8.0900   8.0500   0.0000   0.0000   0.0000   0.0000   0.0000;
084:  9.0000   8.9900   9.0300   9.0700   9.1300   9.1400   8.9800   8.7700   8.6000   8.4400   8.2500   8.0800   7.9700   7.8300   7.8000   7.6600   8.0900   8.0500   0.0000   0.0000   0.0000   0.0000   0.0000;
085:  9.0000   8.9900   9.0300   9.0700   9.1300   9.1400   8.9800   8.7700   8.6000   8.4300   8.2400   8.0800   7.9600   7.8300   7.8000   7.6600   8.0900   8.0500   0.0000   0.0000   0.0000   0.0000   0.0000;
086:  9.0000   8.9900   9.0300   9.0700   9.1300   9.1400   8.9800   8.7700   8.6000   8.4300   8.2400   8.0800   7.9600   7.8300   7.8000   7.6600   8.0900   8.0500   0.0000   0.0000   0.0000   0.0000   0.0000;
087:  9.0000   8.9900   9.0300   9.0700   9.1300   9.1400   8.9800   8.7600   8.5900   8.4300   8.2400   8.0700   7.9600   7.8300   7.8000   7.6700   8.0900   8.0500   0.0000   0.0000   0.0000   0.0000   0.0000;
088:  9.0000   8.9900   9.0300   9.0700   9.1200   9.1300   8.9800   8.7600   8.5900   8.4300   8.2400   8.0700   7.9600   7.8300   7.8000   7.6700   8.0900   8.0500   0.0000   0.0000   0.0000   0.0000   0.0000;
089:  9.0000   8.9900   9.0300   9.0700   9.1200   9.1300   8.9800   8.7600   8.5900   8.4300   8.2300   8.0700   7.9600   7.8300   7.8000   7.6700   8.0900   8.0500   0.0000   0.0000   0.0000   0.0000   0.0000;
090:  9.0000   8.9900   9.0300   9.0700   9.1200   9.1300   8.9700   8.7600   8.5900   8.4200   8.2300   8.0700   7.9600   7.8300   7.8100   7.6800   8.0900   8.0500   0.0000   0.0000   0.0000   0.0000   0.0000;
091:  9.0000   8.9900   9.0300   9.0600   9.1200   9.1300   8.9700   8.7600   8.5900   8.4200   8.2300   8.0700   7.9600   7.8300   7.8100   7.6800   8.0900   8.0400   0.0000   0.0000   0.0000   0.0000   0.0000;
092:  9.0000   8.9900   9.0300   9.0600   9.1200   9.1300   8.9700   8.7600   8.5900   8.4200   8.2300   8.0700   7.9600   7.8300   7.8100   7.6800   8.0800   8.0400   0.0000   0.0000   0.0000   0.0000   0.0000;
093:  9.0000   8.9900   9.0300   9.0600   9.1100   9.1200   8.9700   8.7600   8.5900   8.4200   8.2300   8.0700   7.9600   7.8300   7.8200   7.6900   8.0800   8.0400   0.0000   0.0000   0.0000   0.0000   0.0000;
094:  9.0000   8.9900   9.0300   9.0600   9.1100   9.1200   8.9700   8.7600   8.5900   8.4300   8.2300   8.0700   7.9600   7.8300   7.8200   7.6900   8.0800   8.0400   0.0000   0.0000   0.0000   0.0000   0.0000;
095:  9.0000   8.9900   9.0200   9.0600   9.1100   9.1200   8.9700   8.7600   8.5900   8.4300   8.2300   8.0700   7.9600   7.8400   7.8200   7.7000   8.0800   8.0400   0.0000   0.0000   0.0000   0.0000   0.0000;
096:  9.0000   8.9900   9.0200   9.0600   9.1100   9.1100   8.9700   8.7600   8.5900   8.4300   8.2400   8.0700   7.9600   7.8400   7.8300   7.7000   8.0800   8.0400   0.0000   0.0000   0.0000   0.0000   0.0000;
097:  9.0000   9.0000   9.0200   9.0500   9.1000   9.1100   8.9600   8.7600   8.5900   8.4300   8.2400   8.0800   7.9600   7.8400   7.8300   7.7100   8.0800   8.0400   0.0000   0.0000   0.0000   0.0000   0.0000;
098:  9.0000   9.0000   9.0200   9.0500   9.1000   9.1100   8.9600   8.7600   8.5900   8.4300   8.2400   8.0800   7.9700   7.8500   7.8400   7.7200   8.0800   8.0400   0.0000   0.0000   0.0000   0.0000   0.0000;
099:  9.0000   9.0000   9.0200   9.0500   9.1000   9.1000   8.9600   8.7600   8.6000   8.4400   8.2400   8.0800   7.9700   7.8500   7.8400   7.7200   8.0800   8.0400   0.0000   0.0000   0.0000   0.0000   0.0000;
100:  9.0000   9.0000   9.0200   9.0500   9.0900   9.1000   8.9600   8.7600   8.6000   8.4400   8.2500   8.0900   7.9700   7.8600   7.8500   7.7300   8.0800   8.0300   0.0000   0.0000   0.0000   0.0000   0.0000;
101:  9.0000   9.0000   9.0200   9.0500   9.0900   9.0900   8.9500   8.7600   8.6000   8.4400   8.2500   8.0900   7.9800   7.8600   7.8500   7.7300   8.0800   8.0300   0.0000   0.0000   0.0000   0.0000   0.0000;
102:  9.0000   9.0000   9.0200   9.0500   9.0800   9.0900   8.9500   8.7600   8.6000   8.4500   8.2600   8.1000   7.9800   7.8700   7.8600   7.7400   8.0800   8.0300   0.0000   0.0000   0.0000   0.0000   0.0000;
103:  9.0000   9.0000   9.0200   9.0400   9.0800   9.0800   8.9500   8.7600   8.6100   8.4500   8.2600   8.1000   7.9900   7.8700   7.8600   7.7500   8.0800   8.0300   0.0000   0.0000   0.0000   0.0000   0.0000;
104:  9.0000   9.0000   9.0200   9.0400   9.0800   9.0800   8.9500   8.7700   8.6100   8.4500   8.2700   8.1100   7.9900   7.8800   7.8700   7.7500   8.0700   8.0300   0.0000   0.0000   0.0000   0.0000   0.0000;
105:  9.0000   9.0000   9.0200   9.0400   9.0700   9.0700   8.9400   8.7700   8.6100   8.4600   8.2700   8.1100   8.0000   7.8800   7.8700   7.7600   8.0700   8.0300   0.0000   0.0000   0.0000   0.0000   0.0000;
106:  9.0000   9.0000   9.0200   9.0400   9.0700   9.0600   8.9400   8.7700   8.6200   8.4600   8.2800   8.1200   8.0000   7.8900   7.8800   7.7700   8.0700   8.0300   0.0000   0.0000   0.0000   0.0000   0.0000;
107:  9.0000   9.0000   9.0200   9.0400   9.0600   9.0600   8.9400   8.7700   8.6200   8.4700   8.2800   8.1300   8.0100   7.8900   7.8900   7.7800   8.0700   8.0300   0.0000   0.0000   0.0000   0.0000   0.0000;
108:  9.0000   9.0000   9.0200   9.0300   9.0600   9.0500   8.9400   8.7700   8.6300   8.4800   8.2900   8.1300   8.0200   7.9000   7.8900   7.7800   8.0700   8.0300   0.0000   0.0000   0.0000   0.0000   0.0000;
109:  9.0000   9.0000   9.0200   9.0300   9.0500   9.0500   8.9300   8.7800   8.6300   8.4800   8.3000   8.1400   8.0200   7.9100   7.9000   7.7900   8.0700   8.0300   0.0000   0.0000   0.0000   0.0000   0.0000;
110:  9.0000   9.0000   9.0200   9.0300   9.0500   9.0400   8.9300   8.7800   8.6400   8.4900   8.3100   8.1500   8.0300   7.9200   7.9000   7.8000   8.0700   8.0300   0.0000   0.0000   0.0000   0.0000   0.0000;
111:  9.0000   9.0000   9.0200   9.0300   9.0400   9.0300   8.9300   8.7800   8.6400   8.4900   8.3100   8.1600   8.0400   7.9200   7.9100   7.8100   8.0700   8.0300   0.0000   0.0000   0.0000   0.0000   0.0000;
112:  9.0100   9.0100   9.0200   9.0200   9.0400   9.0300   8.9300   8.7800   8.6500   8.5000   8.3200   8.1600   8.0400   7.9300   7.9200   7.8100   8.0700   8.0300   0.0000   0.0000   0.0000   0.0000   0.0000;
113:  9.0100   9.0100   9.0200   9.0200   9.0300   9.0200   8.9200   8.7800   8.6500   8.5100   8.3300   8.1700   8.0500   7.9400   7.9200   7.8200   8.0700   8.0300   0.0000   0.0000   0.0000   0.0000   0.0000;
114:  9.0100   9.0100   9.0200   9.0200   9.0300   9.0100   8.9200   8.7900   8.6600   8.5100   8.3400   8.1800   8.0600   7.9500   7.9300   7.8300   8.0700   8.0300   0.0000   0.0000   0.0000   0.0000   0.0000;
115:  9.0100   9.0100   9.0100   9.0200   9.0200   9.0100   8.9200   8.7900   8.6600   8.5200   8.3500   8.1900   8.0700   7.9600   7.9400   7.8400   8.0700   8.0300   0.0000   0.0000   0.0000   0.0000   0.0000;
116:  9.0100   9.0100   9.0100   9.0200   9.0200   9.0000   8.9200   8.7900   8.6700   8.5300   8.3600   8.2000   8.0800   7.9700   7.9400   7.8500   8.0700   8.0300   0.0000   0.0000   0.0000   0.0000   0.0000;
117:  9.0100   9.0100   9.0100   9.0100   9.0200   9.0000   8.9100   8.8000   8.6700   8.5400   8.3700   8.2100   8.0800   7.9700   7.9500   7.8500   8.0800   8.0300   0.0000   0.0000   0.0000   0.0000   0.0000;
118:  9.0100   9.0100   9.0100   9.0100   9.0100   8.9900   8.9100   8.8000   8.6800   8.5400   8.3800   8.2200   8.0900   7.9800   7.9600   7.8600   8.0800   8.0300   0.0000   0.0000   0.0000   0.0000   0.0000;
119:  9.0100   9.0100   9.0100   9.0100   9.0100   8.9800   8.9100   8.8000   8.6800   8.5500   8.3900   8.2300   8.1000   7.9900   7.9700   7.8700   8.0800   8.0300   0.0000   0.0000   0.0000   0.0000   0.0000;
120:  9.0100   9.0100   9.0100   9.0100   9.0000   8.9800   8.9100   8.8000   8.6900   8.5600   8.4000   8.2400   8.1100   8.0000   7.9700   7.8800   8.0800   8.0300   0.0000   0.0000   0.0000   0.0000   0.0000;
121:  9.0100   9.0100   9.0100   9.0100   9.0000   8.9700   8.9100   8.8100   8.7000   8.5700   8.4100   8.2500   8.1200   8.0100   7.9800   7.8900   8.0800   8.0300   0.0000   0.0000   0.0000   0.0000   0.0000;
122:  9.0100   9.0100   9.0100   9.0100   8.9900   8.9700   8.9000   8.8100   8.7000   8.5800   8.4200   8.2600   8.1300   8.0200   7.9900   7.9000   8.0800   8.0400   0.0000   0.0000   0.0000   0.0000   0.0000;
123:  9.0100   9.0100   9.0100   9.0100   8.9900   8.9600   8.9000   8.8100   8.7100   8.5800   8.4300   8.2700   8.1400   8.0300   8.0000   7.9100   8.0900   8.0400   0.0000   0.0000   0.0000   0.0000   0.0000;
124:  9.0100   9.0100   9.0100   9.0000   8.9800   8.9600   8.9000   8.8200   8.7100   8.5900   8.4400   8.2800   8.1500   8.0400   8.0000   7.9200   8.0900   8.0400   0.0000   0.0000   0.0000   0.0000   0.0000;
125:  9.0100   9.0100   9.0100   9.0000   8.9800   8.9500   8.9000   8.8200   8.7200   8.6000   8.4500   8.2900   8.1600   8.0500   8.0100   7.9200   8.0900   8.0400   0.0000   0.0000   0.0000   0.0000   0.0000;
126:  9.0100   9.0100   9.0100   9.0000   8.9800   8.9500   8.9000   8.8200   8.7200   8.6100   8.4600   8.3000   8.1700   8.0600   8.0200   7.9300   8.0900   8.0500   0.0000   0.0000   0.0000   0.0000   0.0000;
127:  9.0200   9.0200   9.0100   9.0000   8.9700   8.9400   8.9000   8.8200   8.7300   8.6200   8.4700   8.3100   8.1800   8.0700   8.0300   7.9400   8.1000   8.0500   0.0000   0.0000   0.0000   0.0000   0.0000;
128:  9.0200   9.0200   9.0100   9.0000   8.9700   8.9400   8.8900   8.8300   8.7400   8.6200   8.4800   8.3200   8.1900   8.0800   8.0300   7.9500   8.1000   8.0500   0.0000   0.0000   0.0000   0.0000   0.0000;
129:  9.0200   9.0200   9.0100   9.0000   8.9700   8.9300   8.8900   8.8300   8.7400   8.6300   8.4900   8.3300   8.2000   8.0900   8.0400   7.9600   8.1000   8.0600   0.0000   0.0000   0.0000   0.0000   0.0000;
130:  9.0200   9.0200   9.0100   9.0000   8.9600   8.9300   8.8900   8.8300   8.7500   8.6400   8.5000   8.3500   8.2100   8.1000   8.0500   7.9700   8.1100   8.0600   0.0000   0.0000   0.0000   0.0000   0.0000;
131:  9.0200   9.0200   9.0100   9.0000   8.9600   8.9300   8.8900   8.8400   8.7500   8.6500   8.5100   8.3600   8.2200   8.1100   8.0600   7.9800   8.1100   8.0600   0.0000   0.0000   0.0000   0.0000   0.0000;
132:  9.0200   9.0200   9.0100   9.0000   8.9600   8.9200   8.8900   8.8400   8.7600   8.6500   8.5200   8.3700   8.2300   8.1200   8.0700   7.9900   8.1200   8.0700   0.0000   0.0000   0.0000   0.0000   0.0000;
133:  9.0200   9.0200   9.0100   8.9900   8.9500   8.9200   8.8900   8.8400   8.7600   8.6600   8.5300   8.3800   8.2400   8.1300   8.0700   8.0000   8.1200   8.0700   0.0000   0.0000   0.0000   0.0000   0.0000;
134:  9.0200   9.0200   9.0100   8.9900   8.9500   8.9200   8.8900   8.8400   8.7700   8.6700   8.5400   8.3900   8.2500   8.1400   8.0800   8.0100   8.1300   8.0800   0.0000   0.0000   0.0000   0.0000   0.0000;
135:  9.0200   9.0200   9.0100   8.9900   8.9500   8.9200   8.8900   8.8500   8.7700   8.6800   8.5500   8.4000   8.2600   8.1500   8.0900   8.0200   8.1300   8.0800   0.0000   0.0000   0.0000   0.0000   0.0000;
136:  9.0200   9.0200   9.0100   8.9900   8.9500   8.9100   8.8900   8.8500   8.7800   8.6800   8.5600   8.4100   8.2700   8.1600   8.1000   8.0300   8.1300   8.0900   0.0000   0.0000   0.0000   0.0000   0.0000;
137:  9.0200   9.0200   9.0100   8.9900   8.9500   8.9100   8.8900   8.8500   8.7800   8.6900   8.5700   8.4200   8.2800   8.1700   8.1100   8.0400   8.1400   8.0900   0.0000   0.0000   0.0000   0.0000   0.0000;
138:  9.0200   9.0200   9.0100   8.9900   8.9400   8.9100   8.8900   8.8500   8.7900   8.7000   8.5800   8.4300   8.2900   8.1800   8.1100   8.0500   8.1500   8.1000   0.0000   0.0000   0.0000   0.0000   0.0000;
139:  9.0200   9.0200   9.0100   8.9900   8.9400   8.9100   8.8900   8.8600   8.7900   8.7000   8.5800   8.4400   8.3000   8.1900   8.1200   8.0600   8.1500   8.1000   0.0000   0.0000   0.0000   0.0000   0.0000;
140:  9.0200   9.0200   9.0100   8.9900   8.9400   8.9100   8.8900   8.8600   8.7900   8.7100   8.5900   8.4500   8.3100   8.2000   8.1300   8.0700   8.1600   8.1100   0.0000   0.0000   0.0000   0.0000   0.0000;
141:  9.0200   9.0200   9.0100   8.9900   8.9400   8.9100   8.8900   8.8600   8.8000   8.7200   8.6000   8.4600   8.3200   8.2100   8.1400   8.0800   8.1600   8.1200   0.0000   0.0000   0.0000   0.0000   0.0000;
142:  9.0200   9.0200   9.0100   8.9900   8.9400   8.9100   8.8900   8.8600   8.8000   8.7200   8.6100   8.4700   8.3300   8.2200   8.1500   8.0900   8.1700   8.1200   0.0000   0.0000   0.0000   0.0000   0.0000;
143:  9.0200   9.0200   9.0100   8.9900   8.9400   8.9100   8.8900   8.8600   8.8100   8.7300   8.6200   8.4800   8.3400   8.2300   8.1600   8.1000   8.1700   8.1300   0.0000   0.0000   0.0000   0.0000   0.0000;
144:  9.0200   9.0200   9.0100   8.9900   8.9400   8.9100   8.8900   8.8600   8.8100   8.7400   8.6300   8.4900   8.3500   8.2400   8.1600   8.1100   8.1800   8.1400   0.0000   0.0000   0.0000   0.0000   0.0000;
145:  9.0200   9.0200   9.0100   8.9900   8.9400   8.9100   8.8900   8.8700   8.8100   8.7400   8.6400   8.5000   8.3600   8.2500   8.1700   8.1200   8.1900   8.1400   0.0000   0.0000   0.0000   0.0000   0.0000;
146:  9.0200   9.0200   9.0100   8.9900   8.9400   8.9100   8.8900   8.8700   8.8200   8.7500   8.6400   8.5100   8.3700   8.2500   8.1800   8.1300   8.1900   8.1500   0.0000   0.0000   0.0000   0.0000   0.0000;
147:  9.0200   9.0200   9.0100   8.9900   8.9400   8.9100   8.8900   8.8700   8.8200   8.7500   8.6500   8.5200   8.3800   8.2600   8.1900   8.1400   8.2000   8.1600   8.0300   0.0000   0.0000   0.0000   0.0000;
148:  9.0200   9.0200   9.0100   8.9900   8.9400   8.9100   8.8900   8.8700   8.8200   8.7600   8.6600   8.5300   8.3900   8.2700   8.2000   8.1500   8.2000   8.1600   8.0400   7.9100   0.0000   0.0000   0.0000;
149:  9.0200   9.0300   9.0100   8.9900   8.9400   8.9100   8.9000   8.8700   8.8200   8.7600   8.6700   8.5300   8.3900   8.2800   8.2000   8.1600   8.2100   8.1700   8.0600   7.9300   0.0000   0.0000   0.0000;
150:  9.0200   9.0300   9.0100   8.9900   8.9400   8.9100   8.9000   8.8700   8.8300   8.7600   8.6700   8.5400   8.4000   8.2900   8.2100   8.1700   8.2200   8.1800   8.0800   7.9500   0.0000   0.0000   0.0000;
151:  9.0200   9.0300   9.0100   8.9900   8.9400   8.9100   8.9000   8.8700   8.8300   8.7700   8.6800   8.5500   8.4100   8.3000   8.2200   8.1800   8.2200   8.1800   8.0900   7.9700   0.0000   0.0000   0.0000;
152:  9.0200   9.0300   9.0100   8.9900   8.9400   8.9100   8.9000   8.8700   8.8300   8.7700   8.6900   8.5600   8.4200   8.3000   8.2300   8.1900   8.2300   8.1900   8.1100   8.0000   0.0000   0.0000   0.0000;
153:  9.0200   9.0300   9.0100   8.9900   8.9400   8.9100   8.9000   8.8700   8.8300   8.7800   8.6900   8.5700   8.4300   8.3100   8.2300   8.2000   8.2300   8.2000   8.1300   8.0200   0.0000   0.0000   0.0000;
154:  9.0200   9.0300   9.0100   8.9900   8.9400   8.9100   8.9000   8.8700   8.8300   8.7800   8.7000   8.5700   8.4400   8.3200   8.2400   8.2100   8.2400   8.2000   8.1500   8.0400   0.0000   0.0000   0.0000;
155:  9.0200   9.0300   9.0100   9.0000   8.9400   8.9100   8.9000   8.8700   8.8300   8.7800   8.7000   8.5800   8.4400   8.3300   8.2500   8.2200   8.2500   8.2100   8.1600   8.0700   7.9500   0.0000   0.0000;
156:  9.0200   9.0300   9.0100   9.0000   8.9400   8.9200   8.9000   8.8700   8.8300   8.7800   8.7100   8.5900   8.4500   8.3300   8.2500   8.2200   8.2500   8.2200   8.1800   8.0900   7.9800   0.0000   0.0000;
157:  9.0200   9.0200   9.0100   9.0000   8.9400   8.9200   8.9000   8.8700   8.8300   8.7900   8.7100   8.6000   8.4600   8.3400   8.2600   8.2300   8.2600   8.2200   8.2000   8.1200   8.0100   0.0000   0.0000;
158:  9.0200   9.0200   9.0100   9.0000   8.9400   8.9200   8.9000   8.8700   8.8300   8.7900   8.7200   8.6000   8.4600   8.3400   8.2700   8.2400   8.2600   8.2300   8.2200   8.1400   8.0400   0.0000   0.0000;
159:  9.0200   9.0200   9.0100   9.0000   8.9500   8.9200   8.9000   8.8700   8.8300   8.7900   8.7200   8.6100   8.4700   8.3500   8.2700   8.2500   8.2700   8.2400   8.2400   8.1600   8.0700   0.0000   0.0000;
160:  9.0200   9.0200   9.0100   9.0000   8.9500   8.9200   8.9000   8.8700   8.8300   8.7900   8.7300   8.6100   8.4800   8.3600   8.2800   8.2600   8.2700   8.2400   8.2600   8.1800   8.0900   0.0000   0.0000;
161:  9.0200   9.0200   9.0100   9.0000   8.9500   8.9200   8.9000   8.8700   8.8300   8.7900   8.7300   8.6200   8.4800   8.3600   8.2900   8.2600   8.2800   8.2500   8.2800   8.2100   8.1200   0.0000   0.0000;
162:  9.0200   9.0200   9.0100   9.0000   8.9500   8.9200   8.9000   8.8700   8.8300   8.8000   8.7300   8.6300   8.4900   8.3700   8.2900   8.2700   8.2800   8.2600   8.3000   8.2300   8.1400   0.0000   0.0000;
163:  9.0200   9.0200   9.0100   9.0000   8.9500   8.9200   8.9000   8.8700   8.8300   8.8000   8.7400   8.6300   8.4900   8.3700   8.3000   8.2800   8.2800   8.2600   8.3200   8.2500   8.1700   0.0000   0.0000;
164:  9.0200   9.0200   9.0000   9.0000   8.9500   8.9300   8.9000   8.8700   8.8300   8.8000   8.7400   8.6400   8.5000   8.3700   8.3000   8.2800   8.2900   8.2700   8.3400   8.2800   8.1900   0.0000   0.0000;
165:  9.0200   9.0200   9.0000   9.0000   8.9500   8.9300   8.9000   8.8700   8.8300   8.8000   8.7400   8.6400   8.5000   8.3800   8.3100   8.2900   8.2900   8.2700   8.3600   8.3100   8.2200   0.0000   0.0000;
166:  9.0200   9.0200   9.0000   9.0000   8.9500   8.9300   8.9000   8.8700   8.8300   8.8000   8.7500   8.6500   8.5100   8.3800   8.3100   8.3000   8.2900   8.2800   8.3700   8.3400   8.2400   0.0000   0.0000;
167:  9.0200   9.0200   9.0000   9.0000   8.9500   8.9300   8.9000   8.8700   8.8300   8.8000   8.7500   8.6500   8.5100   8.3900   8.3200   8.3000   8.3000   8.2800   8.3900   8.3700   8.2700   0.0000   0.0000;
168:  9.0200   9.0200   9.0000   9.0000   8.9600   8.9300   8.9000   8.8600   8.8300   8.8000   8.7500   8.6500   8.5200   8.3900   8.3200   8.3100   8.3000   8.2900   8.4100   8.4000   8.3000   0.0000   0.0000;
169:  9.0200   9.0200   9.0000   9.0000   8.9600   8.9300   8.9000   8.8600   8.8200   8.8000   8.7500   8.6600   8.5200   8.3900   8.3200   8.3100   8.3000   8.2900   8.4200   8.4300   8.3300   0.0000   0.0000;
170:  9.0200   9.0200   9.0000   9.0000   8.9600   8.9300   8.9000   8.8600   8.8200   8.8000   8.7500   8.6600   8.5200   8.3900   8.3300   8.3100   8.3000   8.2900   8.4400   8.4500   8.3600   0.0000   0.0000;
171:  9.0200   9.0200   9.0000   9.0000   8.9600   8.9300   8.9000   8.8600   8.8200   8.7900   8.7600   8.6600   8.5300   8.4000   8.3300   8.3200   8.3100   8.3000   8.4400   8.4800   8.4000   0.0000   0.0000;
172:  9.0200   9.0200   9.0000   9.0000   8.9600   8.9300   8.9000   8.8600   8.8200   8.7900   8.7600   8.6700   8.5300   8.4000   8.3300   8.3200   8.3100   8.3000   8.4500   8.5000   8.4300   0.0000   0.0000;
173:  9.0200   9.0200   9.0000   8.9900   8.9600   8.9300   8.9000   8.8500   8.8200   8.7900   8.7600   8.6700   8.5300   8.4000   8.3300   8.3200   8.3100   8.3000   8.4500   8.5200   8.4700   0.0000   0.0000;
174:  9.0200   9.0200   8.9900   8.9900   8.9600   8.9300   8.8900   8.8500   8.8100   8.7900   8.7600   8.6700   8.5300   8.4000   8.3300   8.3300   8.3100   8.3000   8.4500   8.5300   8.5100   0.0000   0.0000;
175:  9.0100   9.0100   8.9900   8.9900   8.9600   8.9300   8.8900   8.8500   8.8100   8.7900   8.7600   8.6700   8.5400   8.4000   8.3400   8.3300   8.3100   8.3100   8.4500   8.5500   8.5400   0.0000   0.0000;
176:  9.0100   9.0100   8.9900   8.9900   8.9600   8.9300   8.8900   8.8500   8.8100   8.7900   8.7600   8.6700   8.5400   8.4000   8.3400   8.3300   8.3100   8.3100   8.4500   8.5600   8.5700   0.0000   0.0000;
177:  9.0100   9.0100   8.9900   8.9900   8.9600   8.9300   8.8900   8.8400   8.8000   8.7800   8.7600   8.6800   8.5400   8.4000   8.3400   8.3300   8.3100   8.3100   8.4400   8.5600   8.6000   0.0000   0.0000;
178:  9.0100   9.0100   8.9900   8.9900   8.9600   8.9300   8.8900   8.8400   8.8000   8.7800   8.7600   8.6800   8.5400   8.4000   8.3400   8.3300   8.3100   8.3100   8.4400   8.5700   8.6200   0.0000   0.0000;
179:  9.0100   9.0100   8.9900   8.9900   8.9600   8.9200   8.8800   8.8400   8.8000   8.7800   8.7600   8.6800   8.5400   8.4000   8.3400   8.3300   8.3100   8.3100   8.4300   8.5700   8.6400   0.0000   0.0000;
180:  9.0100   9.0100   8.9800   8.9900   8.9600   8.9200   8.8800   8.8400   8.7900   8.7800   8.7600   8.6800   8.5400   8.4000   8.3400   8.3300   8.3000   8.3100   8.4300   8.5700   8.6500   0.0000   0.0000;
181:  9.0100   9.0100   8.9800   8.9900   8.9600   8.9200   8.8800   8.8300   8.7900   8.7700   8.7500   8.6800   8.5400   8.4000   8.3400   8.3300   8.3000   8.3100   8.4200   8.5700   8.6600   8.6600   0.0000;
182:  9.0100   9.0100   8.9800   8.9900   8.9600   8.9200   8.8800   8.8300   8.7900   8.7700   8.7500   8.6800   8.5400   8.4000   8.3300   8.3300   8.3000   8.3100   8.4100   8.5800   8.6700   8.6800   0.0000;
183:  9.0000   9.0000   8.9800   8.9900   8.9600   8.9200   8.8700   8.8300   8.7800   8.7700   8.7500   8.6800   8.5400   8.3900   8.3300   8.3200   8.3000   8.3100   8.4100   8.5800   8.6700   8.6900   0.0000;
184:  9.0000   9.0000   8.9800   8.9800   8.9600   8.9100   8.8700   8.8200   8.7800   8.7600   8.7500   8.6800   8.5400   8.3900   8.3300   8.3200   8.2900   8.3100   8.4000   8.5800   8.6600   8.6900   0.0000;
185:  9.0000   9.0000   8.9800   8.9800   8.9600   8.9100   8.8700   8.8200   8.7800   8.7600   8.7500   8.6800   8.5400   8.3900   8.3300   8.3200   8.2900   8.3100   8.4000   8.5800   8.6600   8.6900   0.0000;
186:  9.0000   9.0000   8.9700   8.9800   8.9500   8.9100   8.8600   8.8200   8.7700   8.7600   8.7500   8.6800   8.5400   8.3900   8.3300   8.3200   8.2900   8.3000   8.3900   8.5800   8.6500   8.6900   0.0000;
187:  9.0000   9.0000   8.9700   8.9800   8.9500   8.9000   8.8600   8.8100   8.7700   8.7500   8.7400   8.6700   8.5300   8.3800   8.3200   8.3100   8.2800   8.3000   8.3900   8.5800   8.6400   8.6800   0.0000;
188:  9.0000   9.0000   8.9700   8.9800   8.9500   8.9000   8.8600   8.8100   8.7700   8.7500   8.7400   8.6700   8.5300   8.3800   8.3200   8.3100   8.2800   8.3000   8.3900   8.5700   8.6300   8.6600   0.0000;
189:  9.0000   9.0000   8.9700   8.9800   8.9500   8.9000   8.8500   8.8100   8.7600   8.7500   8.7400   8.6700   8.5300   8.3800   8.3100   8.3000   8.2700   8.3000   8.3800   8.5700   8.6200   8.6400   0.0000;
190:  9.0000   9.0000   8.9700   8.9800   8.9500   8.8900   8.8500   8.8000   8.7600   8.7400   8.7300   8.6700   8.5300   8.3700   8.3100   8.3000   8.2700   8.2900   8.3700   8.5600   8.6000   8.6100   0.0000;
191:  9.0000   8.9900   8.9700   8.9700   8.9500   8.8900   8.8400   8.8000   8.7500   8.7400   8.7300   8.6700   8.5200   8.3700   8.3100   8.2900   8.2600   8.2900   8.3700   8.5500   8.5800   8.5900   0.0000;
192:  9.0000   8.9900   8.9600   8.9700   8.9500   8.8900   8.8400   8.8000   8.7500   8.7300   8.7300   8.6600   8.5200   8.3600   8.3000   8.2800   8.2600   8.2800   8.3600   8.5300   8.5600   8.5500   0.0000;
193:  9.0000   8.9900   8.9600   8.9700   8.9400   8.8800   8.8400   8.7900   8.7500   8.7300   8.7200   8.6600   8.5200   8.3600   8.3000   8.2800   8.2500   8.2800   8.3500   8.5100   8.5400   8.5200   0.0000;
194:  9.0000   8.9900   8.9600   8.9700   8.9400   8.8800   8.8300   8.7900   8.7400   8.7300   8.7200   8.6600   8.5100   8.3600   8.2900   8.2700   8.2500   8.2700   8.3300   8.4900   8.5200   8.4900   0.0000;
195:  9.0000   8.9900   8.9600   8.9700   8.9400   8.8700   8.8300   8.7900   8.7400   8.7200   8.7200   8.6500   8.5100   8.3500   8.2800   8.2600   8.2400   8.2700   8.3200   8.4600   8.4900   8.4600   0.0000;
196:  9.0000   8.9900   8.9600   8.9600   8.9400   8.8700   8.8200   8.7800   8.7300   8.7200   8.7100   8.6500   8.5000   8.3500   8.2800   8.2600   8.2300   8.2600   8.3000   8.4400   8.4700   8.4300   0.0000;
197:  9.0000   8.9900   8.9500   8.9600   8.9400   8.8700   8.8200   8.7800   8.7300   8.7100   8.7100   8.6400   8.5000   8.3400   8.2700   8.2500   8.2300   8.2600   8.2900   8.4100   8.4400   8.4000   0.0000;
198:  8.9900   8.9800   8.9500   8.9600   8.9300   8.8600   8.8100   8.7800   8.7300   8.7100   8.7000   8.6400   8.4900   8.3300   8.2600   8.2400   8.2200   8.2500   8.2700   8.3800   8.4200   8.3800   0.0000;
199:  8.9900   8.9800   8.9500   8.9600   8.9300   8.8600   8.8100   8.7700   8.7200   8.7000   8.7000   8.6300   8.4900   8.3300   8.2600   8.2300   8.2100   8.2500   8.2500   8.3600   8.4000   8.3600   0.0000;
200:  8.9900   8.9800   8.9500   8.9600   8.9300   8.8500   8.8100   8.7700   8.7200   8.7000   8.6900   8.6300   8.4800   8.3200   8.2500   8.2200   8.2000   8.2400   8.2400   8.3300   8.3700   8.3400   0.0000;
201:  8.9900   8.9800   8.9500   8.9600   8.9300   8.8500   8.8000   8.7700   8.7200   8.7000   8.6900   8.6200   8.4800   8.3200   8.2400   8.2200   8.2000   8.2300   8.2200   8.3100   8.3600   8.3200   0.0000;
202:  8.9900   8.9800   8.9500   8.9500   8.9200   8.8400   8.8000   8.7700   8.7100   8.6900   8.6800   8.6200   8.4700   8.3100   8.2400   8.2100   8.1900   8.2300   8.2100   8.2900   8.3400   8.3100   0.0000;
203:  8.9900   8.9800   8.9500   8.9500   8.9200   8.8400   8.7900   8.7600   8.7100   8.6900   8.6800   8.6100   8.4700   8.3000   8.2300   8.2000   8.1800   8.2200   8.2000   8.2800   8.3300   8.3000   0.0000;
204:  8.9900   8.9800   8.9400   8.9500   8.9200   8.8400   8.7900   8.7600   8.7000   8.6800   8.6700   8.6100   8.4600   8.3000   8.2200   8.1900   8.1700   8.2100   8.1900   8.2700   8.3200   8.2900   0.0000;
205:  8.9900   8.9800   8.9400   8.9500   8.9200   8.8300   8.7900   8.7600   8.7000   8.6800   8.6700   8.6000   8.4500   8.2900   8.2100   8.1800   8.1700   8.2000   8.1800   8.2600   8.3100   0.0000   0.0000;
206:  8.9900   8.9700   8.9400   8.9500   8.9200   8.8300   8.7800   8.7500   8.7000   8.6700   8.6600   8.6000   8.4500   8.2900   8.2100   8.1700   8.1600   8.2000   8.1800   8.2500   8.3100   0.0000   0.0000;
207:  8.9900   8.9700   8.9400   8.9500   8.9100   8.8200   8.7800   8.7500   8.6900   8.6700   8.6600   8.5900   8.4400   8.2800   8.2000   8.1600   8.1500   8.1900   8.1800   8.2500   8.3000   0.0000   0.0000;
208:  8.9900   8.9700   8.9400   8.9400   8.9100   8.8200   8.7800   8.7500   8.6900   8.6700   8.6500   8.5800   8.4300   8.2700   8.1900   8.1500   8.1400   8.1800   8.1800   8.2400   0.0000   0.0000   0.0000;
209:  8.9900   8.9700   8.9400   8.9400   8.9100   8.8200   8.7700   8.7500   8.6900   8.6600   8.6500   8.5800   8.4300   8.2700   8.1800   8.1400   8.1400   8.1700   8.1800   8.2400   0.0000   0.0000   0.0000;
210:  8.9900   8.9700   8.9400   8.9400   8.9100   8.8100   8.7700   8.7400   8.6900   8.6600   8.6400   8.5700   8.4200   8.2600   8.1700   8.1300   8.1300   8.1700   8.1800   8.2300   0.0000   0.0000   0.0000;
211:  8.9900   8.9700   8.9400   8.9400   8.9000   8.8100   8.7700   8.7400   8.6800   8.6500   8.6300   8.5600   8.4100   8.2500   8.1700   8.1200   8.1200   8.1600   8.1800   8.2200   0.0000   0.0000   0.0000;
212:  8.9900   8.9700   8.9400   8.9400   8.9000   8.8100   8.7600   8.7400   8.6800   8.6500   8.6300   8.5500   8.4100   8.2500   8.1600   8.1100   8.1100   8.1500   8.1800   8.2000   0.0000   0.0000   0.0000;
213:  8.9900   8.9700   8.9400   8.9400   8.9000   8.8000   8.7600   8.7400   8.6800   8.6500   8.6200   8.5500   8.4000   8.2400   8.1500   8.1100   8.1100   8.1400   8.1800   8.1800   0.0000   0.0000   0.0000;
214:  8.9900   8.9700   8.9300   8.9400   8.9000   8.8000   8.7600   8.7300   8.6700   8.6400   8.6200   8.5400   8.3900   8.2300   8.1400   8.1000   8.1000   8.1300   8.1700   8.1600   0.0000   0.0000   0.0000;
215:  8.9900   8.9700   8.9300   8.9400   8.8900   8.8000   8.7500   8.7300   8.6700   8.6400   8.6100   8.5300   8.3800   8.2300   8.1300   8.0900   8.0900   8.1300   8.1700   8.1400   0.0000   0.0000   0.0000;
216:  8.9800   8.9600   8.9300   8.9300   8.8900   8.7900   8.7500   8.7300   8.6700   8.6300   8.6000   8.5200   8.3800   8.2200   8.1300   8.0800   8.0900   8.1200   8.1600   8.1100   0.0000   0.0000   0.0000;
217:  8.9800   8.9600   8.9300   8.9300   8.8900   8.7900   8.7500   8.7300   8.6700   8.6300   8.6000   8.5200   8.3700   8.2100   8.1200   8.0700   8.0800   8.1100   8.1500   0.0000   0.0000   0.0000   0.0000;
218:  8.9800   8.9600   8.9300   8.9300   8.8900   8.7900   8.7500   8.7200   8.6600   8.6300   8.5900   8.5100   8.3600   8.2100   8.1100   8.0600   8.0700   8.1000   8.1400   0.0000   0.0000   0.0000   0.0000;
219:  8.9800   8.9600   8.9300   8.9300   8.8900   8.7900   8.7500   8.7200   8.6600   8.6200   8.5800   8.5000   8.3500   8.2000   8.1000   8.0500   8.0700   8.1000   8.1300   0.0000   0.0000   0.0000   0.0000;
220:  8.9800   8.9600   8.9300   8.9300   8.8900   8.7900   8.7500   8.7200   8.6600   8.6200   8.5800   8.4900   8.3500   8.1900   8.1000   8.0500   8.0600   8.0900   8.1100   0.0000   0.0000   0.0000   0.0000;
221:  8.9800   8.9600   8.9300   8.9300   8.8800   8.7800   8.7400   8.7200   8.6600   8.6200   8.5700   8.4800   8.3400   8.1900   8.0900   8.0400   8.0500   8.0800   0.0000   0.0000   0.0000   0.0000   0.0000;
222:  8.9800   8.9600   8.9300   8.9300   8.8800   8.7800   8.7400   8.7200   8.6500   8.6100   8.5700   8.4800   8.3300   8.1800   8.0800   8.0300   8.0500   8.0700   0.0000   0.0000   0.0000   0.0000   0.0000;
223:  8.9800   8.9600   8.9300   8.9300   8.8800   8.7800   8.7400   8.7100   8.6500   8.6100   8.5600   8.4700   8.3200   8.1800   8.0800   8.0200   8.0400   8.0700   0.0000   0.0000   0.0000   0.0000   0.0000;
224:  8.9800   8.9600   8.9300   8.9300   8.8800   8.7800   8.7400   8.7100   8.6500   8.6100   8.5500   8.4600   8.3200   8.1700   8.0700   8.0200   8.0300   8.0600   0.0000   0.0000   0.0000   0.0000   0.0000;
225:  8.9800   8.9600   8.9300   8.9300   8.8800   8.7800   8.7400   8.7100   8.6500   8.6000   8.5500   8.4500   8.3100   8.1700   8.0600   8.0100   8.0300   8.0500   0.0000   0.0000   0.0000   0.0000   0.0000;
226:  8.9800   8.9600   8.9300   8.9300   8.8800   8.7800   8.7400   8.7100   8.6500   8.6000   8.5400   8.4400   8.3000   8.1600   8.0600   8.0100   8.0200   8.0500   0.0000   0.0000   0.0000   0.0000   0.0000;
227:  8.9800   8.9600   8.9300   8.9300   8.8800   8.7800   8.7400   8.7100   8.6400   8.6000   8.5300   8.4300   8.3000   8.1500   8.0500   8.0000   8.0200   8.0400   0.0000   0.0000   0.0000   0.0000   0.0000;
228:  8.9800   8.9600   8.9400   8.9300   8.8800   8.7800   8.7400   8.7100   8.6400   8.5900   8.5300   8.4300   8.2900   8.1500   8.0500   7.9900   8.0100   8.0300   0.0000   0.0000   0.0000   0.0000   0.0000;
229:  8.9800   8.9600   8.9400   8.9300   8.8800   8.7800   8.7400   8.7100   8.6400   8.5900   8.5200   8.4200   8.2800   8.1400   8.0400   7.9900   8.0100   8.0300   0.0000   0.0000   0.0000   0.0000   0.0000;
230:  8.9800   8.9600   8.9400   8.9300   8.8700   8.7800   8.7400   8.7000   8.6400   8.5900   8.5200   8.4100   8.2800   8.1400   8.0400   7.9800   8.0000   8.0200   0.0000   0.0000   0.0000   0.0000   0.0000;
231:  8.9800   8.9600   8.9400   8.9300   8.8700   8.7800   8.7400   8.7000   8.6400   8.5800   8.5100   8.4000   8.2700   8.1300   8.0300   7.9800   8.0000   8.0100   0.0000   0.0000   0.0000   0.0000   0.0000;
232:  8.9800   8.9600   8.9400   8.9300   8.8700   8.7800   8.7400   8.7000   8.6300   8.5800   8.5100   8.3900   8.2600   8.1300   8.0300   7.9800   8.0000   8.0100   0.0000   0.0000   0.0000   0.0000   0.0000;
233:  8.9800   8.9600   8.9400   8.9300   8.8700   8.7800   8.7400   8.7000   8.6300   8.5800   8.5000   8.3900   8.2600   8.1200   8.0200   7.9700   7.9900   8.0000   0.0000   0.0000   0.0000   0.0000   0.0000;
234:  8.9800   8.9600   8.9400   8.9300   8.8700   8.7800   8.7400   8.7000   8.6300   8.5800   8.4900   8.3800   8.2500   8.1200   8.0200   7.9700   7.9900   8.0000   0.0000   0.0000   0.0000   0.0000   0.0000;
235:  8.9800   8.9600   8.9400   8.9300   8.8700   8.7800   8.7400   8.7000   8.6300   8.5700   8.4900   8.3700   8.2400   8.1200   8.0100   7.9700   7.9900   7.9900   0.0000   0.0000   0.0000   0.0000   0.0000;
236:  8.9800   8.9600   8.9400   8.9300   8.8700   8.7900   8.7400   8.7000   8.6300   8.5700   8.4800   8.3600   8.2400   8.1100   8.0100   7.9600   7.9800   7.9900   0.0000   0.0000   0.0000   0.0000   0.0000;
237:  8.9800   8.9600   8.9400   8.9300   8.8700   8.7900   8.7400   8.7000   8.6300   8.5700   8.4800   8.3600   8.2300   8.1100   8.0100   7.9600   7.9800   7.9800   0.0000   0.0000   0.0000   0.0000   0.0000;
238:  8.9800   8.9600   8.9400   8.9300   8.8700   8.7900   8.7500   8.7000   8.6300   8.5700   8.4700   8.3500   8.2200   8.1000   8.0000   7.9600   7.9800   7.9800   0.0000   0.0000   0.0000   0.0000   0.0000;
239:  8.9800   8.9600   8.9500   8.9400   8.8700   8.7900   8.7500   8.7000   8.6200   8.5700   8.4700   8.3400   8.2200   8.1000   8.0000   7.9600   7.9700   7.9700   0.0000   0.0000   0.0000   0.0000   0.0000;
240:  8.9800   8.9600   8.9500   8.9400   8.8700   8.7900   8.7500   8.6900   8.6200   8.5600   8.4600   8.3400   8.2100   8.1000   8.0000   7.9500   7.9700   7.9700   0.0000   0.0000   0.0000   0.0000   0.0000;
241:  8.9800   8.9600   8.9500   8.9400   8.8700   8.7900   8.7500   8.6900   8.6200   8.5600   8.4600   8.3300   8.2100   8.0900   8.0000   7.9500   7.9700   7.9600   0.0000   0.0000   0.0000   0.0000   0.0000;
242:  8.9800   8.9600   8.9500   8.9400   8.8700   8.8000   8.7500   8.6900   8.6200   8.5600   8.4500   8.3200   8.2000   8.0900   8.0000   7.9500   7.9700   7.9600   0.0000   0.0000   0.0000   0.0000   0.0000;
243:  8.9800   8.9600   8.9500   8.9400   8.8800   8.8000   8.7500   8.6900   8.6200   8.5600   8.4500   8.3200   8.2000   8.0900   7.9900   7.9500   7.9600   7.9600   0.0000   0.0000   0.0000   0.0000   0.0000;
244:  8.9800   8.9600   8.9500   8.9400   8.8800   8.8000   8.7500   8.6900   8.6200   8.5600   8.4500   8.3100   8.1900   8.0900   7.9900   7.9500   7.9600   7.9500   0.0000   0.0000   0.0000   0.0000   0.0000;
245:  8.9800   8.9600   8.9500   8.9400   8.8800   8.8000   8.7600   8.6900   8.6200   8.5500   8.4400   8.3100   8.1900   8.0800   7.9900   7.9500   7.9600   7.9500   0.0000   0.0000   0.0000   0.0000   0.0000;
246:  8.9800   8.9600   8.9600   8.9400   8.8800   8.8100   8.7600   8.6900   8.6200   8.5500   8.4400   8.3000   8.1800   8.0800   7.9900   7.9500   7.9600   7.9400   0.0000   0.0000   0.0000   0.0000   0.0000;
247:  8.9800   8.9600   8.9600   8.9500   8.8800   8.8100   8.7600   8.6900   8.6100   8.5500   8.4300   8.3000   8.1800   8.0800   7.9900   7.9500   7.9600   7.9400   0.0000   0.0000   0.0000   0.0000   0.0000;
248:  8.9800   8.9600   8.9600   8.9500   8.8800   8.8100   8.7600   8.6900   8.6100   8.5500   8.4300   8.2900   8.1800   8.0700   7.9900   7.9500   7.9600   7.9400   0.0000   0.0000   0.0000   0.0000   0.0000;
249:  8.9800   8.9600   8.9600   8.9500   8.8800   8.8100   8.7600   8.6900   8.6100   8.5500   8.4300   8.2900   8.1700   8.0700   7.9900   7.9500   7.9600   7.9300   0.0000   0.0000   0.0000   0.0000   0.0000;
250:  8.9800   8.9600   8.9600   8.9500   8.8800   8.8200   8.7600   8.6900   8.6100   8.5500   8.4200   8.2800   8.1700   8.0700   7.9900   7.9500   7.9500   7.9300   0.0000   0.0000   0.0000   0.0000   0.0000;
251:  8.9800   8.9600   8.9600   8.9500   8.8800   8.8200   8.7700   8.6900   8.6100   8.5400   8.4200   8.2800   8.1600   8.0700   7.9900   7.9500   7.9500   7.9300   0.0000   0.0000   0.0000   0.0000   0.0000;
252:  8.9800   8.9600   8.9700   8.9500   8.8800   8.8200   8.7700   8.6900   8.6100   8.5400   8.4200   8.2700   8.1600   8.0700   7.9900   7.9500   7.9500   7.9200   0.0000   0.0000   0.0000   0.0000   0.0000;
253:  8.9800   8.9600   8.9700   8.9600   8.8900   8.8200   8.7700   8.6900   8.6100   8.5400   8.4200   8.2700   8.1600   8.0600   7.9900   7.9500   7.9500   7.9200   0.0000   0.0000   0.0000   0.0000   0.0000;
254:  8.9800   8.9600   8.9700   8.9600   8.8900   8.8300   8.7700   8.6800   8.6100   8.5400   8.4100   8.2700   8.1600   8.0600   7.9900   7.9500   7.9500   7.9200   0.0000   0.0000   0.0000   0.0000   0.0000;
255:  8.9800   8.9600   8.9700   8.9600   8.8900   8.8300   8.7700   8.6800   8.6100   8.5400   8.4100   8.2600   8.1500   8.0600   7.9900   7.9500   7.9500   7.9100   0.0000   0.0000   0.0000   0.0000   0.0000;
256:  8.9900   8.9700   8.9700   8.9600   8.8900   8.8300   8.7700   8.6800   8.6100   8.5400   8.4100   8.2600   8.1500   8.0600   7.9900   7.9600   7.9500   7.9100   0.0000   0.0000   0.0000   0.0000   0.0000;
257:  8.9900   8.9700   8.9700   8.9600   8.8900   8.8300   8.7700   8.6800   8.6100   8.5400   8.4100   8.2600   8.1500   8.0600   7.9900   7.9600   7.9500   7.9100   0.0000   0.0000   0.0000   0.0000   0.0000;
258:  8.9900   8.9700   8.9700   8.9600   8.8900   8.8400   8.7800   8.6800   8.6100   8.5400   8.4100   8.2500   8.1500   8.0600   7.9900   7.9600   7.9400   7.9100   0.0000   0.0000   0.0000   0.0000   0.0000;
259:  8.9900   8.9700   8.9800   8.9700   8.8900   8.8400   8.7800   8.6800   8.6000   8.5400   8.4000   8.2500   8.1400   8.0600   7.9900   7.9600   7.9400   7.9000   0.0000   0.0000   0.0000   0.0000   0.0000;
260:  8.9900   8.9700   8.9800   8.9700   8.8900   8.8400   8.7800   8.6800   8.6000   8.5400   8.4000   8.2500   8.1400   8.0500   7.9900   7.9600   7.9400   7.9000   0.0000   0.0000   0.0000   0.0000   0.0000;
261:  8.9900   8.9700   8.9800   8.9700   8.9000   8.8400   8.7800   8.6800   8.6000   8.5400   8.4000   8.2500   8.1400   8.0500   7.9900   7.9600   7.9400   7.9000   0.0000   0.0000   0.0000   0.0000   0.0000;
262:  8.9900   8.9700   8.9800   8.9700   8.9000   8.8500   8.7800   8.6800   8.6000   8.5400   8.4000   8.2500   8.1400   8.0500   7.9900   7.9600   7.9400   7.8900   0.0000   0.0000   0.0000   0.0000   0.0000;
263:  8.9900   8.9700   8.9800   8.9700   8.9000   8.8500   8.7800   8.6800   8.6000   8.5400   8.4000   8.2500   8.1400   8.0500   7.9900   7.9600   7.9400   7.8900   0.0000   0.0000   0.0000   0.0000   0.0000;
264:  8.9900   8.9700   8.9800   8.9800   8.9000   8.8500   8.7800   8.6800   8.6000   8.5400   8.4000   8.2400   8.1400   8.0500   7.9900   7.9600   7.9400   7.8900   0.0000   0.0000   0.0000   0.0000   0.0000;
265:  8.9900   8.9700   8.9900   8.9800   8.9000   8.8500   8.7800   8.6800   8.6000   8.5400   8.4000   8.2400   8.1300   8.0500   7.9900   7.9600   7.9400   7.8900   0.0000   0.0000   0.0000   0.0000   0.0000;
266:  8.9900   8.9700   8.9900   8.9800   8.9000   8.8500   8.7800   8.6800   8.6000   8.5400   8.4000   8.2400   8.1300   8.0500   7.9900   7.9600   7.9400   7.8800   0.0000   0.0000   0.0000   0.0000   0.0000;
267:  8.9900   8.9700   8.9900   8.9800   8.9100   8.8500   8.7800   8.6800   8.6000   8.5400   8.4000   8.2400   8.1300   8.0500   7.9900   7.9600   7.9300   7.8800   0.0000   0.0000   0.0000   0.0000   0.0000;
268:  8.9900   8.9700   8.9900   8.9800   8.9100   8.8600   8.7900   8.6800   8.6000   8.5400   8.4000   8.2400   8.1300   8.0500   7.9900   7.9700   7.9300   7.8800   0.0000   0.0000   0.0000   0.0000   0.0000;
269:  8.9900   8.9700   8.9900   8.9900   8.9100   8.8600   8.7900   8.6800   8.6000   8.5400   8.4000   8.2400   8.1300   8.0500   7.9900   7.9700   7.9300   7.8700   0.0000   0.0000   0.0000   0.0000   0.0000;
270:  8.9900   8.9700   8.9900   8.9900   8.9100   8.8600   8.7900   8.6800   8.6000   8.5400   8.4000   8.2400   8.1300   8.0500   7.9900   7.9700   7.9300   7.8700   0.0000   0.0000   0.0000   0.0000   0.0000;
271:  8.9900   8.9700   9.0000   8.9900   8.9100   8.8600   8.7900   8.6800   8.6100   8.5400   8.4000   8.2400   8.1300   8.0500   7.9900   7.9700   7.9300   7.8700   0.0000   0.0000   0.0000   0.0000   0.0000;
272:  8.9900   8.9700   9.0000   8.9900   8.9100   8.8600   8.7900   8.6800   8.6100   8.5400   8.4100   8.2500   8.1300   8.0500   7.9900   7.9700   7.9300   7.8600   0.0000   0.0000   0.0000   0.0000   0.0000;
273:  8.9900   8.9700   9.0000   8.9900   8.9200   8.8600   8.7900   8.6900   8.6100   8.5400   8.4100   8.2500   8.1300   8.0500   7.9900   7.9600   7.9200   7.8600   0.0000   0.0000   0.0000   0.0000   0.0000;
274:  8.9900   8.9700   9.0000   9.0000   8.9200   8.8700   8.7900   8.6900   8.6100   8.5400   8.4100   8.2500   8.1300   8.0500   7.9900   7.9600   7.9200   7.8600   0.0000   0.0000   0.0000   0.0000   0.0000;
275:  8.9900   8.9800   9.0000   9.0000   8.9200   8.8700   8.7900   8.6900   8.6100   8.5400   8.4100   8.2500   8.1300   8.0500   7.9900   7.9600   7.9200   7.8500   0.0000   0.0000   0.0000   0.0000   0.0000;
276:  8.9900   8.9800   9.0000   9.0000   8.9200   8.8700   8.7900   8.6900   8.6100   8.5500   8.4100   8.2500   8.1300   8.0400   7.9900   7.9600   7.9200   7.8500   0.0000   0.0000   0.0000   0.0000   0.0000;
277:  8.9900   8.9800   9.0100   9.0000   8.9200   8.8700   8.7900   8.6900   8.6100   8.5500   8.4100   8.2500   8.1300   8.0400   7.9900   7.9600   7.9200   7.8500   0.0000   0.0000   0.0000   0.0000   0.0000;
278:  8.9900   8.9800   9.0100   9.0100   8.9300   8.8700   8.7900   8.6900   8.6200   8.5500   8.4200   8.2500   8.1300   8.0400   7.9900   7.9600   7.9200   7.8400   0.0000   0.0000   0.0000   0.0000   0.0000;
279:  8.9900   8.9800   9.0100   9.0100   8.9300   8.8700   8.7900   8.6900   8.6200   8.5500   8.4200   8.2600   8.1300   8.0400   7.9900   7.9600   7.9100   7.8400   0.0000   0.0000   0.0000   0.0000   0.0000;
280:  8.9900   8.9800   9.0100   9.0100   8.9300   8.8700   8.7900   8.6900   8.6200   8.5500   8.4200   8.2600   8.1300   8.0400   7.9900   7.9600   7.9100   7.8400   0.0000   0.0000   0.0000   0.0000   0.0000;
281:  8.9900   8.9800   9.0100   9.0100   8.9300   8.8800   8.7900   8.7000   8.6200   8.5600   8.4200   8.2600   8.1400   8.0400   7.9900   7.9600   7.9100   7.8300   0.0000   0.0000   0.0000   0.0000   0.0000;
282:  8.9900   8.9800   9.0200   9.0200   8.9400   8.8800   8.7900   8.7000   8.6200   8.5600   8.4300   8.2600   8.1400   8.0500   7.9900   7.9600   7.9100   7.8300   0.0000   0.0000   0.0000   0.0000   0.0000;
283:  8.9900   8.9800   9.0200   9.0200   8.9400   8.8800   8.8000   8.7000   8.6300   8.5600   8.4300   8.2600   8.1400   8.0500   7.9900   7.9600   7.9100   7.8300   0.0000   0.0000   0.0000   0.0000   0.0000;
284:  8.9900   8.9800   9.0200   9.0200   8.9400   8.8800   8.8000   8.7000   8.6300   8.5700   8.4300   8.2700   8.1400   8.0500   7.9900   7.9600   7.9000   7.8200   0.0000   0.0000   0.0000   0.0000   0.0000;
285:  8.9900   8.9800   9.0200   9.0200   8.9500   8.8800   8.8000   8.7100   8.6300   8.5700   8.4300   8.2700   8.1400   8.0500   7.9900   7.9500   7.9000   7.8200   0.0000   0.0000   0.0000   0.0000   0.0000;
286:  9.0000   8.9900   9.0200   9.0300   8.9500   8.8800   8.8000   8.7100   8.6400   8.5700   8.4400   8.2700   8.1400   8.0500   7.9900   7.9500   7.9000   7.8200   0.0000   0.0000   0.0000   0.0000   0.0000;
287:  9.0000   8.9900   9.0300   9.0300   8.9500   8.8900   8.8000   8.7100   8.6400   8.5800   8.4400   8.2800   8.1400   8.0500   7.9900   7.9500   7.9000   7.8100   0.0000   0.0000   0.0000   0.0000   0.0000;
288:  9.0000   8.9900   9.0300   9.0300   8.9500   8.8900   8.8000   8.7100   8.6500   8.5800   8.4400   8.2800   8.1500   8.0500   7.9900   7.9500   7.9000   7.8100   0.0000   0.0000   0.0000   0.0000   0.0000;
289:  9.0000   8.9900   9.0300   9.0400   8.9600   8.8900   8.8000   8.7200   8.6500   8.5800   8.4500   8.2800   8.1500   8.0500   7.9900   7.9500   7.9000   7.8100   0.0000   0.0000   0.0000   0.0000   0.0000;
290:  9.0000   8.9900   9.0300   9.0400   8.9600   8.8900   8.8100   8.7200   8.6500   8.5900   8.4500   8.2900   8.1500   8.0500   8.0000   7.9500   7.8900   7.8100   0.0000   0.0000   0.0000   0.0000   0.0000;
291:  9.0000   8.9900   9.0300   9.0400   8.9600   8.9000   8.8100   8.7300   8.6600   8.5900   8.4600   8.2900   8.1500   8.0500   8.0000   7.9500   7.8900   7.8000   0.0000   0.0000   0.0000   0.0000   0.0000;
292:  9.0000   8.9900   9.0400   9.0500   8.9700   8.9000   8.8100   8.7300   8.6600   8.6000   8.4600   8.2900   8.1500   8.0500   8.0000   7.9500   7.8900   7.8000   0.0000   0.0000   0.0000   0.0000   0.0000;
293:  9.0000   8.9900   9.0400   9.0500   8.9700   8.9000   8.8100   8.7300   8.6700   8.6000   8.4600   8.3000   8.1600   8.0600   8.0000   7.9500   7.8900   7.8000   0.0000   0.0000   0.0000   0.0000   0.0000;
294:  9.0000   9.0000   9.0400   9.0500   8.9800   8.9100   8.8200   8.7400   8.6800   8.6100   8.4700   8.3000   8.1600   8.0600   8.0000   7.9500   7.8900   7.7900   0.0000   0.0000   0.0000   0.0000   0.0000;
295:  9.0000   9.0000   9.0400   9.0600   8.9800   8.9100   8.8200   8.7400   8.6800   8.6100   8.4700   8.3000   8.1600   8.0600   8.0000   7.9500   7.8900   7.7900   0.0000   0.0000   0.0000   0.0000   0.0000;
296:  9.0000   9.0000   9.0500   9.0600   8.9900   8.9100   8.8200   8.7500   8.6900   8.6200   8.4800   8.3100   8.1700   8.0600   8.0000   7.9500   7.8900   7.7900   0.0000   0.0000   0.0000   0.0000   0.0000;
297:  9.0000   9.0000   9.0500   9.0600   8.9900   8.9200   8.8300   8.7500   8.6900   8.6300   8.4800   8.3100   8.1700   8.0600   8.0000   7.9500   7.8900   7.7900   0.0000   0.0000   0.0000   0.0000   0.0000;
298:  9.0000   9.0000   9.0500   9.0700   8.9900   8.9200   8.8300   8.7600   8.7000   8.6300   8.4900   8.3100   8.1700   8.0700   8.0000   7.9500   7.8900   7.7900   0.0000   0.0000   0.0000   0.0000   0.0000;
299:  9.0000   9.0000   9.0600   9.0700   9.0000   8.9300   8.8300   8.7600   8.7100   8.6400   8.4900   8.3200   8.1700   8.0700   8.0100   7.9500   7.8800   7.7800   0.0000   0.0000   0.0000   0.0000   0.0000;
300:  9.0100   9.0100   9.0600   9.0700   9.0000   8.9300   8.8400   8.7700   8.7100   8.6400   8.5000   8.3200   8.1800   8.0700   8.0100   7.9500   7.8800   7.7800   0.0000   0.0000   0.0000   0.0000   0.0000;
301:  9.0100   9.0100   9.0600   9.0800   9.0100   8.9400   8.8400   8.7700   8.7200   8.6500   8.5000   8.3200   8.1800   8.0700   8.0100   7.9500   7.8800   7.7800   0.0000   0.0000   0.0000   0.0000   0.0000;
302:  9.0100   9.0100   9.0600   9.0800   9.0100   8.9400   8.8500   8.7800   8.7300   8.6600   8.5100   8.3300   8.1900   8.0800   8.0100   7.9600   7.8800   7.7800   0.0000   0.0000   0.0000   0.0000   0.0000;
303:  9.0100   9.0100   9.0700   9.0900   9.0200   8.9500   8.8500   8.7900   8.7400   8.6700   8.5100   8.3300   8.1900   8.0800   8.0200   7.9600   7.8800   7.7800   0.0000   0.0000   0.0000   0.0000   0.0000;
304:  9.0100   9.0100   9.0700   9.0900   9.0200   8.9500   8.8600   8.7900   8.7500   8.6700   8.5200   8.3300   8.1900   8.0900   8.0200   7.9600   7.8800   7.7800   0.0000   0.0000   0.0000   0.0000   0.0000;
305:  9.0200   9.0200   9.0700   9.0900   9.0300   8.9600   8.8700   8.8000   8.7500   8.6800   8.5200   8.3400   8.2000   8.0900   8.0200   7.9600   7.8900   7.7800   0.0000   0.0000   0.0000   0.0000   0.0000;
306:  9.0200   9.0200   9.0800   9.1000   9.0400   8.9700   8.8700   8.8100   8.7600   8.6900   8.5300   8.3400   8.2000   8.0900   8.0300   7.9700   7.8900   7.7800   0.0000   0.0000   0.0000   0.0000   0.0000;
307:  9.0200   9.0200   9.0800   9.1000   9.0400   8.9700   8.8800   8.8200   8.7700   8.7000   8.5300   8.3500   8.2100   8.1000   8.0300   7.9700   7.8900   7.7800   0.0000   0.0000   0.0000   0.0000   0.0000;
308:  9.0200   9.0200   9.0800   9.1100   9.0500   8.9800   8.8800   8.8200   8.7800   8.7100   8.5400   8.3500   8.2100   8.1000   8.0400   7.9800   7.8900   7.7800   0.0000   0.0000   0.0000   0.0000   0.0000;
309:  9.0200   9.0200   9.0900   9.1100   9.0500   8.9900   8.8900   8.8300   8.7900   8.7100   8.5400   8.3500   8.2100   8.1100   8.0400   7.9800   7.8900   7.7800   0.0000   0.0000   0.0000   0.0000   0.0000;
310:  9.0200   9.0300   9.0900   9.1200   9.0600   8.9900   8.9000   8.8400   8.8000   8.7200   8.5500   8.3600   8.2200   8.1100   8.0500   7.9900   7.8900   7.7800   0.0000   0.0000   0.0000   0.0000   0.0000;
311:  9.0200   9.0300   9.1000   9.1200   9.0700   9.0000   8.9100   8.8500   8.8100   8.7300   8.5500   8.3600   8.2200   8.1200   8.0500   7.9900   7.8900   7.7800   0.0000   0.0000   0.0000   0.0000   0.0000;
312:  9.0200   9.0300   9.1000   9.1200   9.0700   9.0100   8.9100   8.8500   8.8200   8.7400   8.5600   8.3700   8.2300   8.1200   8.0600   8.0000   7.9000   7.7800   0.0000   0.0000   0.0000   0.0000   0.0000;
313:  9.0200   9.0300   9.1000   9.1300   9.0800   9.0200   8.9200   8.8600   8.8300   8.7500   8.5700   8.3700   8.2300   8.1300   8.0600   8.0100   7.9000   7.7800   0.0000   0.0000   0.0000   0.0000   0.0000;
314:  9.0300   9.0400   9.1100   9.1300   9.0900   9.0300   8.9300   8.8700   8.8400   8.7600   8.5700   8.3700   8.2400   8.1400   8.0700   8.0100   7.9000   7.7900   0.0000   0.0000   0.0000   0.0000   0.0000;
315:  9.0300   9.0400   9.1100   9.1400   9.0900   9.0300   8.9400   8.8800   8.8500   8.7700   8.5800   8.3800   8.2400   8.1400   8.0800   8.0200   7.9000   7.7900   0.0000   0.0000   0.0000   0.0000   0.0000;
316:  9.0300   9.0400   9.1100   9.1400   9.1000   9.0400   8.9500   8.8900   8.8600   8.7800   8.5800   8.3800   8.2500   8.1500   8.0900   8.0300   7.9100   7.7900   0.0000   0.0000   0.0000   0.0000   0.0000;
317:  9.0300   9.0400   9.1200   9.1500   9.1000   9.0500   8.9600   8.9000   8.8700   8.7900   8.5900   8.3900   8.2600   8.1500   8.0900   8.0400   7.9100   7.7900   0.0000   0.0000   0.0000   0.0000   0.0000;
318:  9.0300   9.0500   9.1200   9.1500   9.1100   9.0600   8.9600   8.9100   8.8800   8.8000   8.6000   8.3900   8.2600   8.1600   8.1000   8.0500   7.9100   7.7900   0.0000   0.0000   0.0000   0.0000   0.0000;
319:  9.0300   9.0500   9.1200   9.1500   9.1200   9.0700   8.9700   8.9200   8.8900   8.8100   8.6000   8.4000   8.2700   8.1700   8.1100   8.0600   7.9200   7.8000   0.0000   0.0000   0.0000   0.0000   0.0000;
320:  9.0300   9.0500   9.1300   9.1600   9.1200   9.0800   8.9800   8.9200   8.9000   8.8200   8.6100   8.4000   8.2700   8.1800   8.1200   8.0700   7.9200   7.8000   0.0000   0.0000   0.0000   0.0000   0.0000;
321:  9.0400   9.0600   9.1300   9.1600   9.1300   9.0900   8.9900   8.9300   8.9100   8.8300   8.6200   8.4000   8.2800   8.1800   8.1300   8.0800   7.9200   7.8000   0.0000   0.0000   0.0000   0.0000   0.0000;
322:  9.0400   9.0600   9.1400   9.1700   9.1400   9.1000   9.0000   8.9400   8.9200   8.8400   8.6200   8.4100   8.2900   8.1900   8.1400   8.0900   7.9300   7.8100   0.0000   0.0000   0.0000   0.0000   0.0000;
323:  9.0400   9.0600   9.1400   9.1700   9.1400   9.1100   9.0100   8.9500   8.9300   8.8500   8.6300   8.4100   8.2900   8.2000   8.1500   8.1000   7.9300   7.8100   0.0000   0.0000   0.0000   0.0000   0.0000;
324:  9.0400   9.0600   9.1400   9.1700   9.1500   9.1100   9.0200   8.9600   8.9500   8.8600   8.6400   8.4200   8.3000   8.2100   8.1600   8.1100   7.9400   7.8200   0.0000   0.0000   0.0000   0.0000   0.0000;
325:  9.0500   9.0700   9.1500   9.1800   9.1600   9.1200   9.0300   8.9700   8.9600   8.8700   8.6400   8.4200   8.3000   8.2200   8.1700   8.1200   7.9400   7.8200   0.0000   0.0000   0.0000   0.0000   0.0000;
326:  9.0500   9.0700   9.1500   9.1800   9.1600   9.1300   9.0400   8.9800   8.9700   8.8800   8.6500   8.4300   8.3100   8.2200   8.1800   8.1400   7.9400   7.8200   0.0000   0.0000   0.0000   0.0000   0.0000;
327:  9.0500   9.0700   9.1500   9.1800   9.1700   9.1400   9.0500   8.9900   8.9800   8.8900   8.6600   8.4300   8.3200   8.2300   8.1900   8.1500   7.9500   7.8300   0.0000   0.0000   0.0000   0.0000   0.0000;
328:  9.0500   9.0700   9.1600   9.1900   9.1700   9.1500   9.0600   9.0000   8.9900   8.9000   8.6600   8.4400   8.3200   8.2400   8.2000   8.1600   7.9500   7.8300   0.0000   0.0000   0.0000   0.0000   0.0000;
329:  9.0500   9.0800   9.1600   9.1900   9.1800   9.1600   9.0700   9.0100   9.0000   8.9100   8.6700   8.4400   8.3300   8.2500   8.2100   8.1800   7.9600   7.8400   0.0000   0.0000   0.0000   0.0000   0.0000;
330:  9.0500   9.0800   9.1700   9.2000   9.1900   9.1700   9.0800   9.0200   9.0100   8.9200   8.6800   8.4500   8.3400   8.2600   8.2200   8.1900   7.9600   7.8400   0.0000   0.0000   0.0000   0.0000   0.0000;
331:  9.0500   9.0800   9.1700   9.2000   9.1900   9.1800   9.0900   9.0300   9.0200   8.9400   8.6900   8.4500   8.3500   8.2700   8.2300   8.2100   7.9700   7.8500   0.0000   0.0000   0.0000   0.0000   0.0000;
332:  9.0500   9.0800   9.1700   9.2000   9.2000   9.1900   9.1000   9.0400   9.0300   8.9500   8.6900   8.4600   8.3500   8.2800   8.2400   8.2200   7.9700   7.8500   0.0000   0.0000   0.0000   0.0000   0.0000;
333:  9.0600   9.0900   9.1700   9.2000   9.2000   9.1900   9.1100   9.0500   9.0400   8.9600   8.7000   8.4600   8.3600   8.2900   8.2500   8.2300   7.9800   7.8600   0.0000   0.0000   0.0000   0.0000   0.0000;
334:  9.0600   9.0900   9.1800   9.2100   9.2100   9.2000   9.1200   9.0600   9.0500   8.9700   8.7100   8.4700   8.3700   8.3000   8.2700   8.2500   7.9800   7.8700   0.0000   0.0000   0.0000   0.0000   0.0000;
335:  9.0600   9.0900   9.1800   9.2100   9.2100   9.2100   9.1300   9.0600   9.0600   8.9800   8.7100   8.4700   8.3700   8.3100   8.2800   8.2600   7.9900   7.8700   0.0000   0.0000   0.0000   0.0000   0.0000;
336:  9.0600   9.0900   9.1800   9.2100   9.2200   9.2200   9.1300   9.0700   9.0700   8.9900   8.7200   8.4800   8.3800   8.3200   8.2900   8.2800   8.0000   7.8800   0.0000   0.0000   0.0000   0.0000   0.0000;
337:  9.0600   9.1000   9.1900   9.2100   9.2200   9.2200   9.1400   9.0800   9.0800   9.0000   8.7300   8.4900   8.3900   8.3200   8.3000   8.2900   8.0000   7.8800   0.0000   0.0000   0.0000   0.0000   0.0000;
338:  9.0600   9.1000   9.1900   9.2200   9.2200   9.2300   9.1500   9.0900   9.0900   9.0100   8.7400   8.4900   8.4000   8.3300   8.3100   8.3100   8.0100   7.8900   0.0000   0.0000   0.0000   0.0000   0.0000;
339:  9.0600   9.1000   9.1900   9.2200   9.2300   9.2400   9.1600   9.1000   9.1000   9.0200   8.7400   8.5000   8.4000   8.3400   8.3200   8.3200   8.0100   7.9000   0.0000   0.0000   0.0000   0.0000   0.0000;
340:  9.0600   9.1000   9.1900   9.2200   9.2300   9.2400   9.1700   9.1100   9.1100   9.0300   8.7500   8.5000   8.4100   8.3500   8.3400   8.3400   8.0200   7.9000   0.0000   0.0000   0.0000   0.0000   0.0000;
341:  9.0600   9.1000   9.2000   9.2200   9.2400   9.2500   9.1800   9.1200   9.1200   9.0400   8.7600   8.5100   8.4200   8.3600   8.3500   8.3500   8.0200   7.9100   0.0000   0.0000   0.0000   0.0000   0.0000;
342:  9.0700   9.1100   9.2000   9.2200   9.2400   9.2600   9.1800   9.1200   9.1300   9.0500   8.7600   8.5100   8.4200   8.3700   8.3600   8.3600   8.0300   7.9100   0.0000   0.0000   0.0000   0.0000   0.0000;
343:  9.0700   9.1100   9.2000   9.2200   9.2400   9.2600   9.1900   9.1300   9.1400   9.0600   8.7700   8.5200   8.4300   8.3800   8.3700   8.3800   8.0300   7.9200   0.0000   0.0000   0.0000   0.0000   0.0000;
344:  9.0700   9.1100   9.2000   9.2200   9.2400   9.2700   9.2000   9.1400   9.1500   9.0600   8.7800   8.5300   8.4400   8.3900   8.3800   8.3900   8.0400   7.9300   0.0000   0.0000   0.0000   0.0000   0.0000;
345:  9.0700   9.1100   9.2000   9.2300   9.2500   9.2700   9.2000   9.1500   9.1600   9.0700   8.7900   8.5300   8.4400   8.4000   8.3900   8.4100   8.0400   7.9300   0.0000   0.0000   0.0000   0.0000   0.0000;
346:  9.0700   9.1100   9.2100   9.2300   9.2500   9.2700   9.2100   9.1500   9.1600   9.0800   8.7900   8.5400   8.4500   8.4000   8.4000   8.4200   8.0500   7.9400   0.0000   0.0000   0.0000   0.0000   0.0000;
347:  9.0700   9.1100   9.2100   9.2300   9.2500   9.2800   9.2100   9.1600   9.1700   9.0900   8.8000   8.5400   8.4600   8.4100   8.4100   8.4300   8.0500   7.9400   0.0000   0.0000   0.0000   0.0000   0.0000;
348:  9.0700   9.1100   9.2100   9.2300   9.2500   9.2800   9.2200   9.1600   9.1800   9.1000   8.8100   8.5500   8.4600   8.4200   8.4200   8.4400   8.0600   7.9500   0.0000   0.0000   0.0000   0.0000   0.0000;
349:  9.0700   9.1100   9.2100   9.2300   9.2500   9.2800   9.2200   9.1700   9.1900   9.1000   8.8100   8.5500   8.4700   8.4300   8.4300   8.4600   8.0600   7.9500   0.0000   0.0000   0.0000   0.0000   0.0000;
350:  9.0700   9.1200   9.2100   9.2300   9.2500   9.2900   9.2300   9.1800   9.1900   9.1100   8.8200   8.5600   8.4800   8.4300   8.4400   8.4700   8.0600   7.9600   0.0000   0.0000   0.0000   0.0000   0.0000;
351:  9.0700   9.1200   9.2100   9.2300   9.2500   9.2900   9.2300   9.1800   9.2000   9.1200   8.8300   8.5700   8.4800   8.4400   8.4500   8.4800   8.0700   7.9700   0.0000   0.0000   0.0000   0.0000   0.0000;
352:  9.0700   9.1200   9.2100   9.2200   9.2500   9.2900   9.2400   9.1900   9.2000   9.1200   8.8300   8.5700   8.4900   8.4500   8.4600   8.4900   8.0700   7.9700   0.0000   0.0000   0.0000   0.0000   0.0000;
353:  9.0700   9.1200   9.2100   9.2200   9.2500   9.2900   9.2400   9.1900   9.2100   9.1300   8.8400   8.5800   8.4900   8.4500   8.4600   8.5000   8.0800   7.9800   0.0000   0.0000   0.0000   0.0000   0.0000;
354:  9.0700   9.1200   9.2100   9.2200   9.2500   9.2900   9.2400   9.2000   9.2100   9.1400   8.8400   8.5800   8.5000   8.4600   8.4700   8.5100   8.0800   7.9800   0.0000   0.0000   0.0000   0.0000   0.0000;
355:  9.0800   9.1200   9.2100   9.2200   9.2500   9.2900   9.2400   9.2000   9.2200   9.1400   8.8500   8.5900   8.5000   8.4700   8.4800   8.5100   8.0800   7.9900   0.0000   0.0000   0.0000   0.0000   0.0000;
356:  9.0800   9.1200   9.2100   9.2200   9.2500   9.2900   9.2500   9.2000   9.2200   9.1500   8.8600   8.5900   8.5100   8.4700   8.4800   8.5200   8.0900   7.9900   0.0000   0.0000   0.0000   0.0000   0.0000;
357:  9.0800   9.1200   9.2100   9.2200   9.2500   9.2900   9.2500   9.2100   9.2300   9.1500   8.8600   8.6000   8.5100   8.4800   8.4900   8.5300   8.0900   7.9900   0.0000   0.0000   0.0000   0.0000   0.0000;
358:  9.0800   9.1200   9.2100   9.2200   9.2500   9.2900   9.2500   9.2100   9.2300   9.1500   8.8700   8.6000   8.5200   8.4800   8.4900   8.5300   8.0900   8.0000   0.0000   0.0000   0.0000   0.0000   0.0000;
359:  9.0700   9.1200   9.2100   9.2100   9.2400   9.2800   9.2500   9.2100   9.2300   9.1600   8.8700   8.6100   8.5200   8.4900   8.5000   8.5400   8.0900   8.0000   0.0000   0.0000   0.0000   0.0000   0.0000;
