C:\RK-3\Data\PA000001\RA0000010011R.DAT;
000:  7.3500   7.5600   7.6800   7.8400   7.9700   8.0300   8.0300   8.0500   8.0900   8.1000   8.1700   8.2600   8.3400   8.4700   8.6300   8.8000   8.8400   7.8500   0.0000   0.0000   0.0000   0.0000   0.0000;
001:  7.3600   7.5700   7.6900   7.8500   7.9700   8.0200   8.0300   8.0500   8.0800   8.1000   8.1700   8.2500   8.3400   8.4600   8.6200   8.7900   8.8300   7.8500   0.0000   0.0000   0.0000   0.0000   0.0000;
002:  7.3600   7.5700   7.6900   7.8500   7.9700   8.0200   8.0300   8.0500   8.0800   8.0900   8.1600   8.2400   8.3300   8.4500   8.6100   8.7700   8.8200   7.8500   0.0000   0.0000   0.0000   0.0000   0.0000;
003:  7.3600   7.5800   7.7000   7.8600   7.9700   8.0200   8.0300   8.0400   8.0700   8.0900   8.1500   8.2300   8.3200   8.4400   8.6000   8.7500   8.8100   7.8500   0.0000   0.0000   0.0000   0.0000   0.0000;
004:  7.3600   7.5800   7.7000   7.8600   7.9700   8.0200   8.0300   8.0400   8.0700   8.0800   8.1500   8.2200   8.3100   8.4300   8.5800   8.7400   8.8000   7.8500   0.0000   0.0000   0.0000   0.0000   0.0000;
005:  7.3700   7.5900   7.7100   7.8600   7.9700   8.0100   8.0200   8.0300   8.0600   8.0800   8.1400   8.2200   8.3000   8.4200   8.5700   8.7200   8.7800   7.8500   0.0000   0.0000   0.0000   0.0000   0.0000;
006:  7.3700   7.5900   7.7100   7.8700   7.9600   8.0100   8.0200   8.0300   8.0600   8.0700   8.1300   8.2100   8.2900   8.4100   8.5600   8.6900   8.7700   7.8500   0.0000   0.0000   0.0000   0.0000   0.0000;
007:  7.3700   7.5900   7.7200   7.8700   7.9600   8.0000   8.0100   8.0200   8.0500   8.0700   8.1200   8.2000   8.2800   8.4000   8.5400   8.6700   8.7500   7.8500   0.0000   0.0000   0.0000   0.0000   0.0000;
008:  7.3700   7.5900   7.7200   7.8700   7.9600   8.0000   8.0100   8.0200   8.0400   8.0600   8.1100   8.1800   8.2700   8.3800   8.5200   8.6500   8.7400   7.8500   0.0000   0.0000   0.0000   0.0000   0.0000;
009:  7.3700   7.6000   7.7200   7.8700   7.9500   7.9900   8.0000   8.0100   8.0400   8.0500   8.1100   8.1700   8.2600   8.3700   8.5100   8.6300   8.7200   7.8500   0.0000   0.0000   0.0000   0.0000   0.0000;
010:  7.3700   7.6000   7.7200   7.8700   7.9500   7.9900   8.0000   8.0000   8.0300   8.0500   8.1000   8.1600   8.2500   8.3500   8.4900   8.6100   8.7100   7.8500   0.0000   0.0000   0.0000   0.0000   0.0000;
011:  7.3700   7.6000   7.7200   7.8600   7.9400   7.9800   7.9900   8.0000   8.0200   8.0400   8.0900   8.1500   8.2300   8.3400   8.4700   8.5800   8.6900   7.8500   0.0000   0.0000   0.0000   0.0000   0.0000;
012:  7.3700   7.6000   7.7200   7.8600   7.9300   7.9700   7.9800   7.9900   8.0100   8.0300   8.0800   8.1400   8.2200   8.3200   8.4500   8.5600   8.6800   7.8500   0.0000   0.0000   0.0000   0.0000   0.0000;
013:  7.3700   7.6000   7.7200   7.8600   7.9300   7.9600   7.9700   7.9800   8.0100   8.0200   8.0700   8.1300   8.2100   8.3100   8.4300   8.5300   8.6600   7.8500   0.0000   0.0000   0.0000   0.0000   0.0000;
014:  7.3700   7.5900   7.7200   7.8600   7.9200   7.9500   7.9700   7.9700   8.0000   8.0100   8.0600   8.1100   8.1900   8.2900   8.4100   8.5100   8.6400   7.8500   0.0000   0.0000   0.0000   0.0000   0.0000;
015:  7.3700   7.5900   7.7200   7.8500   7.9100   7.9400   7.9600   7.9600   7.9900   8.0100   8.0500   8.1000   8.1800   8.2800   8.3900   8.4800   8.6200   7.8600   0.0000   0.0000   0.0000   0.0000   0.0000;
016:  7.3700   7.5900   7.7200   7.8400   7.9000   7.9300   7.9500   7.9500   7.9800   8.0000   8.0400   8.0900   8.1700   8.2600   8.3700   8.4600   8.6100   7.8600   0.0000   0.0000   0.0000   0.0000   0.0000;
017:  7.3700   7.5900   7.7200   7.8400   7.8900   7.9200   7.9400   7.9400   7.9700   7.9900   8.0200   8.0800   8.1500   8.2400   8.3500   8.4300   8.5900   7.8600   0.0000   0.0000   0.0000   0.0000   0.0000;
018:  7.3600   7.5800   7.7100   7.8300   7.8800   7.9100   7.9300   7.9300   7.9600   7.9800   8.0100   8.0600   8.1400   8.2200   8.3300   8.4100   8.5700   7.8600   0.0000   0.0000   0.0000   0.0000   0.0000;
019:  7.3600   7.5800   7.7100   7.8200   7.8700   7.9000   7.9200   7.9200   7.9500   7.9700   8.0000   8.0500   8.1200   8.2000   8.3000   8.3800   8.5600   7.8600   0.0000   0.0000   0.0000   0.0000   0.0000;
020:  7.3600   7.5800   7.7000   7.8200   7.8600   7.8900   7.9100   7.9100   7.9400   7.9600   7.9900   8.0300   8.1100   8.1900   8.2800   8.3600   8.5400   7.8600   0.0000   0.0000   0.0000   0.0000   0.0000;
021:  7.3600   7.5700   7.7000   7.8100   7.8500   7.8700   7.9000   7.9000   7.9300   7.9500   7.9800   8.0200   8.0900   8.1700   8.2600   8.3300   8.5200   7.8600   0.0000   0.0000   0.0000   0.0000   0.0000;
022:  7.3600   7.5700   7.6900   7.8000   7.8300   7.8600   7.8800   7.8900   7.9200   7.9300   7.9600   8.0100   8.0700   8.1500   8.2400   8.3100   8.5000   7.8600   0.0000   0.0000   0.0000   0.0000   0.0000;
023:  7.3500   7.5600   7.6900   7.7900   7.8200   7.8500   7.8700   7.8800   7.9100   7.9200   7.9500   7.9900   8.0600   8.1300   8.2100   8.2800   8.4900   7.8600   0.0000   0.0000   0.0000   0.0000   0.0000;
024:  7.3400   7.5500   7.6800   7.7800   7.8100   7.8300   7.8600   7.8700   7.8900   7.9100   7.9400   7.9800   8.0400   8.1100   8.1900   8.2600   8.4700   7.8700   0.0000   0.0000   0.0000   0.0000   0.0000;
025:  7.3400   7.5500   7.6700   7.7700   7.7900   7.8200   7.8500   7.8600   7.8800   7.9000   7.9300   7.9600   8.0300   8.0900   8.1600   8.2400   8.4600   7.8700   0.0000   0.0000   0.0000   0.0000   0.0000;
026:  7.3400   7.5400   7.6600   7.7500   7.7800   7.8000   7.8400   7.8500   7.8700   7.8900   7.9100   7.9500   8.0100   8.0700   8.1400   8.2100   8.4400   7.8700   0.0000   0.0000   0.0000   0.0000   0.0000;
027:  7.3300   7.5300   7.6600   7.7400   7.7600   7.7900   7.8200   7.8400   7.8600   7.8800   7.9000   7.9300   7.9900   8.0500   8.1200   8.1900   8.4300   7.8700   0.0000   0.0000   0.0000   0.0000   0.0000;
028:  7.3300   7.5200   7.6500   7.7300   7.7500   7.7800   7.8100   7.8200   7.8500   7.8600   7.8900   7.9200   7.9800   8.0300   8.0900   8.1700   8.4100   7.8700   0.0000   0.0000   0.0000   0.0000   0.0000;
029:  7.3300   7.5200   7.6400   7.7200   7.7300   7.7600   7.8000   7.8100   7.8400   7.8500   7.8700   7.9100   7.9600   8.0100   8.0700   8.1500   8.4000   7.8700   0.0000   0.0000   0.0000   0.0000   0.0000;
030:  7.3200   7.5100   7.6300   7.7000   7.7200   7.7500   7.7900   7.8000   7.8200   7.8400   7.8600   7.8900   7.9500   8.0000   8.0500   8.1300   8.3800   7.8700   0.0000   0.0000   0.0000   0.0000   0.0000;
031:  7.3200   7.5000   7.6200   7.6900   7.7000   7.7300   7.7700   7.7900   7.8100   7.8300   7.8500   7.8800   7.9300   7.9800   8.0200   8.1100   8.3700   7.8700   0.0000   0.0000   0.0000   0.0000   0.0000;
032:  7.3100   7.4900   7.6100   7.6800   7.6900   7.7200   7.7600   7.7700   7.8000   7.8100   7.8300   7.8600   7.9100   7.9600   8.0000   8.0900   8.3600   7.8800   0.0000   0.0000   0.0000   0.0000   0.0000;
033:  7.3000   7.4800   7.5900   7.6600   7.6700   7.7000   7.7500   7.7600   7.7900   7.8000   7.8200   7.8500   7.9000   7.9400   7.9800   8.0700   8.3500   7.8800   0.0000   0.0000   0.0000   0.0000   0.0000;
034:  7.3000   7.4700   7.5800   7.6500   7.6600   7.6900   7.7300   7.7500   7.7700   7.7900   7.8100   7.8400   7.8800   7.9200   7.9500   8.0500   8.3400   7.8800   0.0000   0.0000   0.0000   0.0000   0.0000;
035:  7.2900   7.4600   7.5700   7.6300   7.6400   7.6700   7.7200   7.7400   7.7600   7.7700   7.7900   7.8200   7.8700   7.9000   7.9300   8.0400   8.3300   7.8800   0.0000   0.0000   0.0000   0.0000   0.0000;
036:  7.2900   7.4500   7.5600   7.6200   7.6200   7.6500   7.7100   7.7300   7.7500   7.7600   7.7800   7.8100   7.8500   7.8800   7.9100   8.0200   8.3200   7.8800   0.0000   0.0000   0.0000   0.0000   0.0000;
037:  7.2800   7.4400   7.5500   7.6000   7.6100   7.6400   7.6900   7.7100   7.7300   7.7500   7.7700   7.7900   7.8400   7.8700   7.8900   8.0100   8.3100   7.8800   0.0000   0.0000   0.0000   0.0000   0.0000;
038:  7.2800   7.4300   7.5300   7.5800   7.5900   7.6200   7.6800   7.7000   7.7200   7.7300   7.7500   7.7800   7.8200   7.8500   7.8600   7.9900   8.3000   7.8800   0.0000   0.0000   0.0000   0.0000   0.0000;
039:  7.2600   7.4100   7.5200   7.5700   7.5800   7.6100   7.6700   7.6900   7.7100   7.7200   7.7400   7.7700   7.8100   7.8300   7.8400   7.9800   8.2900   7.8800   0.0000   0.0000   0.0000   0.0000   0.0000;
040:  7.2600   7.4000   7.5100   7.5500   7.5600   7.6000   7.6500   7.6800   7.7000   7.7100   7.7300   7.7600   7.7900   7.8200   7.8200   7.9700   8.2900   7.8800   0.0000   0.0000   0.0000   0.0000   0.0000;
041:  7.2500   7.3900   7.4900   7.5400   7.5400   7.5800   7.6400   7.6600   7.6800   7.6900   7.7200   7.7400   7.7800   7.8000   7.8000   7.9600   8.2800   7.8800   0.0000   0.0000   0.0000   0.0000   0.0000;
042:  7.2500   7.3800   7.4800   7.5200   7.5300   7.5700   7.6300   7.6500   7.6700   7.6800   7.7000   7.7300   7.7600   7.7800   7.7800   7.9500   8.2800   7.8800   0.0000   0.0000   0.0000   0.0000   0.0000;
043:  7.2400   7.3700   7.4600   7.5000   7.5100   7.5500   7.6100   7.6400   7.6600   7.6700   7.6900   7.7200   7.7500   7.7700   7.7600   7.9400   8.2700   7.8800   0.0000   0.0000   0.0000   0.0000   0.0000;
044:  7.2300   7.3500   7.4500   7.4900   7.5000   7.5400   7.6000   7.6300   7.6400   7.6500   7.6800   7.7100   7.7400   7.7500   7.7400   7.9400   8.2700   7.8800   0.0000   0.0000   0.0000   0.0000   0.0000;
045:  7.2200   7.3400   7.4400   7.4700   7.4800   7.5200   7.5900   7.6200   7.6300   7.6400   7.6600   7.6900   7.7200   7.7400   7.7300   7.9300   8.2700   7.8800   0.0000   0.0000   0.0000   0.0000   0.0000;
046:  7.2200   7.3300   7.4200   7.4600   7.4700   7.5100   7.5800   7.6000   7.6200   7.6300   7.6500   7.6800   7.7100   7.7200   7.7100   7.9200   8.2700   7.8800   0.0000   0.0000   0.0000   0.0000   0.0000;
047:  7.2100   7.3100   7.4100   7.4400   7.4500   7.5000   7.5600   7.5900   7.6100   7.6100   7.6400   7.6700   7.7000   7.7100   7.6900   7.9200   8.2700   7.8800   0.0000   0.0000   0.0000   0.0000   0.0000;
048:  7.2000   7.3000   7.3900   7.4200   7.4400   7.4800   7.5500   7.5800   7.5900   7.6000   7.6300   7.6600   7.6900   7.7000   7.6800   7.9100   8.2700   7.8800   0.0000   0.0000   0.0000   0.0000   0.0000;
049:  7.2000   7.2900   7.3800   7.4100   7.4200   7.4700   7.5400   7.5700   7.5800   7.5900   7.6200   7.6500   7.6800   7.6800   7.6600   7.9100   8.2700   7.8800   0.0000   0.0000   0.0000   0.0000   0.0000;
050:  7.1800   7.2700   7.3600   7.3900   7.4100   7.4600   7.5300   7.5600   7.5700   7.5800   7.6000   7.6400   7.6700   7.6700   7.6400   7.9100   8.2700   7.8800   0.0000   0.0000   0.0000   0.0000   0.0000;
051:  7.1800   7.2600   7.3500   7.3800   7.4000   7.4500   7.5200   7.5500   7.5600   7.5600   7.5900   7.6300   7.6600   7.6600   7.6300   7.9100   8.2700   7.8800   0.0000   0.0000   0.0000   0.0000   0.0000;
052:  7.1700   7.2500   7.3300   7.3600   7.3800   7.4300   7.5100   7.5400   7.5500   7.5500   7.5800   7.6200   7.6500   7.6500   7.6200   7.9100   8.2700   7.8800   0.0000   0.0000   0.0000   0.0000   0.0000;
053:  7.1600   7.2300   7.3200   7.3500   7.3700   7.4200   7.5000   7.5200   7.5300   7.5400   7.5700   7.6100   7.6400   7.6400   7.6000   7.9100   8.2800   7.8800   0.0000   0.0000   0.0000   0.0000   0.0000;
054:  7.1600   7.2200   7.3000   7.3300   7.3600   7.4100   7.4900   7.5100   7.5200   7.5300   7.5600   7.6000   7.6300   7.6300   7.5900   7.9100   8.2800   7.8800   0.0000   0.0000   0.0000   0.0000   0.0000;
055:  7.1500   7.2100   7.2900   7.3200   7.3400   7.4000   7.4700   7.5000   7.5100   7.5200   7.5500   7.5900   7.6200   7.6200   7.5800   7.9100   8.2800   7.8800   0.0000   0.0000   0.0000   0.0000   0.0000;
056:  7.1400   7.1900   7.2800   7.3000   7.3300   7.3900   7.4600   7.4900   7.5000   7.5000   7.5400   7.5800   7.6100   7.6100   7.5700   7.9100   8.2900   7.8800   0.0000   0.0000   0.0000   0.0000   0.0000;
057:  7.1300   7.1800   7.2600   7.2900   7.3200   7.3800   7.4600   7.4800   7.4900   7.4900   7.5300   7.5700   7.6000   7.6000   7.5600   7.9200   8.2900   7.8800   0.0000   0.0000   0.0000   0.0000   0.0000;
058:  7.1300   7.1700   7.2500   7.2700   7.3100   7.3700   7.4500   7.4700   7.4800   7.4800   7.5200   7.5600   7.5900   7.5900   7.5500   7.9200   8.3000   7.8800   0.0000   0.0000   0.0000   0.0000   0.0000;
059:  7.1200   7.1500   7.2300   7.2600   7.3000   7.3600   7.4400   7.4600   7.4700   7.4700   7.5100   7.5600   7.5900   7.5900   7.5400   7.9300   8.3100   7.8800   0.0000   0.0000   0.0000   0.0000   0.0000;
060:  7.1100   7.1400   7.2200   7.2500   7.2900   7.3500   7.4300   7.4500   7.4600   7.4600   7.5000   7.5500   7.5800   7.5800   7.5300   7.9300   8.3100   7.8800   0.0000   0.0000   0.0000   0.0000   0.0000;
061:  7.1000   7.1200   7.2000   7.2300   7.2800   7.3400   7.4200   7.4500   7.4500   7.4500   7.4900   7.5400   7.5700   7.5700   7.5200   7.9300   8.3200   7.8700   0.0000   0.0000   0.0000   0.0000   0.0000;
062:  7.0900   7.1100   7.1900   7.2200   7.2700   7.3300   7.4100   7.4400   7.4400   7.4400   7.4800   7.5300   7.5700   7.5700   7.5100   7.9400   8.3300   7.8700   0.0000   0.0000   0.0000   0.0000   0.0000;
063:  7.0900   7.1000   7.1800   7.2100   7.2600   7.3200   7.4000   7.4300   7.4300   7.4300   7.4700   7.5300   7.5600   7.5600   7.5100   7.9500   8.3300   7.8700   0.0000   0.0000   0.0000   0.0000   0.0000;
064:  7.0800   7.0800   7.1600   7.2000   7.2500   7.3200   7.3900   7.4200   7.4200   7.4200   7.4700   7.5200   7.5600   7.5600   7.5000   7.9500   8.3400   7.8700   0.0000   0.0000   0.0000   0.0000   0.0000;
065:  7.0700   7.0700   7.1500   7.1800   7.2400   7.3100   7.3900   7.4100   7.4100   7.4100   7.4600   7.5200   7.5500   7.5500   7.5000   7.9600   8.3500   7.8700   0.0000   0.0000   0.0000   0.0000   0.0000;
066:  7.0600   7.0600   7.1400   7.1700   7.2300   7.3000   7.3800   7.4000   7.4000   7.4000   7.4500   7.5100   7.5500   7.5500   7.4900   7.9600   8.3500   7.8700   0.0000   0.0000   0.0000   0.0000   0.0000;
067:  7.0500   7.0400   7.1300   7.1600   7.2200   7.2900   7.3700   7.4000   7.3900   7.4000   7.4400   7.5000   7.5400   7.5400   7.4900   7.9700   8.3600   7.8700   0.0000   0.0000   0.0000   0.0000   0.0000;
068:  7.0500   7.0300   7.1100   7.1500   7.2100   7.2800   7.3600   7.3900   7.3800   7.3900   7.4400   7.5000   7.5400   7.5400   7.4800   7.9800   8.3700   7.8700   0.0000   0.0000   0.0000   0.0000   0.0000;
069:  7.0400   7.0200   7.1000   7.1400   7.2000   7.2800   7.3600   7.3800   7.3800   7.3800   7.4300   7.4900   7.5300   7.5400   7.4800   7.9800   8.3800   7.8700   0.0000   0.0000   0.0000   0.0000   0.0000;
070:  7.0300   7.0000   7.0900   7.1300   7.1900   7.2700   7.3500   7.3700   7.3700   7.3700   7.4200   7.4900   7.5300   7.5400   7.4800   7.9900   8.3800   7.8700   0.0000   0.0000   0.0000   0.0000   0.0000;
071:  7.0200   6.9900   7.0800   7.1200   7.1900   7.2600   7.3400   7.3700   7.3600   7.3700   7.4200   7.4800   7.5300   7.5400   7.4800   8.0000   8.3900   7.8600   0.0000   0.0000   0.0000   0.0000   0.0000;
072:  7.0200   6.9800   7.0600   7.1100   7.1800   7.2600   7.3400   7.3600   7.3500   7.3600   7.4100   7.4800   7.5200   7.5300   7.4800   8.0000   8.4000   7.8600   0.0000   0.0000   0.0000   0.0000   0.0000;
073:  7.0100   6.9600   7.0500   7.1000   7.1700   7.2500   7.3300   7.3500   7.3500   7.3500   7.4100   7.4700   7.5200   7.5300   7.4700   8.0100   8.4000   7.8600   0.0000   0.0000   0.0000   0.0000   0.0000;
074:  7.0000   6.9500   7.0400   7.0900   7.1600   7.2500   7.3200   7.3400   7.3400   7.3500   7.4000   7.4700   7.5200   7.5300   7.4700   8.0100   8.4100   7.8600   0.0000   0.0000   0.0000   0.0000   0.0000;
075:  7.0000   6.9400   7.0300   7.0800   7.1600   7.2400   7.3200   7.3400   7.3300   7.3400   7.4000   7.4700   7.5200   7.5300   7.4700   8.0200   8.4100   7.8600   0.0000   0.0000   0.0000   0.0000   0.0000;
076:  6.9900   6.9300   7.0200   7.0700   7.1500   7.2300   7.3100   7.3300   7.3300   7.3300   7.3900   7.4600   7.5200   7.5300   7.4700   8.0200   8.4200   7.8600   0.0000   0.0000   0.0000   0.0000   0.0000;
077:  6.9800   6.9200   7.0100   7.0600   7.1400   7.2300   7.3100   7.3300   7.3200   7.3300   7.3900   7.4600   7.5100   7.5300   7.4700   8.0300   8.4200   7.8600   0.0000   0.0000   0.0000   0.0000   0.0000;
078:  6.9700   6.9000   7.0000   7.0500   7.1400   7.2200   7.3000   7.3200   7.3100   7.3200   7.3800   7.4600   7.5100   7.5300   7.4800   8.0300   8.4300   7.8600   0.0000   0.0000   0.0000   0.0000   0.0000;
079:  6.9700   6.8900   6.9800   7.0400   7.1300   7.2200   7.2900   7.3100   7.3100   7.3200   7.3800   7.4500   7.5100   7.5300   7.4800   8.0400   8.4300   7.8600   0.0000   0.0000   0.0000   0.0000   0.0000;
080:  6.9600   6.8800   6.9700   7.0400   7.1200   7.2100   7.2900   7.3100   7.3000   7.3100   7.3800   7.4500   7.5100   7.5300   7.4800   8.0400   8.4400   7.8600   0.0000   0.0000   0.0000   0.0000   0.0000;
081:  6.9500   6.8700   6.9600   7.0300   7.1200   7.2000   7.2800   7.3000   7.3000   7.3100   7.3700   7.4500   7.5100   7.5300   7.4800   8.0400   8.4400   7.8600   0.0000   0.0000   0.0000   0.0000   0.0000;
082:  6.9500   6.8600   6.9500   7.0200   7.1100   7.2000   7.2800   7.3000   7.2900   7.3100   7.3700   7.4500   7.5100   7.5400   7.4800   8.0400   8.4400   7.8600   0.0000   0.0000   0.0000   0.0000   0.0000;
083:  6.9400   6.8500   6.9400   7.0100   7.1000   7.1900   7.2700   7.2900   7.2900   7.3000   7.3700   7.4400   7.5100   7.5400   7.4900   8.0500   8.4400   7.8600   0.0000   0.0000   0.0000   0.0000   0.0000;
084:  6.9300   6.8300   6.9300   7.0000   7.1000   7.1900   7.2700   7.2800   7.2800   7.3000   7.3600   7.4400   7.5100   7.5400   7.4900   8.0500   8.4500   7.8600   0.0000   0.0000   0.0000   0.0000   0.0000;
085:  6.9300   6.8200   6.9200   7.0000   7.0900   7.1800   7.2600   7.2800   7.2800   7.3000   7.3600   7.4400   7.5100   7.5400   7.4900   8.0500   8.4500   7.8600   0.0000   0.0000   0.0000   0.0000   0.0000;
086:  6.9200   6.8100   6.9100   6.9900   7.0800   7.1700   7.2500   7.2700   7.2700   7.2900   7.3600   7.4400   7.5100   7.5400   7.5000   8.0500   8.4500   7.8600   0.0000   0.0000   0.0000   0.0000   0.0000;
087:  6.9100   6.8000   6.9000   6.9800   7.0700   7.1700   7.2500   7.2700   7.2700   7.2900   7.3600   7.4400   7.5100   7.5400   7.5000   8.0500   8.4500   7.8600   0.0000   0.0000   0.0000   0.0000   0.0000;
088:  6.9100   6.7900   6.8900   6.9700   7.0700   7.1600   7.2400   7.2600   7.2600   7.2900   7.3500   7.4300   7.5100   7.5400   7.5000   8.0500   8.4400   7.8600   0.0000   0.0000   0.0000   0.0000   0.0000;
089:  6.9000   6.7800   6.8800   6.9600   7.0600   7.1500   7.2400   7.2600   7.2600   7.2900   7.3500   7.4300   7.5100   7.5500   7.5100   8.0500   8.4400   7.8600   0.0000   0.0000   0.0000   0.0000   0.0000;
090:  6.9000   6.7700   6.8700   6.9600   7.0500   7.1500   7.2300   7.2500   7.2600   7.2800   7.3500   7.4300   7.5100   7.5500   7.5100   8.0400   8.4400   7.8600   0.0000   0.0000   0.0000   0.0000   0.0000;
091:  6.8900   6.7600   6.8600   6.9500   7.0500   7.1400   7.2200   7.2500   7.2500   7.2800   7.3500   7.4300   7.5100   7.5500   7.5200   8.0400   8.4400   7.8600   0.0000   0.0000   0.0000   0.0000   0.0000;
092:  6.8800   6.7500   6.8500   6.9400   7.0400   7.1300   7.2200   7.2400   7.2500   7.2800   7.3500   7.4300   7.5100   7.5500   7.5200   8.0400   8.4300   7.8600   0.0000   0.0000   0.0000   0.0000   0.0000;
093:  6.8800   6.7400   6.8500   6.9300   7.0300   7.1300   7.2100   7.2400   7.2500   7.2800   7.3500   7.4300   7.5100   7.5500   7.5300   8.0300   8.4300   7.8600   0.0000   0.0000   0.0000   0.0000   0.0000;
094:  6.8700   6.7300   6.8400   6.9200   7.0200   7.1200   7.2000   7.2300   7.2400   7.2800   7.3500   7.4300   7.5100   7.5600   7.5300   8.0300   8.4200   7.8600   0.0000   0.0000   0.0000   0.0000   0.0000;
095:  6.8700   6.7300   6.8300   6.9200   7.0200   7.1100   7.2000   7.2300   7.2400   7.2800   7.3400   7.4300   7.5100   7.5600   7.5300   8.0300   8.4200   7.8600   0.0000   0.0000   0.0000   0.0000   0.0000;
096:  6.8700   6.7200   6.8200   6.9100   7.0100   7.1000   7.1900   7.2200   7.2400   7.2700   7.3400   7.4200   7.5100   7.5600   7.5400   8.0200   8.4100   7.8600   0.0000   0.0000   0.0000   0.0000   0.0000;
097:  6.8600   6.7100   6.8100   6.9000   7.0000   7.1000   7.1800   7.2200   7.2400   7.2700   7.3400   7.4200   7.5100   7.5600   7.5400   8.0100   8.4000   7.8600   0.0000   0.0000   0.0000   0.0000   0.0000;
098:  6.8600   6.7000   6.8000   6.8900   6.9900   7.0900   7.1800   7.2100   7.2300   7.2700   7.3400   7.4200   7.5100   7.5600   7.5500   8.0100   8.4000   7.8600   0.0000   0.0000   0.0000   0.0000   0.0000;
099:  6.8500   6.6900   6.7900   6.8800   6.9800   7.0800   7.1700   7.2100   7.2300   7.2700   7.3400   7.4200   7.5100   7.5700   7.5500   8.0000   8.3900   7.8600   0.0000   0.0000   0.0000   0.0000   0.0000;
100:  6.8500   6.6900   6.7800   6.8700   6.9700   7.0700   7.1600   7.2000   7.2300   7.2700   7.3400   7.4200   7.5100   7.5700   7.5600   7.9900   8.3800   7.8700   0.0000   0.0000   0.0000   0.0000   0.0000;
101:  6.8400   6.6800   6.7800   6.8700   6.9600   7.0600   7.1500   7.2000   7.2300   7.2700   7.3400   7.4200   7.5100   7.5700   7.5600   7.9900   8.3700   7.8700   0.0000   0.0000   0.0000   0.0000   0.0000;
102:  6.8400   6.6700   6.7700   6.8600   6.9600   7.0500   7.1500   7.1900   7.2200   7.2700   7.3400   7.4200   7.5100   7.5700   7.5700   7.9800   8.3600   7.8700   0.0000   0.0000   0.0000   0.0000   0.0000;
103:  6.8400   6.6700   6.7600   6.8500   6.9500   7.0400   7.1400   7.1900   7.2200   7.2700   7.3400   7.4200   7.5100   7.5700   7.5700   7.9700   8.3500   7.8700   0.0000   0.0000   0.0000   0.0000   0.0000;
104:  6.8300   6.6600   6.7500   6.8400   6.9400   7.0300   7.1300   7.1800   7.2200   7.2700   7.3400   7.4200   7.5100   7.5700   7.5800   7.9600   8.3400   7.8700   0.0000   0.0000   0.0000   0.0000   0.0000;
105:  6.8300   6.6500   6.7400   6.8300   6.9300   7.0200   7.1200   7.1800   7.2200   7.2700   7.3400   7.4200   7.5100   7.5700   7.5800   7.9500   8.3200   7.8700   0.0000   0.0000   0.0000   0.0000   0.0000;
106:  6.8300   6.6500   6.7300   6.8200   6.9200   7.0100   7.1100   7.1700   7.2100   7.2600   7.3400   7.4200   7.5100   7.5700   7.5800   7.9400   8.3100   7.8700   0.0000   0.0000   0.0000   0.0000   0.0000;
107:  6.8200   6.6400   6.7300   6.8100   6.9100   7.0100   7.1100   7.1600   7.2100   7.2600   7.3400   7.4200   7.5100   7.5800   7.5900   7.9400   8.3000   7.8700   0.0000   0.0000   0.0000   0.0000   0.0000;
108:  6.8200   6.6400   6.7200   6.8000   6.9000   7.0000   7.1000   7.1600   7.2100   7.2600   7.3400   7.4200   7.5100   7.5800   7.5900   7.9300   8.2900   7.8800   0.0000   0.0000   0.0000   0.0000   0.0000;
109:  6.8200   6.6400   6.7100   6.8000   6.8900   6.9900   7.0900   7.1500   7.2100   7.2600   7.3400   7.4200   7.5100   7.5800   7.6000   7.9200   8.2700   7.8800   0.0000   0.0000   0.0000   0.0000   0.0000;
110:  6.8100   6.6300   6.7000   6.7900   6.8800   6.9800   7.0800   7.1500   7.2000   7.2600   7.3400   7.4100   7.5100   7.5800   7.6000   7.9100   8.2600   7.8800   0.0000   0.0000   0.0000   0.0000   0.0000;
111:  6.8100   6.6300   6.7000   6.7800   6.8700   6.9600   7.0700   7.1400   7.2000   7.2600   7.3400   7.4100   7.5100   7.5800   7.6000   7.9000   8.2500   7.8800   0.0000   0.0000   0.0000   0.0000   0.0000;
112:  6.8100   6.6300   6.6900   6.7700   6.8600   6.9500   7.0600   7.1400   7.2000   7.2600   7.3400   7.4100   7.5000   7.5800   7.6100   7.8900   8.2300   7.8800   0.0000   0.0000   0.0000   0.0000   0.0000;
113:  6.8100   6.6200   6.6800   6.7600   6.8500   6.9400   7.0500   7.1300   7.2000   7.2600   7.3300   7.4100   7.5000   7.5800   7.6100   7.8800   8.2200   7.8800   0.0000   0.0000   0.0000   0.0000   0.0000;
114:  6.8100   6.6200   6.6800   6.7500   6.8400   6.9300   7.0400   7.1200   7.1900   7.2600   7.3300   7.4100   7.5000   7.5800   7.6100   7.8700   8.2000   7.8800   0.0000   0.0000   0.0000   0.0000   0.0000;
115:  6.8100   6.6200   6.6700   6.7400   6.8300   6.9200   7.0300   7.1200   7.1900   7.2500   7.3300   7.4100   7.5000   7.5800   7.6200   7.8600   8.1900   7.8900   0.0000   0.0000   0.0000   0.0000   0.0000;
116:  6.8100   6.6200   6.6700   6.7400   6.8200   6.9100   7.0200   7.1100   7.1900   7.2500   7.3300   7.4100   7.5000   7.5800   7.6200   7.8500   8.1700   7.8900   0.0000   0.0000   0.0000   0.0000   0.0000;
117:  6.8100   6.6200   6.6600   6.7300   6.8100   6.9000   7.0100   7.1100   7.1900   7.2500   7.3300   7.4100   7.5000   7.5800   7.6200   7.8400   8.1600   7.8900   0.0000   0.0000   0.0000   0.0000   0.0000;
118:  6.8100   6.6200   6.6600   6.7200   6.8000   6.8900   7.0000   7.1000   7.1800   7.2500   7.3300   7.4100   7.5000   7.5800   7.6300   7.8300   8.1400   7.8900   0.0000   0.0000   0.0000   0.0000   0.0000;
119:  6.8100   6.6200   6.6500   6.7100   6.7900   6.8800   6.9900   7.1000   7.1800   7.2500   7.3300   7.4100   7.5000   7.5700   7.6300   7.8200   8.1300   7.8900   0.0000   0.0000   0.0000   0.0000   0.0000;
120:  6.8100   6.6200   6.6500   6.7000   6.7800   6.8700   6.9800   7.0900   7.1800   7.2500   7.3300   7.4100   7.5000   7.5700   7.6300   7.8100   8.1100   7.8900   0.0000   0.0000   0.0000   0.0000   0.0000;
121:  6.8100   6.6200   6.6400   6.7000   6.7800   6.8600   6.9800   7.0800   7.1700   7.2400   7.3300   7.4100   7.4900   7.5700   7.6300   7.8000   8.1000   7.8900   0.0000   0.0000   0.0000   0.0000   0.0000;
122:  6.8100   6.6200   6.6400   6.6900   6.7700   6.8500   6.9700   7.0800   7.1700   7.2400   7.3300   7.4100   7.4900   7.5700   7.6400   7.7900   8.0800   7.8900   0.0000   0.0000   0.0000   0.0000   0.0000;
123:  6.8000   6.6200   6.6400   6.6800   6.7600   6.8400   6.9600   7.0700   7.1700   7.2400   7.3200   7.4000   7.4900   7.5700   7.6400   7.7800   8.0600   7.8900   0.0000   0.0000   0.0000   0.0000   0.0000;
124:  6.8100   6.6200   6.6300   6.6800   6.7500   6.8300   6.9500   7.0700   7.1700   7.2400   7.3200   7.4000   7.4900   7.5700   7.6400   7.7800   8.0500   7.8900   0.0000   0.0000   0.0000   0.0000   0.0000;
125:  6.8100   6.6300   6.6300   6.6700   6.7400   6.8300   6.9400   7.0600   7.1600   7.2300   7.3200   7.4000   7.4900   7.5700   7.6400   7.7700   8.0300   7.8900   0.0000   0.0000   0.0000   0.0000   0.0000;
126:  6.8100   6.6300   6.6300   6.6600   6.7400   6.8200   6.9300   7.0600   7.1600   7.2300   7.3200   7.4000   7.4900   7.5700   7.6400   7.7600   8.0200   7.8900   0.0000   0.0000   0.0000   0.0000   0.0000;
127:  6.8100   6.6300   6.6300   6.6600   6.7300   6.8100   6.9200   7.0500   7.1600   7.2300   7.3200   7.4000   7.4800   7.5700   7.6500   7.7500   8.0000   7.8900   0.0000   0.0000   0.0000   0.0000   0.0000;
128:  6.8200   6.6400   6.6300   6.6500   6.7200   6.8000   6.9100   7.0400   7.1500   7.2300   7.3200   7.4000   7.4800   7.5600   7.6500   7.7500   7.9900   7.8900   0.0000   0.0000   0.0000   0.0000   0.0000;
129:  6.8200   6.6400   6.6300   6.6500   6.7200   6.7900   6.9000   7.0400   7.1500   7.2200   7.3200   7.4000   7.4800   7.5600   7.6500   7.7400   7.9800   7.8900   0.0000   0.0000   0.0000   0.0000   0.0000;
130:  6.8200   6.6500   6.6300   6.6500   6.7100   6.7800   6.9000   7.0300   7.1500   7.2200   7.3100   7.4000   7.4800   7.5600   7.6500   7.7300   7.9600   7.8900   0.0000   0.0000   0.0000   0.0000   0.0000;
131:  6.8200   6.6500   6.6300   6.6400   6.7100   6.7800   6.8900   7.0300   7.1400   7.2200   7.3100   7.4000   7.4800   7.5600   7.6500   7.7300   7.9500   7.8900   0.0000   0.0000   0.0000   0.0000   0.0000;
132:  6.8300   6.6600   6.6300   6.6400   6.7000   6.7700   6.8800   7.0200   7.1400   7.2100   7.3100   7.4000   7.4700   7.5600   7.6500   7.7200   7.9300   7.8900   0.0000   0.0000   0.0000   0.0000   0.0000;
133:  6.8300   6.6700   6.6300   6.6400   6.7000   6.7600   6.8700   7.0200   7.1400   7.2100   7.3100   7.3900   7.4700   7.5500   7.6500   7.7200   7.9200   7.8900   0.0000   0.0000   0.0000   0.0000   0.0000;
134:  6.8400   6.6800   6.6300   6.6400   6.6900   6.7600   6.8700   7.0100   7.1300   7.2100   7.3000   7.3900   7.4700   7.5500   7.6500   7.7100   7.9100   7.8900   0.0000   0.0000   0.0000   0.0000   0.0000;
135:  6.8400   6.6800   6.6400   6.6300   6.6900   6.7500   6.8600   7.0100   7.1300   7.2000   7.3000   7.3900   7.4700   7.5500   7.6500   7.7100   7.8900   7.8900   0.0000   0.0000   0.0000   0.0000   0.0000;
136:  6.8400   6.6900   6.6400   6.6300   6.6900   6.7500   6.8500   7.0100   7.1300   7.2000   7.3000   7.3900   7.4700   7.5500   7.6500   7.7100   7.8800   7.8800   0.0000   0.0000   0.0000   0.0000   0.0000;
137:  6.8500   6.7000   6.6400   6.6300   6.6900   6.7400   6.8500   7.0000   7.1200   7.2000   7.3000   7.3900   7.4600   7.5500   7.6500   7.7000   7.8700   7.8800   0.0000   0.0000   0.0000   0.0000   0.0000;
138:  6.8600   6.7100   6.6500   6.6300   6.6900   6.7400   6.8400   7.0000   7.1200   7.1900   7.3000   7.3900   7.4600   7.5500   7.6500   7.7000   7.8600   7.8800   0.0000   0.0000   0.0000   0.0000   0.0000;
139:  6.8600   6.7200   6.6500   6.6400   6.6800   6.7400   6.8400   6.9900   7.1100   7.1900   7.2900   7.3900   7.4600   7.5400   7.6500   7.7000   7.8500   7.8800   0.0000   0.0000   0.0000   0.0000   0.0000;
140:  6.8700   6.7300   6.6600   6.6400   6.6800   6.7300   6.8300   6.9900   7.1100   7.1900   7.2900   7.3800   7.4600   7.5400   7.6500   7.6900   7.8400   7.8800   0.0000   0.0000   0.0000   0.0000   0.0000;
141:  6.8700   6.7400   6.6700   6.6400   6.6900   6.7300   6.8300   6.9900   7.1100   7.1800   7.2900   7.3800   7.4500   7.5400   7.6500   7.6900   7.8300   7.8700   0.0000   0.0000   0.0000   0.0000   0.0000;
142:  6.8900   6.7600   6.6700   6.6400   6.6900   6.7300   6.8300   6.9800   7.1000   7.1800   7.2800   7.3800   7.4500   7.5400   7.6500   7.6900   7.8100   7.8700   0.0000   0.0000   0.0000   0.0000   0.0000;
143:  6.8900   6.7700   6.6800   6.6500   6.6900   6.7300   6.8200   6.9800   7.1000   7.1700   7.2800   7.3800   7.4500   7.5300   7.6500   7.6900   7.8000   7.8700   0.0000   0.0000   0.0000   0.0000   0.0000;
144:  6.9000   6.7800   6.6900   6.6500   6.6900   6.7300   6.8200   6.9800   7.1000   7.1700   7.2800   7.3800   7.4500   7.5300   7.6500   7.6900   7.7900   7.8600   7.9800   8.1500   0.0000   0.0000   0.0000;
145:  6.9000   6.7900   6.7000   6.6600   6.6900   6.7300   6.8200   6.9700   7.1000   7.1700   7.2800   7.3800   7.4500   7.5300   7.6500   7.6900   7.7900   7.8600   7.9800   8.1400   0.0000   0.0000   0.0000;
146:  6.9100   6.8100   6.7100   6.6700   6.7000   6.7300   6.8100   6.9700   7.0900   7.1600   7.2700   7.3700   7.4400   7.5300   7.6500   7.6800   7.7800   7.8600   7.9800   8.1400   0.0000   0.0000   0.0000;
147:  6.9200   6.8200   6.7200   6.6700   6.7000   6.7300   6.8100   6.9700   7.0900   7.1600   7.2700   7.3700   7.4400   7.5300   7.6500   7.6800   7.7700   7.8500   7.9800   8.1300   0.0000   0.0000   0.0000;
148:  6.9300   6.8300   6.7300   6.6800   6.7100   6.7300   6.8100   6.9700   7.0900   7.1600   7.2700   7.3700   7.4400   7.5200   7.6500   7.6800   7.7600   7.8500   7.9700   8.1300   0.0000   0.0000   0.0000;
149:  6.9400   6.8500   6.7500   6.6900   6.7100   6.7300   6.8100   6.9700   7.0800   7.1500   7.2700   7.3700   7.4400   7.5200   7.6400   7.6800   7.7500   7.8500   7.9700   8.1200   8.3000   0.0000   0.0000;
150:  6.9400   6.8600   6.7600   6.7000   6.7200   6.7400   6.8100   6.9600   7.0800   7.1500   7.2600   7.3700   7.4300   7.5200   7.6400   7.6800   7.7400   7.8400   7.9700   8.1200   8.3000   0.0000   0.0000;
151:  6.9600   6.8800   6.7700   6.7100   6.7300   6.7400   6.8100   6.9600   7.0800   7.1500   7.2600   7.3700   7.4300   7.5200   7.6400   7.6800   7.7400   7.8400   7.9700   8.1200   8.3000   0.0000   0.0000;
152:  6.9700   6.9000   6.7800   6.7200   6.7400   6.7400   6.8100   6.9600   7.0800   7.1500   7.2600   7.3700   7.4300   7.5200   7.6400   7.6800   7.7300   7.8300   7.9700   8.1200   8.2900   0.0000   0.0000;
153:  6.9700   6.9100   6.8000   6.7300   6.7400   6.7500   6.8100   6.9600   7.0700   7.1400   7.2600   7.3600   7.4300   7.5100   7.6400   7.6800   7.7200   7.8300   7.9600   8.1100   8.2900   0.0000   0.0000;
154:  6.9900   6.9300   6.8100   6.7400   6.7500   6.7500   6.8100   6.9600   7.0700   7.1400   7.2500   7.3600   7.4300   7.5100   7.6400   7.6800   7.7200   7.8200   7.9600   8.1100   8.2900   0.0000   0.0000;
155:  6.9900   6.9400   6.8300   6.7500   6.7600   6.7600   6.8200   6.9600   7.0700   7.1400   7.2500   7.3600   7.4200   7.5100   7.6300   7.6800   7.7100   7.8200   7.9600   8.1100   8.2900   0.0000   0.0000;
156:  7.0000   6.9600   6.8400   6.7700   6.7700   6.7700   6.8200   6.9600   7.0700   7.1400   7.2500   7.3600   7.4200   7.5100   7.6300   7.6800   7.7100   7.8200   7.9600   8.1100   8.2900   0.0000   0.0000;
157:  7.0200   6.9800   6.8600   6.7800   6.7800   6.7700   6.8200   6.9600   7.0700   7.1300   7.2500   7.3600   7.4200   7.5000   7.6300   7.6800   7.7000   7.8100   7.9600   8.1100   8.2900   0.0000   0.0000;
158:  7.0300   7.0000   6.8800   6.7900   6.7900   6.7800   6.8300   6.9600   7.0700   7.1300   7.2500   7.3500   7.4200   7.5000   7.6300   7.6800   7.6900   7.8100   7.9600   8.1100   8.2900   0.0000   0.0000;
159:  7.0300   7.0100   6.8900   6.8100   6.8100   6.7900   6.8300   6.9600   7.0600   7.1300   7.2400   7.3500   7.4200   7.5000   7.6200   7.6800   7.6900   7.8000   7.9600   8.1100   8.2900   0.0000   0.0000;
160:  7.0500   7.0300   6.9100   6.8200   6.8200   6.8000   6.8300   6.9700   7.0600   7.1300   7.2400   7.3500   7.4100   7.5000   7.6200   7.6800   7.6800   7.8000   7.9600   8.1100   8.2900   0.0000   0.0000;
161:  7.0600   7.0500   6.9300   6.8400   6.8300   6.8000   6.8400   6.9700   7.0600   7.1300   7.2400   7.3500   7.4100   7.5000   7.6200   7.6800   7.6800   7.7900   7.9500   8.1100   8.2900   0.0000   0.0000;
162:  7.0700   7.0700   6.9500   6.8600   6.8400   6.8100   6.8400   6.9700   7.0600   7.1300   7.2400   7.3500   7.4100   7.4900   7.6200   7.6800   7.6800   7.7900   7.9500   8.1100   8.2900   0.0000   0.0000;
163:  7.0800   7.0800   6.9600   6.8700   6.8600   6.8200   6.8500   6.9700   7.0600   7.1200   7.2400   7.3500   7.4100   7.4900   7.6100   7.6800   7.6700   7.7800   7.9500   8.1100   8.2900   0.0000   0.0000;
164:  7.0900   7.1000   6.9800   6.8900   6.8700   6.8300   6.8600   6.9700   7.0600   7.1200   7.2400   7.3500   7.4100   7.4900   7.6100   7.6800   7.6700   7.7800   7.9500   8.1100   8.2900   0.0000   0.0000;
165:  7.1000   7.1200   7.0000   6.9100   6.8800   6.8400   6.8600   6.9800   7.0600   7.1200   7.2400   7.3400   7.4100   7.4900   7.6100   7.6800   7.6600   7.7700   7.9500   8.1100   8.3000   0.0000   0.0000;
166:  7.1100   7.1400   7.0200   6.9200   6.9000   6.8500   6.8700   6.9800   7.0600   7.1200   7.2300   7.3400   7.4000   7.4900   7.6000   7.6800   7.6600   7.7700   7.9500   8.1000   8.3000   0.0000   0.0000;
167:  7.1200   7.1600   7.0400   6.9400   6.9100   6.8600   6.8800   6.9800   7.0600   7.1200   7.2300   7.3400   7.4000   7.4800   7.6000   7.6700   7.6600   7.7600   7.9400   8.1000   8.3000   0.0000   0.0000;
168:  7.1300   7.1700   7.0600   6.9600   6.9300   6.8700   6.8800   6.9900   7.0600   7.1200   7.2300   7.3400   7.4000   7.4800   7.6000   7.6700   7.6500   7.7600   7.9400   8.1000   8.3000   0.0000   0.0000;
169:  7.1400   7.1900   7.0700   6.9800   6.9400   6.8900   6.8900   6.9900   7.0600   7.1200   7.2300   7.3400   7.4000   7.4800   7.5900   7.6700   7.6500   7.7500   7.9300   8.0900   8.3000   0.0000   0.0000;
170:  7.1500   7.2100   7.0900   6.9900   6.9600   6.9000   6.9000   6.9900   7.0600   7.1200   7.2300   7.3400   7.4000   7.4800   7.5900   7.6700   7.6500   7.7500   7.9300   8.0900   8.3000   0.0000   0.0000;
171:  7.1700   7.2300   7.1100   7.0100   6.9700   6.9100   6.9100   7.0000   7.0600   7.1200   7.2300   7.3300   7.4000   7.4700   7.5800   7.6700   7.6400   7.7500   7.9200   8.0800   8.3100   0.0000   0.0000;
172:  7.1700   7.2400   7.1300   7.0300   6.9900   6.9200   6.9100   7.0000   7.0600   7.1200   7.2300   7.3300   7.3900   7.4700   7.5800   7.6600   7.6400   7.7400   7.9200   8.0800   8.3100   0.0000   0.0000;
173:  7.1800   7.2600   7.1500   7.0500   7.0000   6.9300   6.9200   7.0100   7.0700   7.1200   7.2300   7.3300   7.3900   7.4700   7.5800   7.6600   7.6400   7.7400   7.9100   8.0700   8.3100   0.0000   0.0000;
174:  7.2000   7.2800   7.1700   7.0700   7.0200   6.9400   6.9300   7.0100   7.0700   7.1300   7.2300   7.3300   7.3900   7.4700   7.5700   7.6600   7.6400   7.7300   7.9000   8.0700   8.3100   0.0000   0.0000;
175:  7.2000   7.2900   7.1800   7.0800   7.0300   6.9500   6.9400   7.0100   7.0700   7.1300   7.2300   7.3300   7.3900   7.4700   7.5700   7.6500   7.6300   7.7300   7.9000   8.0600   8.3100   0.0000   0.0000;
176:  7.2100   7.3100   7.2000   7.1000   7.0500   6.9700   6.9500   7.0200   7.0700   7.1300   7.2300   7.3300   7.3900   7.4600   7.5600   7.6500   7.6300   7.7200   7.8900   8.0600   8.3100   0.0000   0.0000;
177:  7.2200   7.3200   7.2200   7.1200   7.0600   6.9800   6.9600   7.0200   7.0700   7.1300   7.2300   7.3300   7.3900   7.4600   7.5600   7.6500   7.6300   7.7200   7.8800   8.0500   8.3100   0.0000   0.0000;
178:  7.2300   7.3400   7.2400   7.1300   7.0700   6.9900   6.9600   7.0300   7.0800   7.1300   7.2300   7.3300   7.3900   7.4600   7.5600   7.6400   7.6300   7.7200   7.8800   8.0500   8.3100   0.0000   0.0000;
179:  7.2400   7.3500   7.2500   7.1500   7.0900   7.0000   6.9700   7.0300   7.0800   7.1300   7.2300   7.3300   7.3800   7.4600   7.5500   7.6400   7.6200   7.7100   7.8700   8.0400   8.3100   0.0000   0.0000;
180:  7.2500   7.3700   7.2700   7.1700   7.1000   7.0100   6.9800   7.0400   7.0800   7.1400   7.2300   7.3200   7.3800   7.4600   7.5500   7.6300   7.6200   7.7100   7.8700   8.0400   8.3100   0.0000   0.0000;
181:  7.2600   7.3800   7.2800   7.1800   7.1100   7.0200   6.9900   7.0400   7.0800   7.1400   7.2300   7.3200   7.3800   7.4500   7.5400   7.6300   7.6200   7.7100   7.8600   8.0300   8.3100   0.0000   0.0000;
182:  7.2600   7.3900   7.3000   7.2000   7.1300   7.0300   7.0000   7.0500   7.0900   7.1400   7.2300   7.3200   7.3800   7.4500   7.5400   7.6200   7.6200   7.7000   7.8600   8.0300   8.3100   0.0000   0.0000;
183:  7.2800   7.4100   7.3100   7.2100   7.1400   7.0400   7.0100   7.0500   7.0900   7.1400   7.2300   7.3200   7.3800   7.4500   7.5400   7.6200   7.6100   7.7000   7.8500   8.0200   8.3100   0.0000   0.0000;
184:  7.2800   7.4200   7.3300   7.2300   7.1500   7.0500   7.0200   7.0600   7.0900   7.1500   7.2400   7.3200   7.3800   7.4500   7.5300   7.6100   7.6100   7.7000   7.8500   8.0200   8.3100   0.0000   0.0000;
185:  7.2900   7.4300   7.3400   7.2400   7.1600   7.0600   7.0200   7.0600   7.1000   7.1500   7.2400   7.3200   7.3800   7.4400   7.5300   7.6100   7.6100   7.7000   7.8500   8.0200   8.3100   0.0000   0.0000;
186:  7.2900   7.4400   7.3500   7.2500   7.1700   7.0700   7.0300   7.0700   7.1000   7.1500   7.2400   7.3200   7.3800   7.4400   7.5200   7.6000   7.6100   7.6900   7.8400   8.0100   8.3100   0.0000   0.0000;
187:  7.3000   7.4500   7.3600   7.2700   7.1900   7.0800   7.0400   7.0700   7.1000   7.1500   7.2400   7.3200   7.3700   7.4400   7.5200   7.5900   7.6100   7.6900   7.8400   8.0100   8.3100   0.0000   0.0000;
188:  7.3100   7.4600   7.3700   7.2800   7.2000   7.0900   7.0500   7.0800   7.1100   7.1600   7.2400   7.3200   7.3700   7.4400   7.5200   7.5900   7.6100   7.6900   7.8400   8.0100   8.3100   0.0000   0.0000;
189:  7.3100   7.4700   7.3800   7.2900   7.2000   7.1000   7.0600   7.0800   7.1100   7.1600   7.2400   7.3200   7.3700   7.4400   7.5100   7.5800   7.6000   7.6900   7.8400   8.0100   8.3100   0.0000   0.0000;
190:  7.3200   7.4800   7.3900   7.3000   7.2100   7.1100   7.0600   7.0900   7.1100   7.1600   7.2400   7.3200   7.3700   7.4300   7.5100   7.5800   7.6000   7.6800   7.8400   8.0100   8.3100   0.0000   0.0000;
191:  7.3200   7.4900   7.4000   7.3100   7.2200   7.1200   7.0700   7.0900   7.1200   7.1700   7.2500   7.3200   7.3700   7.4300   7.5000   7.5700   7.6000   7.6800   7.8300   8.0000   8.3100   0.0000   0.0000;
192:  7.3200   7.4900   7.4100   7.3200   7.2300   7.1200   7.0800   7.1000   7.1200   7.1700   7.2500   7.3200   7.3700   7.4300   7.5000   7.5700   7.6000   7.6800   7.8300   8.0000   8.3100   0.0000   0.0000;
193:  7.3300   7.5000   7.4200   7.3300   7.2400   7.1300   7.0800   7.1000   7.1200   7.1700   7.2500   7.3200   7.3700   7.4300   7.5000   7.5600   7.6000   7.6800   7.8300   8.0000   8.3100   0.0000   0.0000;
194:  7.3400   7.5100   7.4200   7.3300   7.2400   7.1400   7.0900   7.1100   7.1300   7.1800   7.2500   7.3200   7.3700   7.4300   7.4900   7.5500   7.6000   7.6800   7.8200   8.0000   8.3100   8.5000   0.0000;
195:  7.3400   7.5100   7.4300   7.3400   7.2500   7.1400   7.0900   7.1100   7.1300   7.1800   7.2500   7.3200   7.3700   7.4300   7.4900   7.5500   7.6000   7.6800   7.8200   8.0000   8.3000   8.4900   0.0000;
196:  7.3400   7.5200   7.4300   7.3500   7.2500   7.1500   7.1000   7.1100   7.1300   7.1800   7.2500   7.3200   7.3700   7.4200   7.4900   7.5400   7.5900   7.6800   7.8200   7.9900   8.3000   8.4900   0.0000;
197:  7.3400   7.5200   7.4400   7.3500   7.2600   7.1500   7.1000   7.1200   7.1400   7.1900   7.2600   7.3200   7.3700   7.4200   7.4800   7.5400   7.5900   7.6800   7.8100   7.9900   8.3000   8.4800   0.0000;
198:  7.3400   7.5200   7.4400   7.3500   7.2600   7.1500   7.1100   7.1200   7.1400   7.1900   7.2600   7.3200   7.3600   7.4200   7.4800   7.5300   7.5900   7.6800   7.8100   7.9900   8.2900   8.4700   0.0000;
199:  7.3400   7.5200   7.4400   7.3600   7.2600   7.1600   7.1100   7.1300   7.1400   7.1900   7.2600   7.3200   7.3600   7.4200   7.4800   7.5300   7.5900   7.6800   7.8100   7.9900   8.2900   8.4700   0.0000;
200:  7.3400   7.5200   7.4400   7.3600   7.2700   7.1600   7.1200   7.1300   7.1500   7.2000   7.2600   7.3200   7.3600   7.4200   7.4700   7.5200   7.5900   7.6700   7.8000   7.9900   8.2900   8.4600   0.0000;
201:  7.3400   7.5200   7.4400   7.3600   7.2700   7.1600   7.1200   7.1300   7.1500   7.2000   7.2600   7.3200   7.3600   7.4200   7.4700   7.5200   7.5900   7.6700   7.8000   7.9900   8.2800   8.4600   0.0000;
202:  7.3400   7.5200   7.4400   7.3600   7.2700   7.1700   7.1200   7.1300   7.1500   7.2000   7.2600   7.3200   7.3600   7.4200   7.4700   7.5200   7.5900   7.6700   7.8000   7.9900   8.2800   8.4500   0.0000;
203:  7.3400   7.5200   7.4400   7.3600   7.2700   7.1700   7.1300   7.1400   7.1600   7.2000   7.2700   7.3200   7.3600   7.4100   7.4700   7.5100   7.5900   7.6700   7.8000   7.9800   8.2800   8.4400   0.0000;
204:  7.3400   7.5200   7.4400   7.3600   7.2700   7.1700   7.1300   7.1400   7.1600   7.2100   7.2700   7.3200   7.3600   7.4100   7.4600   7.5100   7.5900   7.6700   7.7900   7.9800   8.2700   8.4300   0.0000;
205:  7.3400   7.5200   7.4300   7.3500   7.2600   7.1700   7.1300   7.1400   7.1600   7.2100   7.2700   7.3200   7.3600   7.4100   7.4600   7.5100   7.5900   7.6700   7.7900   7.9800   8.2700   8.4300   0.0000;
206:  7.3400   7.5100   7.4300   7.3500   7.2600   7.1700   7.1300   7.1400   7.1700   7.2100   7.2700   7.3200   7.3600   7.4100   7.4600   7.5000   7.5900   7.6800   7.7900   7.9700   8.2600   8.4200   0.0000;
207:  7.3400   7.5100   7.4200   7.3500   7.2600   7.1700   7.1300   7.1500   7.1700   7.2100   7.2700   7.3200   7.3600   7.4100   7.4600   7.5000   7.5900   7.6800   7.7900   7.9700   8.2500   0.0000   0.0000;
208:  7.3300   7.5000   7.4200   7.3400   7.2600   7.1700   7.1300   7.1500   7.1700   7.2200   7.2700   7.3200   7.3600   7.4100   7.4600   7.5000   7.5900   7.6800   7.7900   7.9600   0.0000   0.0000   0.0000;
209:  7.3300   7.5000   7.4100   7.3400   7.2500   7.1600   7.1300   7.1500   7.1700   7.2200   7.2700   7.3200   7.3600   7.4100   7.4600   7.5000   7.5900   7.6800   7.7800   7.9600   0.0000   0.0000   0.0000;
210:  7.3300   7.4900   7.4000   7.3300   7.2500   7.1600   7.1300   7.1500   7.1700   7.2200   7.2800   7.3200   7.3600   7.4100   7.4600   7.4900   7.5900   7.6800   7.7800   7.9500   0.0000   0.0000   0.0000;
211:  7.3200   7.4800   7.3900   7.3200   7.2400   7.1600   7.1300   7.1500   7.1800   7.2200   7.2800   7.3200   7.3600   7.4100   7.4500   7.4900   7.5900   7.6800   7.7800   7.9500   0.0000   0.0000   0.0000;
212:  7.3200   7.4800   7.3800   7.3100   7.2300   7.1500   7.1300   7.1500   7.1800   7.2200   7.2800   7.3200   7.3600   7.4100   7.4500   7.4900   7.5900   7.6800   7.7900   7.9400   0.0000   0.0000   0.0000;
213:  7.3200   7.4700   7.3700   7.3000   7.2300   7.1500   7.1300   7.1500   7.1800   7.2300   7.2800   7.3200   7.3600   7.4100   7.4500   7.4900   7.5900   7.6800   7.7900   7.9400   0.0000   0.0000   0.0000;
214:  7.3100   7.4600   7.3600   7.2900   7.2200   7.1500   7.1300   7.1500   7.1800   7.2300   7.2800   7.3200   7.3600   7.4100   7.4500   7.4900   7.6000   7.6800   7.7900   7.9300   0.0000   0.0000   0.0000;
215:  7.3000   7.4500   7.3500   7.2800   7.2100   7.1400   7.1300   7.1500   7.1800   7.2300   7.2800   7.3200   7.3600   7.4100   7.4500   7.4900   7.6000   7.6800   7.7900   7.9300   0.0000   0.0000   0.0000;
216:  7.3000   7.4400   7.3400   7.2700   7.2000   7.1400   7.1300   7.1500   7.1800   7.2300   7.2800   7.3200   7.3600   7.4100   7.4500   7.4900   7.6000   7.6800   7.7900   7.9300   0.0000   0.0000   0.0000;
217:  7.2800   7.4200   7.3300   7.2600   7.1900   7.1300   7.1200   7.1500   7.1800   7.2300   7.2800   7.3200   7.3600   7.4100   7.4500   7.4900   7.6000   7.6800   7.8000   7.9300   0.0000   0.0000   0.0000;
218:  7.2800   7.4100   7.3100   7.2500   7.1900   7.1300   7.1200   7.1500   7.1900   7.2300   7.2800   7.3200   7.3600   7.4100   7.4500   7.5000   7.6000   7.6800   7.8000   7.9300   0.0000   0.0000   0.0000;
219:  7.2700   7.4000   7.3000   7.2300   7.1800   7.1200   7.1200   7.1500   7.1900   7.2300   7.2800   7.3200   7.3700   7.4100   7.4500   7.5000   7.6000   7.6800   7.8000   7.9400   0.0000   0.0000   0.0000;
220:  7.2700   7.3900   7.2900   7.2200   7.1700   7.1100   7.1100   7.1500   7.1900   7.2300   7.2900   7.3200   7.3700   7.4100   7.4500   7.5000   7.6100   7.6800   0.0000   0.0000   0.0000   0.0000   0.0000;
221:  7.2500   7.3700   7.2700   7.2100   7.1500   7.1100   7.1100   7.1500   7.1900   7.2300   7.2900   7.3200   7.3700   7.4100   7.4600   7.5000   7.6100   7.6800   0.0000   0.0000   0.0000   0.0000   0.0000;
222:  7.2500   7.3600   7.2600   7.1900   7.1400   7.1000   7.1100   7.1400   7.1900   7.2300   7.2900   7.3200   7.3700   7.4100   7.4600   7.5000   7.6100   7.6900   0.0000   0.0000   0.0000   0.0000   0.0000;
223:  7.2400   7.3400   7.2400   7.1800   7.1300   7.0900   7.1000   7.1400   7.1900   7.2300   7.2900   7.3300   7.3700   7.4200   7.4600   7.5100   7.6100   7.6900   0.0000   0.0000   0.0000   0.0000   0.0000;
224:  7.2300   7.3300   7.2200   7.1600   7.1200   7.0800   7.1000   7.1400   7.1900   7.2300   7.2900   7.3300   7.3700   7.4200   7.4600   7.5100   7.6100   7.6900   0.0000   0.0000   0.0000   0.0000   0.0000;
225:  7.2200   7.3100   7.2100   7.1500   7.1100   7.0800   7.0900   7.1400   7.1900   7.2300   7.2900   7.3300   7.3700   7.4200   7.4600   7.5200   7.6200   7.6900   0.0000   0.0000   0.0000   0.0000   0.0000;
226:  7.2100   7.3000   7.1900   7.1300   7.1000   7.0700   7.0900   7.1400   7.1900   7.2300   7.2900   7.3300   7.3700   7.4200   7.4600   7.5200   7.6200   7.6900   0.0000   0.0000   0.0000   0.0000   0.0000;
227:  7.2000   7.2800   7.1700   7.1200   7.0800   7.0600   7.0800   7.1300   7.1800   7.2300   7.2900   7.3300   7.3700   7.4200   7.4600   7.5200   7.6200   7.6900   0.0000   0.0000   0.0000   0.0000   0.0000;
228:  7.1900   7.2600   7.1600   7.1000   7.0700   7.0500   7.0800   7.1300   7.1800   7.2300   7.2900   7.3300   7.3700   7.4200   7.4700   7.5300   7.6200   7.6900   0.0000   0.0000   0.0000   0.0000   0.0000;
229:  7.1800   7.2500   7.1400   7.0800   7.0600   7.0400   7.0700   7.1300   7.1800   7.2300   7.2900   7.3300   7.3800   7.4300   7.4700   7.5300   7.6300   7.6900   0.0000   0.0000   0.0000   0.0000   0.0000;
230:  7.1700   7.2300   7.1200   7.0700   7.0500   7.0300   7.0700   7.1300   7.1800   7.2300   7.2900   7.3300   7.3800   7.4300   7.4700   7.5400   7.6300   7.6900   0.0000   0.0000   0.0000   0.0000   0.0000;
231:  7.1600   7.2100   7.1100   7.0500   7.0300   7.0200   7.0600   7.1200   7.1800   7.2300   7.2900   7.3300   7.3800   7.4300   7.4700   7.5400   7.6300   7.6900   0.0000   0.0000   0.0000   0.0000   0.0000;
232:  7.1400   7.1900   7.0900   7.0400   7.0200   7.0200   7.0600   7.1200   7.1800   7.2300   7.2900   7.3300   7.3800   7.4300   7.4800   7.5500   7.6300   7.6900   0.0000   0.0000   0.0000   0.0000   0.0000;
233:  7.1300   7.1700   7.0700   7.0200   7.0100   7.0100   7.0500   7.1200   7.1800   7.2300   7.2900   7.3300   7.3800   7.4400   7.4800   7.5500   7.6300   7.6900   0.0000   0.0000   0.0000   0.0000   0.0000;
234:  7.1200   7.1500   7.0500   7.0000   7.0000   7.0000   7.0500   7.1200   7.1800   7.2300   7.2900   7.3300   7.3800   7.4400   7.4800   7.5600   7.6400   7.6900   0.0000   0.0000   0.0000   0.0000   0.0000;
235:  7.1100   7.1400   7.0400   6.9900   6.9800   6.9900   7.0400   7.1100   7.1800   7.2300   7.2900   7.3300   7.3900   7.4400   7.4800   7.5600   7.6400   7.6900   0.0000   0.0000   0.0000   0.0000   0.0000;
236:  7.1000   7.1200   7.0200   6.9700   6.9700   6.9800   7.0400   7.1100   7.1700   7.2300   7.2900   7.3400   7.3900   7.4400   7.4900   7.5700   7.6400   7.6900   0.0000   0.0000   0.0000   0.0000   0.0000;
237:  7.0900   7.1000   7.0000   6.9500   6.9600   6.9700   7.0300   7.1100   7.1700   7.2300   7.2900   7.3400   7.3900   7.4500   7.4900   7.5800   7.6400   7.6900   0.0000   0.0000   0.0000   0.0000   0.0000;
238:  7.0800   7.0800   6.9900   6.9400   6.9500   6.9700   7.0300   7.1100   7.1700   7.2300   7.2900   7.3400   7.3900   7.4500   7.4900   7.5800   7.6500   7.6900   0.0000   0.0000   0.0000   0.0000   0.0000;
239:  7.0600   7.0600   6.9700   6.9200   6.9300   6.9600   7.0200   7.1000   7.1700   7.2300   7.2900   7.3400   7.4000   7.4500   7.5000   7.5900   7.6500   7.6900   0.0000   0.0000   0.0000   0.0000   0.0000;
240:  7.0500   7.0400   6.9500   6.9100   6.9200   6.9500   7.0200   7.1000   7.1700   7.2300   7.2900   7.3400   7.4000   7.4600   7.5000   7.5900   7.6500   7.6900   0.0000   0.0000   0.0000   0.0000   0.0000;
241:  7.0400   7.0200   6.9400   6.8900   6.9100   6.9400   7.0100   7.1000   7.1700   7.2300   7.2900   7.3400   7.4000   7.4600   7.5000   7.6000   7.6500   7.6900   0.0000   0.0000   0.0000   0.0000   0.0000;
242:  7.0300   7.0000   6.9200   6.8800   6.9000   6.9300   7.0100   7.1000   7.1700   7.2300   7.2900   7.3400   7.4000   7.4600   7.5100   7.6000   7.6500   7.6900   0.0000   0.0000   0.0000   0.0000   0.0000;
243:  7.0200   6.9900   6.9100   6.8700   6.8900   6.9300   7.0000   7.0900   7.1600   7.2300   7.2900   7.3400   7.4100   7.4700   7.5100   7.6100   7.6600   7.6900   0.0000   0.0000   0.0000   0.0000   0.0000;
244:  7.0100   6.9700   6.8900   6.8500   6.8800   6.9200   7.0000   7.0900   7.1600   7.2300   7.2900   7.3500   7.4100   7.4700   7.5100   7.6100   7.6600   7.6900   0.0000   0.0000   0.0000   0.0000   0.0000;
245:  7.0000   6.9500   6.8800   6.8400   6.8700   6.9100   7.0000   7.0900   7.1600   7.2300   7.2900   7.3500   7.4100   7.4800   7.5200   7.6200   7.6600   7.6900   0.0000   0.0000   0.0000   0.0000   0.0000;
246:  6.9800   6.9300   6.8600   6.8300   6.8600   6.9100   6.9900   7.0900   7.1600   7.2300   7.2900   7.3500   7.4100   7.4800   7.5200   7.6200   7.6600   7.6900   0.0000   0.0000   0.0000   0.0000   0.0000;
247:  6.9700   6.9100   6.8500   6.8100   6.8500   6.9000   6.9900   7.0900   7.1600   7.2300   7.2900   7.3500   7.4200   7.4800   7.5300   7.6300   7.6600   7.6900   0.0000   0.0000   0.0000   0.0000   0.0000;
248:  6.9600   6.8900   6.8400   6.8000   6.8400   6.9000   6.9900   7.0800   7.1600   7.2300   7.2900   7.3500   7.4200   7.4900   7.5300   7.6300   7.6600   7.6900   0.0000   0.0000   0.0000   0.0000   0.0000;
249:  6.9500   6.8800   6.8300   6.7900   6.8300   6.8900   6.9900   7.0800   7.1600   7.2300   7.2900   7.3600   7.4200   7.4900   7.5300   7.6400   7.6700   7.6900   0.0000   0.0000   0.0000   0.0000   0.0000;
250:  6.9400   6.8600   6.8100   6.7800   6.8200   6.8900   6.9800   7.0800   7.1600   7.2300   7.2900   7.3600   7.4300   7.5000   7.5400   7.6400   7.6700   7.6900   0.0000   0.0000   0.0000   0.0000   0.0000;
251:  6.9300   6.8400   6.8000   6.7700   6.8200   6.8800   6.9800   7.0800   7.1600   7.2300   7.3000   7.3600   7.4300   7.5000   7.5400   7.6400   7.6700   7.6900   0.0000   0.0000   0.0000   0.0000   0.0000;
252:  6.9200   6.8300   6.7900   6.7600   6.8100   6.8800   6.9800   7.0800   7.1600   7.2300   7.3000   7.3600   7.4300   7.5100   7.5500   7.6500   7.6700   7.6900   0.0000   0.0000   0.0000   0.0000   0.0000;
253:  6.9100   6.8100   6.7800   6.7500   6.8000   6.8700   6.9800   7.0800   7.1600   7.2300   7.3000   7.3700   7.4400   7.5100   7.5500   7.6500   7.6700   7.6900   0.0000   0.0000   0.0000   0.0000   0.0000;
254:  6.9000   6.7900   6.7700   6.7400   6.8000   6.8700   6.9800   7.0800   7.1600   7.2300   7.3000   7.3700   7.4400   7.5200   7.5500   7.6500   7.6700   7.6900   0.0000   0.0000   0.0000   0.0000   0.0000;
255:  6.8900   6.7800   6.7600   6.7400   6.7900   6.8700   6.9800   7.0800   7.1600   7.2400   7.3000   7.3700   7.4500   7.5200   7.5600   7.6600   7.6700   7.6900   0.0000   0.0000   0.0000   0.0000   0.0000;
256:  6.8800   6.7600   6.7500   6.7300   6.7800   6.8700   6.9800   7.0800   7.1600   7.2400   7.3100   7.3700   7.4500   7.5300   7.5600   7.6600   7.6700   7.6900   0.0000   0.0000   0.0000   0.0000   0.0000;
257:  6.8700   6.7500   6.7400   6.7200   6.7800   6.8600   6.9800   7.0800   7.1600   7.2400   7.3100   7.3800   7.4500   7.5300   7.5700   7.6600   7.6800   7.6900   0.0000   0.0000   0.0000   0.0000   0.0000;
258:  6.8700   6.7400   6.7400   6.7200   6.7800   6.8600   6.9800   7.0800   7.1700   7.2400   7.3100   7.3800   7.4600   7.5400   7.5700   7.6700   7.6800   7.6900   0.0000   0.0000   0.0000   0.0000   0.0000;
259:  6.8500   6.7200   6.7300   6.7100   6.7700   6.8600   6.9800   7.0900   7.1700   7.2500   7.3200   7.3900   7.4600   7.5400   7.5800   7.6700   7.6800   7.6900   0.0000   0.0000   0.0000   0.0000   0.0000;
260:  6.8500   6.7100   6.7200   6.7100   6.7700   6.8600   6.9800   7.0900   7.1700   7.2500   7.3200   7.3900   7.4700   7.5500   7.5800   7.6700   7.6800   7.6900   0.0000   0.0000   0.0000   0.0000   0.0000;
261:  6.8400   6.7000   6.7200   6.7000   6.7700   6.8600   6.9800   7.0900   7.1700   7.2600   7.3200   7.3900   7.4700   7.5500   7.5900   7.6700   7.6800   7.7000   0.0000   0.0000   0.0000   0.0000   0.0000;
262:  6.8400   6.6900   6.7100   6.7000   6.7600   6.8600   6.9800   7.0900   7.1800   7.2600   7.3300   7.4000   7.4800   7.5600   7.5900   7.6800   7.6800   7.7000   0.0000   0.0000   0.0000   0.0000   0.0000;
263:  6.8200   6.6700   6.7100   6.7000   6.7600   6.8600   6.9900   7.1000   7.1800   7.2600   7.3300   7.4000   7.4800   7.5600   7.6000   7.6800   7.6800   7.7000   0.0000   0.0000   0.0000   0.0000   0.0000;
264:  6.8200   6.6600   6.7000   6.6900   6.7600   6.8600   6.9900   7.1000   7.1800   7.2700   7.3400   7.4100   7.4900   7.5700   7.6000   7.6800   7.6800   7.7000   0.0000   0.0000   0.0000   0.0000   0.0000;
265:  6.8100   6.6500   6.7000   6.6900   6.7600   6.8600   6.9900   7.1100   7.1900   7.2700   7.3400   7.4100   7.4900   7.5800   7.6100   7.6800   7.6800   7.7000   0.0000   0.0000   0.0000   0.0000   0.0000;
266:  6.8100   6.6400   6.7000   6.6900   6.7600   6.8700   7.0000   7.1100   7.1900   7.2800   7.3500   7.4200   7.5000   7.5800   7.6100   7.6800   7.6900   7.7000   0.0000   0.0000   0.0000   0.0000   0.0000;
267:  6.8000   6.6300   6.6900   6.6900   6.7600   6.8700   7.0000   7.1100   7.2000   7.2900   7.3500   7.4200   7.5100   7.5900   7.6200   7.6800   7.6900   7.7000   0.0000   0.0000   0.0000   0.0000   0.0000;
268:  6.8000   6.6300   6.6900   6.6900   6.7600   6.8700   7.0100   7.1200   7.2000   7.2900   7.3600   7.4300   7.5100   7.6000   7.6200   7.6900   7.6900   7.7000   0.0000   0.0000   0.0000   0.0000   0.0000;
269:  6.7900   6.6200   6.6900   6.6900   6.7700   6.8800   7.0100   7.1300   7.2100   7.3000   7.3700   7.4400   7.5200   7.6000   7.6300   7.6900   7.6900   7.7000   0.0000   0.0000   0.0000   0.0000   0.0000;
270:  6.7900   6.6100   6.6900   6.6900   6.7700   6.8800   7.0200   7.1300   7.2100   7.3100   7.3700   7.4400   7.5300   7.6100   7.6400   7.6900   7.6900   7.7100   0.0000   0.0000   0.0000   0.0000   0.0000;
271:  6.7900   6.6100   6.6900   6.7000   6.7700   6.8900   7.0300   7.1400   7.2200   7.3100   7.3800   7.4500   7.5300   7.6200   7.6400   7.6900   7.7000   7.7100   0.0000   0.0000   0.0000   0.0000   0.0000;
272:  6.7800   6.6000   6.6900   6.7000   6.7800   6.8900   7.0300   7.1400   7.2300   7.3200   7.3900   7.4600   7.5400   7.6200   7.6500   7.6900   7.7000   7.7100   0.0000   0.0000   0.0000   0.0000   0.0000;
273:  6.7800   6.5900   6.6900   6.7000   6.7800   6.9000   7.0400   7.1500   7.2300   7.3300   7.4000   7.4700   7.5500   7.6300   7.6600   7.7000   7.7000   7.7100   0.0000   0.0000   0.0000   0.0000   0.0000;
274:  6.7800   6.5900   6.6900   6.7100   6.7800   6.9000   7.0500   7.1600   7.2400   7.3400   7.4100   7.4700   7.5500   7.6400   7.6600   7.7000   7.7100   7.7100   0.0000   0.0000   0.0000   0.0000   0.0000;
275:  6.7800   6.5900   6.7000   6.7100   6.7900   6.9100   7.0500   7.1700   7.2500   7.3500   7.4100   7.4800   7.5600   7.6500   7.6700   7.7000   7.7100   7.7200   0.0000   0.0000   0.0000   0.0000   0.0000;
276:  6.7700   6.5800   6.7000   6.7100   6.7900   6.9200   7.0600   7.1800   7.2600   7.3500   7.4200   7.4900   7.5700   7.6500   7.6800   7.7100   7.7200   7.7200   0.0000   0.0000   0.0000   0.0000   0.0000;
277:  6.7700   6.5800   6.7000   6.7200   6.8000   6.9200   7.0700   7.1900   7.2700   7.3600   7.4300   7.5000   7.5800   7.6600   7.6900   7.7100   7.7200   7.7200   0.0000   0.0000   0.0000   0.0000   0.0000;
278:  6.7700   6.5800   6.7100   6.7300   6.8100   6.9300   7.0800   7.1900   7.2800   7.3700   7.4400   7.5100   7.5900   7.6700   7.6900   7.7100   7.7300   7.7200   0.0000   0.0000   0.0000   0.0000   0.0000;
279:  6.7700   6.5800   6.7100   6.7300   6.8100   6.9400   7.0900   7.2000   7.2900   7.3800   7.4500   7.5200   7.6000   7.6800   7.7000   7.7200   7.7300   7.7300   0.0000   0.0000   0.0000   0.0000   0.0000;
280:  6.7700   6.5800   6.7100   6.7400   6.8200   6.9500   7.1000   7.2100   7.3000   7.3900   7.4600   7.5300   7.6100   7.6900   7.7100   7.7200   7.7400   7.7300   0.0000   0.0000   0.0000   0.0000   0.0000;
281:  6.7700   6.5800   6.7200   6.7500   6.8300   6.9600   7.1100   7.2200   7.3100   7.4000   7.4700   7.5400   7.6100   7.7000   7.7200   7.7300   7.7500   7.7300   0.0000   0.0000   0.0000   0.0000   0.0000;
282:  6.7700   6.5800   6.7200   6.7500   6.8400   6.9700   7.1200   7.2400   7.3200   7.4200   7.4800   7.5500   7.6200   7.7100   7.7300   7.7300   7.7500   7.7300   0.0000   0.0000   0.0000   0.0000   0.0000;
283:  6.7800   6.5800   6.7300   6.7600   6.8500   6.9800   7.1300   7.2500   7.3300   7.4300   7.5000   7.5600   7.6300   7.7200   7.7400   7.7400   7.7600   7.7400   0.0000   0.0000   0.0000   0.0000   0.0000;
284:  6.7800   6.5800   6.7400   6.7700   6.8600   6.9900   7.1400   7.2600   7.3400   7.4400   7.5100   7.5700   7.6400   7.7300   7.7500   7.7500   7.7700   7.7400   0.0000   0.0000   0.0000   0.0000   0.0000;
285:  6.7800   6.5800   6.7400   6.7800   6.8700   7.0000   7.1500   7.2700   7.3500   7.4500   7.5200   7.5800   7.6500   7.7400   7.7600   7.7500   7.7800   7.7400   0.0000   0.0000   0.0000   0.0000   0.0000;
286:  6.7800   6.5900   6.7500   6.7900   6.8800   7.0100   7.1700   7.2800   7.3700   7.4600   7.5300   7.5900   7.6700   7.7500   7.7700   7.7600   7.7900   7.7500   0.0000   0.0000   0.0000   0.0000   0.0000;
287:  6.7800   6.5900   6.7600   6.8000   6.8900   7.0300   7.1800   7.2900   7.3800   7.4700   7.5400   7.6100   7.6800   7.7600   7.7800   7.7700   7.8000   7.7500   0.0000   0.0000   0.0000   0.0000   0.0000;
288:  6.7900   6.6000   6.7600   6.8100   6.9000   7.0400   7.1900   7.3100   7.3900   7.4900   7.5600   7.6200   7.6900   7.7700   7.7900   7.7800   7.8100   7.7500   0.0000   0.0000   0.0000   0.0000   0.0000;
289:  6.7900   6.6000   6.7700   6.8200   6.9100   7.0500   7.2000   7.3200   7.4000   7.5000   7.5700   7.6300   7.7000   7.7800   7.8000   7.7900   7.8200   7.7600   0.0000   0.0000   0.0000   0.0000   0.0000;
290:  6.8000   6.6100   6.7800   6.8300   6.9200   7.0600   7.2200   7.3300   7.4200   7.5100   7.5800   7.6400   7.7100   7.7900   7.8200   7.8000   7.8300   7.7600   0.0000   0.0000   0.0000   0.0000   0.0000;
291:  6.8000   6.6100   6.7900   6.8400   6.9400   7.0800   7.2300   7.3500   7.4300   7.5200   7.5900   7.6600   7.7200   7.8000   7.8300   7.8100   7.8500   7.7600   0.0000   0.0000   0.0000   0.0000   0.0000;
292:  6.8000   6.6200   6.8000   6.8500   6.9500   7.0900   7.2400   7.3600   7.4500   7.5400   7.6100   7.6700   7.7300   7.8100   7.8400   7.8200   7.8600   7.7700   0.0000   0.0000   0.0000   0.0000   0.0000;
293:  6.8100   6.6300   6.8100   6.8600   6.9600   7.1100   7.2600   7.3800   7.4600   7.5500   7.6200   7.6800   7.7500   7.8300   7.8600   7.8400   7.8700   7.7700   0.0000   0.0000   0.0000   0.0000   0.0000;
294:  6.8100   6.6400   6.8200   6.8800   6.9800   7.1200   7.2700   7.3900   7.4700   7.5600   7.6400   7.7000   7.7600   7.8400   7.8700   7.8500   7.8900   7.7700   0.0000   0.0000   0.0000   0.0000   0.0000;
295:  6.8200   6.6500   6.8300   6.8900   6.9900   7.1400   7.2900   7.4000   7.4900   7.5800   7.6500   7.7100   7.7700   7.8500   7.8800   7.8600   7.9000   7.7800   0.0000   0.0000   0.0000   0.0000   0.0000;
296:  6.8300   6.6600   6.8400   6.9000   7.0100   7.1500   7.3000   7.4200   7.5000   7.5900   7.6600   7.7300   7.7900   7.8700   7.9000   7.8800   7.9200   7.7800   0.0000   0.0000   0.0000   0.0000   0.0000;
297:  6.8300   6.6700   6.8500   6.9100   7.0200   7.1700   7.3200   7.4300   7.5200   7.6000   7.6800   7.7400   7.8000   7.8800   7.9100   7.9000   7.9400   7.7900   0.0000   0.0000   0.0000   0.0000   0.0000;
298:  6.8400   6.6800   6.8600   6.9300   7.0400   7.1800   7.3300   7.4500   7.5300   7.6200   7.6900   7.7500   7.8100   7.8900   7.9300   7.9100   7.9500   7.7900   0.0000   0.0000   0.0000   0.0000   0.0000;
299:  6.8500   6.6900   6.8700   6.9400   7.0500   7.2000   7.3500   7.4600   7.5500   7.6300   7.7100   7.7700   7.8300   7.9100   7.9500   7.9300   7.9700   7.7900   0.0000   0.0000   0.0000   0.0000   0.0000;
300:  6.8500   6.7000   6.8800   6.9500   7.0700   7.2100   7.3600   7.4800   7.5600   7.6500   7.7200   7.7800   7.8400   7.9200   7.9600   7.9500   7.9900   7.8000   0.0000   0.0000   0.0000   0.0000   0.0000;
301:  6.8600   6.7100   6.8900   6.9700   7.0800   7.2300   7.3800   7.5000   7.5800   7.6600   7.7400   7.8000   7.8500   7.9300   7.9800   7.9700   8.0100   7.8000   0.0000   0.0000   0.0000   0.0000   0.0000;
302:  6.8600   6.7200   6.9000   6.9800   7.1000   7.2500   7.3900   7.5100   7.5900   7.6700   7.7500   7.8200   7.8700   7.9500   8.0000   7.9900   8.0300   7.8000   0.0000   0.0000   0.0000   0.0000   0.0000;
303:  6.8700   6.7300   6.9100   6.9900   7.1200   7.2600   7.4100   7.5300   7.6100   7.6900   7.7700   7.8300   7.8800   7.9600   8.0100   8.0100   8.0500   7.8100   0.0000   0.0000   0.0000   0.0000   0.0000;
304:  6.8800   6.7500   6.9300   7.0100   7.1300   7.2800   7.4200   7.5400   7.6300   7.7000   7.7800   7.8500   7.9000   7.9800   8.0300   8.0300   8.0700   7.8100   0.0000   0.0000   0.0000   0.0000   0.0000;
305:  6.8900   6.7600   6.9400   7.0200   7.1500   7.3000   7.4400   7.5600   7.6400   7.7200   7.8000   7.8600   7.9100   7.9900   8.0500   8.0500   8.0900   7.8100   0.0000   0.0000   0.0000   0.0000   0.0000;
306:  6.9000   6.7800   6.9500   7.0400   7.1700   7.3200   7.4600   7.5700   7.6600   7.7300   7.8100   7.8800   7.9300   8.0100   8.0700   8.0700   8.1100   7.8200   0.0000   0.0000   0.0000   0.0000   0.0000;
307:  6.9100   6.7900   6.9600   7.0500   7.1900   7.3300   7.4700   7.5900   7.6700   7.7400   7.8300   7.8900   7.9400   8.0200   8.0800   8.1000   8.1400   7.8200   0.0000   0.0000   0.0000   0.0000   0.0000;
308:  6.9100   6.8000   6.9800   7.0700   7.2000   7.3500   7.4900   7.6100   7.6900   7.7600   7.8400   7.9100   7.9600   8.0400   8.1000   8.1200   8.1600   7.8200   0.0000   0.0000   0.0000   0.0000   0.0000;
309:  6.9200   6.8200   6.9900   7.0900   7.2200   7.3700   7.5100   7.6200   7.7000   7.7700   7.8500   7.9200   7.9700   8.0500   8.1200   8.1400   8.1800   7.8200   0.0000   0.0000   0.0000   0.0000   0.0000;
310:  6.9400   6.8400   7.0000   7.1000   7.2400   7.3900   7.5200   7.6400   7.7200   7.7800   7.8700   7.9400   7.9900   8.0700   8.1400   8.1700   8.2100   7.8300   0.0000   0.0000   0.0000   0.0000   0.0000;
311:  6.9400   6.8500   7.0200   7.1200   7.2600   7.4100   7.5400   7.6500   7.7300   7.8000   7.8800   7.9600   8.0000   8.0900   8.1600   8.1900   8.2300   7.8300   0.0000   0.0000   0.0000   0.0000   0.0000;
312:  6.9500   6.8700   7.0300   7.1300   7.2800   7.4300   7.5500   7.6700   7.7500   7.8100   7.9000   7.9700   8.0200   8.1000   8.1800   8.2200   8.2500   7.8300   0.0000   0.0000   0.0000   0.0000   0.0000;
313:  6.9600   6.8800   7.0400   7.1500   7.3000   7.4400   7.5700   7.6800   7.7600   7.8200   7.9100   7.9900   8.0300   8.1200   8.2000   8.2500   8.2800   7.8300   0.0000   0.0000   0.0000   0.0000   0.0000;
314:  6.9700   6.9000   7.0600   7.1700   7.3100   7.4600   7.5900   7.7000   7.7800   7.8400   7.9300   8.0000   8.0500   8.1300   8.2200   8.2700   8.3000   7.8400   0.0000   0.0000   0.0000   0.0000   0.0000;
315:  6.9800   6.9200   7.0700   7.1800   7.3300   7.4800   7.6000   7.7100   7.7900   7.8500   7.9400   8.0200   8.0600   8.1500   8.2400   8.3000   8.3300   7.8400   0.0000   0.0000   0.0000   0.0000   0.0000;
316:  6.9900   6.9300   7.0900   7.2000   7.3500   7.5000   7.6200   7.7300   7.8100   7.8600   7.9500   8.0300   8.0800   8.1700   8.2600   8.3200   8.3500   7.8400   0.0000   0.0000   0.0000   0.0000   0.0000;
317:  7.0000   6.9500   7.1000   7.2200   7.3700   7.5200   7.6400   7.7500   7.8200   7.8800   7.9700   8.0500   8.0900   8.1800   8.2700   8.3500   8.3800   7.8400   0.0000   0.0000   0.0000   0.0000   0.0000;
318:  7.0100   6.9700   7.1100   7.2300   7.3900   7.5400   7.6500   7.7600   7.8400   7.8900   7.9800   8.0600   8.1100   8.2000   8.2900   8.3800   8.4000   7.8400   0.0000   0.0000   0.0000   0.0000   0.0000;
319:  7.0200   6.9800   7.1300   7.2500   7.4100   7.5600   7.6700   7.7700   7.8500   7.9000   7.9900   8.0700   8.1200   8.2100   8.3100   8.4000   8.4200   7.8500   0.0000   0.0000   0.0000   0.0000   0.0000;
320:  7.0300   7.0000   7.1400   7.2700   7.4300   7.5700   7.6800   7.7900   7.8600   7.9100   8.0100   8.0900   8.1400   8.2300   8.3300   8.4300   8.4500   7.8500   0.0000   0.0000   0.0000   0.0000   0.0000;
321:  7.0400   7.0200   7.1600   7.2800   7.4500   7.5900   7.7000   7.8000   7.8800   7.9200   8.0200   8.1000   8.1500   8.2400   8.3500   8.4600   8.4700   7.8500   0.0000   0.0000   0.0000   0.0000   0.0000;
322:  7.0500   7.0400   7.1700   7.3000   7.4700   7.6100   7.7100   7.8200   7.8900   7.9300   8.0300   8.1200   8.1600   8.2600   8.3700   8.4800   8.5000   7.8500   0.0000   0.0000   0.0000   0.0000   0.0000;
323:  7.0600   7.0500   7.1900   7.3200   7.4900   7.6300   7.7300   7.8300   7.9000   7.9500   8.0400   8.1300   8.1800   8.2700   8.3900   8.5100   8.5200   7.8500   0.0000   0.0000   0.0000   0.0000   0.0000;
324:  7.0700   7.0700   7.2000   7.3400   7.5100   7.6500   7.7400   7.8400   7.9200   7.9600   8.0500   8.1400   8.1900   8.2900   8.4100   8.5400   8.5400   7.8500   0.0000   0.0000   0.0000   0.0000   0.0000;
325:  7.0800   7.0900   7.2200   7.3500   7.5300   7.6700   7.7600   7.8600   7.9300   7.9700   8.0600   8.1500   8.2000   8.3000   8.4200   8.5600   8.5700   7.8500   0.0000   0.0000   0.0000   0.0000   0.0000;
326:  7.0900   7.1100   7.2300   7.3700   7.5500   7.6800   7.7700   7.8700   7.9400   7.9800   8.0700   8.1700   8.2200   8.3200   8.4400   8.5900   8.5900   7.8500   0.0000   0.0000   0.0000   0.0000   0.0000;
327:  7.1000   7.1200   7.2500   7.3900   7.5700   7.7000   7.7900   7.8800   7.9500   7.9900   8.0800   8.1800   8.2300   8.3300   8.4600   8.6100   8.6100   7.8500   0.0000   0.0000   0.0000   0.0000   0.0000;
328:  7.1100   7.1400   7.2600   7.4100   7.5800   7.7200   7.8000   7.8900   7.9600   8.0000   8.0900   8.1900   8.2400   8.3500   8.4800   8.6300   8.6300   7.8500   0.0000   0.0000   0.0000   0.0000   0.0000;
329:  7.1200   7.1600   7.2800   7.4300   7.6000   7.7300   7.8200   7.9100   7.9700   8.0100   8.1000   8.2000   8.2500   8.3600   8.4900   8.6600   8.6500   7.8500   0.0000   0.0000   0.0000   0.0000   0.0000;
330:  7.1300   7.1800   7.2900   7.4400   7.6200   7.7500   7.8300   7.9200   7.9800   8.0100   8.1100   8.2100   8.2700   8.3700   8.5100   8.6800   8.6700   7.8600   0.0000   0.0000   0.0000   0.0000   0.0000;
331:  7.1400   7.1900   7.3100   7.4600   7.6400   7.7700   7.8400   7.9300   7.9900   8.0200   8.1200   8.2200   8.2800   8.3800   8.5200   8.7000   8.6900   7.8600   0.0000   0.0000   0.0000   0.0000   0.0000;
332:  7.1500   7.2100   7.3300   7.4800   7.6600   7.7800   7.8600   7.9400   8.0000   8.0300   8.1300   8.2300   8.2900   8.4000   8.5400   8.7200   8.7100   7.8600   0.0000   0.0000   0.0000   0.0000   0.0000;
333:  7.1600   7.2300   7.3400   7.4900   7.6800   7.8000   7.8700   7.9500   8.0100   8.0400   8.1400   8.2400   8.3000   8.4100   8.5500   8.7400   8.7300   7.8600   0.0000   0.0000   0.0000   0.0000   0.0000;
334:  7.1800   7.2500   7.3600   7.5100   7.6900   7.8200   7.8800   7.9600   8.0200   8.0500   8.1500   8.2500   8.3100   8.4200   8.5700   8.7600   8.7500   7.8600   0.0000   0.0000   0.0000   0.0000   0.0000;
335:  7.1800   7.2600   7.3700   7.5300   7.7100   7.8300   7.8900   7.9700   8.0300   8.0500   8.1500   8.2500   8.3200   8.4300   8.5800   8.7800   8.7600   7.8600   0.0000   0.0000   0.0000   0.0000   0.0000;
336:  7.1900   7.2800   7.3900   7.5500   7.7300   7.8400   7.9000   7.9800   8.0400   8.0600   8.1600   8.2600   8.3200   8.4400   8.5900   8.7900   8.7800   7.8600   0.0000   0.0000   0.0000   0.0000   0.0000;
337:  7.2000   7.2900   7.4000   7.5600   7.7400   7.8600   7.9100   7.9900   8.0500   8.0700   8.1700   8.2700   8.3300   8.4500   8.6000   8.8100   8.7900   7.8600   0.0000   0.0000   0.0000   0.0000   0.0000;
338:  7.2100   7.3100   7.4200   7.5800   7.7600   7.8700   7.9300   8.0000   8.0500   8.0700   8.1700   8.2700   8.3400   8.4600   8.6200   8.8200   8.8100   7.8500   0.0000   0.0000   0.0000   0.0000   0.0000;
339:  7.2200   7.3300   7.4300   7.6000   7.7700   7.8900   7.9400   8.0000   8.0600   8.0800   8.1800   8.2800   8.3500   8.4700   8.6300   8.8400   8.8200   7.8500   0.0000   0.0000   0.0000   0.0000   0.0000;
340:  7.2300   7.3400   7.4500   7.6100   7.7900   7.9000   7.9500   8.0100   8.0600   8.0800   8.1800   8.2800   8.3500   8.4700   8.6400   8.8500   8.8300   7.8500   0.0000   0.0000   0.0000   0.0000   0.0000;
341:  7.2400   7.3600   7.4600   7.6300   7.8000   7.9100   7.9600   8.0200   8.0700   8.0900   8.1900   8.2900   8.3600   8.4800   8.6400   8.8600   8.8400   7.8500   0.0000   0.0000   0.0000   0.0000   0.0000;
342:  7.2400   7.3700   7.4800   7.6400   7.8200   7.9200   7.9600   8.0200   8.0800   8.0900   8.1900   8.2900   8.3600   8.4900   8.6500   8.8700   8.8500   7.8500   0.0000   0.0000   0.0000   0.0000   0.0000;
343:  7.2600   7.3900   7.4900   7.6600   7.8300   7.9300   7.9700   8.0300   8.0800   8.1000   8.1900   8.3000   8.3700   8.4900   8.6600   8.8800   8.8600   7.8500   0.0000   0.0000   0.0000   0.0000   0.0000;
344:  7.2600   7.4000   7.5000   7.6700   7.8500   7.9400   7.9800   8.0400   8.0800   8.1000   8.1900   8.3000   8.3700   8.5000   8.6600   8.8800   8.8700   7.8500   0.0000   0.0000   0.0000   0.0000   0.0000;
345:  7.2700   7.4100   7.5200   7.6900   7.8600   7.9500   7.9900   8.0400   8.0900   8.1000   8.2000   8.3000   8.3800   8.5000   8.6700   8.8900   8.8800   7.8500   0.0000   0.0000   0.0000   0.0000   0.0000;
346:  7.2800   7.4300   7.5300   7.7000   7.8700   7.9600   7.9900   8.0400   8.0900   8.1100   8.2000   8.3000   8.3800   8.5000   8.6700   8.8900   8.8800   7.8500   0.0000   0.0000   0.0000   0.0000   0.0000;
347:  7.2800   7.4400   7.5400   7.7100   7.8800   7.9700   8.0000   8.0500   8.0900   8.1100   8.2000   8.3000   8.3800   8.5100   8.6800   8.9000   8.8900   7.8500   0.0000   0.0000   0.0000   0.0000   0.0000;
348:  7.2900   7.4500   7.5600   7.7300   7.8900   7.9800   8.0100   8.0500   8.1000   8.1100   8.2000   8.3000   8.3800   8.5100   8.6800   8.9000   8.8900   7.8500   0.0000   0.0000   0.0000   0.0000   0.0000;
349:  7.3000   7.4600   7.5700   7.7400   7.9000   7.9900   8.0100   8.0500   8.1000   8.1100   8.2000   8.3000   8.3800   8.5100   8.6800   8.9000   8.8900   7.8500   0.0000   0.0000   0.0000   0.0000   0.0000;
350:  7.3000   7.4700   7.5800   7.7500   7.9100   8.0000   8.0200   8.0600   8.1000   8.1100   8.2000   8.3000   8.3800   8.5100   8.6800   8.8900   8.8900   7.8500   0.0000   0.0000   0.0000   0.0000   0.0000;
351:  7.3100   7.4900   7.5900   7.7600   7.9200   8.0000   8.0200   8.0600   8.1000   8.1100   8.2000   8.3000   8.3800   8.5100   8.6800   8.8900   8.8900   7.8500   0.0000   0.0000   0.0000   0.0000   0.0000;
352:  7.3200   7.5000   7.6000   7.7800   7.9300   8.0100   8.0300   8.0600   8.1000   8.1100   8.2000   8.3000   8.3800   8.5100   8.6800   8.8900   8.8900   7.8500   0.0000   0.0000   0.0000   0.0000   0.0000;
353:  7.3200   7.5100   7.6100   7.7900   7.9400   8.0100   8.0300   8.0600   8.1000   8.1100   8.2000   8.2900   8.3800   8.5100   8.6800   8.8800   8.8900   7.8500   0.0000   0.0000   0.0000   0.0000   0.0000;
354:  7.3300   7.5200   7.6300   7.8000   7.9400   8.0200   8.0300   8.0600   8.1000   8.1100   8.1900   8.2900   8.3700   8.5000   8.6700   8.8700   8.8800   7.8500   0.0000   0.0000   0.0000   0.0000   0.0000;
355:  7.3300   7.5200   7.6400   7.8100   7.9500   8.0200   8.0300   8.0600   8.1000   8.1100   8.1900   8.2900   8.3700   8.5000   8.6700   8.8700   8.8800   7.8500   0.0000   0.0000   0.0000   0.0000   0.0000;
356:  7.3400   7.5300   7.6500   7.8100   7.9500   8.0200   8.0300   8.0600   8.1000   8.1100   8.1900   8.2800   8.3700   8.4900   8.6600   8.8600   8.8700   7.8500   0.0000   0.0000   0.0000   0.0000   0.0000;
357:  7.3400   7.5400   7.6500   7.8200   7.9600   8.0200   8.0400   8.0600   8.0900   8.1100   8.1800   8.2800   8.3600   8.4900   8.6600   8.8500   8.8700   7.8500   0.0000   0.0000   0.0000   0.0000   0.0000;
358:  7.3500   7.5500   7.6600   7.8300   7.9600   8.0300   8.0400   8.0600   8.0900   8.1100   8.1800   8.2700   8.3600   8.4800   8.6500   8.8300   8.8600   7.8500   0.0000   0.0000   0.0000   0.0000   0.0000;
359:  7.3500   7.5600   7.6700   7.8400   7.9700   8.0300   8.0400   8.0600   8.0900   8.1000   8.1800   8.2600   8.3500   8.4800   8.6400   8.8200   8.8500   7.8500   0.0000   0.0000   0.0000   0.0000   0.0000;
