C:\RK-3\Data\PA000001\RA0000010007L.DAT;
000:  8.4000   8.4300   8.4300   8.4200   8.4400   8.4400   8.4200   8.4300   8.4400   8.4400   8.4600   8.4800   8.4900   8.5000   8.5400   8.5700   8.6400   8.7200   8.9100   9.1800   9.7300   0.0000   0.0000;
001:  8.4000   8.4400   8.4300   8.4200   8.4400   8.4400   8.4300   8.4400   8.4400   8.4500   8.4600   8.4800   8.4900   8.5000   8.5400   8.5700   8.6400   8.7300   8.9100   9.1800   9.7300   0.0000   0.0000;
002:  8.4000   8.4400   8.4300   8.4200   8.4400   8.4500   8.4300   8.4400   8.4400   8.4500   8.4700   8.4800   8.4900   8.5100   8.5500   8.5800   8.6400   8.7300   8.9100   9.1900   9.7100   0.0000   0.0000;
003:  8.4000   8.4400   8.4400   8.4200   8.4500   8.4500   8.4300   8.4400   8.4400   8.4500   8.4700   8.4800   8.4900   8.5100   8.5500   8.5800   8.6500   8.7400   8.9200   9.1900   9.6900   0.0000   0.0000;
004:  8.4000   8.4400   8.4400   8.4200   8.4500   8.4500   8.4300   8.4400   8.4500   8.4500   8.4700   8.4800   8.4900   8.5100   8.5500   8.5900   8.6500   8.7400   8.9200   9.1900   9.6700   0.0000   0.0000;
005:  8.4000   8.4400   8.4400   8.4200   8.4500   8.4500   8.4300   8.4400   8.4500   8.4500   8.4700   8.4900   8.5000   8.5100   8.5600   8.5900   8.6600   8.7500   8.9200   9.1900   9.6500   0.0000   0.0000;
006:  8.4100   8.4500   8.4400   8.4300   8.4500   8.4500   8.4400   8.4400   8.4500   8.4600   8.4700   8.4900   8.5000   8.5200   8.5600   8.5900   8.6600   8.7600   8.9300   9.2000   9.6200   0.0000   0.0000;
007:  8.4100   8.4500   8.4400   8.4300   8.4500   8.4500   8.4400   8.4500   8.4500   8.4600   8.4800   8.4900   8.5000   8.5200   8.5600   8.6000   8.6700   8.7600   8.9400   9.2000   9.5900   0.0000   0.0000;
008:  8.4100   8.4500   8.4400   8.4300   8.4500   8.4600   8.4400   8.4500   8.4500   8.4600   8.4800   8.4900   8.5000   8.5200   8.5700   8.6000   8.6700   8.7700   8.9500   9.2000   9.5700   0.0000   0.0000;
009:  8.4100   8.4500   8.4400   8.4300   8.4500   8.4600   8.4400   8.4500   8.4500   8.4600   8.4800   8.4900   8.5100   8.5200   8.5700   8.6100   8.6800   8.7700   8.9500   9.2000   9.5400   0.0000   0.0000;
010:  8.4100   8.4500   8.4500   8.4300   8.4500   8.4600   8.4400   8.4500   8.4600   8.4600   8.4800   8.5000   8.5100   8.5200   8.5700   8.6100   8.6800   8.7800   8.9600   9.2000   9.5100   0.0000   0.0000;
011:  8.4100   8.4500   8.4500   8.4300   8.4500   8.4600   8.4400   8.4500   8.4600   8.4600   8.4800   8.5000   8.5100   8.5300   8.5800   8.6200   8.6900   8.7800   8.9700   9.2000   9.4900   0.0000   0.0000;
012:  8.4100   8.4500   8.4500   8.4300   8.4500   8.4600   8.4400   8.4500   8.4600   8.4700   8.4800   8.5000   8.5100   8.5300   8.5800   8.6200   8.7000   8.7900   8.9800   9.2000   9.4700   0.0000   0.0000;
013:  8.4100   8.4500   8.4500   8.4300   8.4500   8.4600   8.4400   8.4500   8.4600   8.4700   8.4900   8.5000   8.5100   8.5300   8.5800   8.6300   8.7000   8.8000   8.9800   9.1900   9.4500   0.0000   0.0000;
014:  8.4100   8.4600   8.4500   8.4300   8.4500   8.4600   8.4500   8.4500   8.4600   8.4700   8.4900   8.5000   8.5200   8.5400   8.5900   8.6300   8.7100   8.8000   8.9800   9.1900   9.4300   0.0000   0.0000;
015:  8.4100   8.4600   8.4500   8.4300   8.4500   8.4600   8.4500   8.4600   8.4600   8.4700   8.4900   8.5000   8.5200   8.5400   8.5900   8.6400   8.7100   8.8100   8.9900   9.1800   9.4200   0.0000   0.0000;
016:  8.4100   8.4600   8.4500   8.4300   8.4500   8.4600   8.4500   8.4600   8.4600   8.4700   8.4900   8.5100   8.5200   8.5400   8.5900   8.6400   8.7200   8.8100   8.9900   9.1700   9.4100   0.0000   0.0000;
017:  8.4100   8.4600   8.4500   8.4300   8.4500   8.4600   8.4500   8.4600   8.4700   8.4700   8.4900   8.5100   8.5200   8.5400   8.6000   8.6500   8.7200   8.8200   8.9900   9.1700   9.4000   0.0000   0.0000;
018:  8.4100   8.4600   8.4500   8.4300   8.4500   8.4600   8.4500   8.4600   8.4700   8.4700   8.4900   8.5100   8.5200   8.5500   8.6000   8.6500   8.7300   8.8300   8.9900   9.1600   9.3900   0.0000   0.0000;
019:  8.4100   8.4600   8.4500   8.4300   8.4500   8.4600   8.4500   8.4600   8.4700   8.4700   8.4900   8.5100   8.5300   8.5500   8.6000   8.6600   8.7400   8.8300   8.9900   9.1500   9.3800   0.0000   0.0000;
020:  8.4100   8.4600   8.4500   8.4300   8.4500   8.4600   8.4500   8.4600   8.4700   8.4700   8.4900   8.5100   8.5300   8.5500   8.6100   8.6600   8.7400   8.8400   8.9900   9.1500   9.3800   0.0000   0.0000;
021:  8.4100   8.4600   8.4500   8.4300   8.4500   8.4600   8.4500   8.4600   8.4700   8.4700   8.4900   8.5100   8.5300   8.5600   8.6100   8.6700   8.7500   8.8400   8.9900   9.1400   9.3800   0.0000   0.0000;
022:  8.4100   8.4600   8.4500   8.4300   8.4500   8.4600   8.4500   8.4600   8.4700   8.4700   8.4900   8.5100   8.5300   8.5600   8.6100   8.6800   8.7500   8.8500   8.9900   9.1400   9.3900   0.0000   0.0000;
023:  8.4100   8.4600   8.4500   8.4300   8.4400   8.4600   8.4500   8.4600   8.4700   8.4700   8.5000   8.5200   8.5400   8.5600   8.6200   8.6800   8.7600   8.8600   8.9900   9.1400   9.4000   0.0000   0.0000;
024:  8.4100   8.4500   8.4500   8.4300   8.4400   8.4600   8.4500   8.4600   8.4700   8.4700   8.5000   8.5200   8.5400   8.5700   8.6200   8.6900   8.7700   8.8600   9.0000   9.1400   9.4100   0.0000   0.0000;
025:  8.4100   8.4500   8.4500   8.4200   8.4400   8.4600   8.4500   8.4600   8.4700   8.4800   8.5000   8.5200   8.5400   8.5700   8.6300   8.6900   8.7700   8.8700   9.0100   9.1500   9.4200   0.0000   0.0000;
026:  8.4100   8.4500   8.4500   8.4200   8.4400   8.4500   8.4500   8.4600   8.4700   8.4800   8.5000   8.5200   8.5400   8.5700   8.6300   8.7000   8.7800   8.8700   9.0200   9.1600   9.4300   0.0000   0.0000;
027:  8.4100   8.4500   8.4500   8.4200   8.4400   8.4500   8.4500   8.4600   8.4700   8.4800   8.5000   8.5200   8.5500   8.5800   8.6300   8.7000   8.7800   8.8800   9.0300   9.1700   9.4500   0.0000   0.0000;
028:  8.4100   8.4500   8.4500   8.4200   8.4400   8.4500   8.4500   8.4600   8.4700   8.4800   8.5000   8.5200   8.5500   8.5800   8.6400   8.7100   8.7900   8.8800   9.0400   9.1700   9.4600   0.0000   0.0000;
029:  8.4100   8.4500   8.4400   8.4200   8.4300   8.4500   8.4500   8.4600   8.4700   8.4800   8.5000   8.5200   8.5500   8.5800   8.6400   8.7200   8.8000   8.8900   9.0500   9.1800   9.4700   0.0000   0.0000;
030:  8.4100   8.4500   8.4400   8.4200   8.4300   8.4500   8.4500   8.4600   8.4700   8.4800   8.5000   8.5300   8.5500   8.5900   8.6500   8.7200   8.8000   8.8900   9.0600   9.1900   9.4800   0.0000   0.0000;
031:  8.4100   8.4500   8.4400   8.4200   8.4300   8.4500   8.4500   8.4600   8.4700   8.4800   8.5000   8.5300   8.5600   8.5900   8.6500   8.7300   8.8100   8.9000   9.0700   9.1900   9.4900   0.0000   0.0000;
032:  8.4000   8.4400   8.4400   8.4200   8.4300   8.4500   8.4500   8.4600   8.4700   8.4800   8.5000   8.5300   8.5600   8.5900   8.6600   8.7300   8.8100   8.9000   9.0700   9.2000   9.4900   0.0000   0.0000;
033:  8.4000   8.4400   8.4400   8.4200   8.4300   8.4400   8.4500   8.4600   8.4700   8.4800   8.5000   8.5300   8.5600   8.6000   8.6600   8.7400   8.8200   8.9100   9.0800   0.0000   0.0000   0.0000   0.0000;
034:  8.4000   8.4400   8.4400   8.4100   8.4300   8.4400   8.4500   8.4600   8.4700   8.4800   8.5000   8.5300   8.5600   8.6000   8.6600   8.7400   8.8200   8.9100   9.0800   0.0000   0.0000   0.0000   0.0000;
035:  8.4000   8.4400   8.4300   8.4100   8.4200   8.4400   8.4500   8.4600   8.4700   8.4800   8.5000   8.5300   8.5700   8.6100   8.6700   8.7500   8.8300   8.9200   9.0800   0.0000   0.0000   0.0000   0.0000;
036:  8.4000   8.4400   8.4300   8.4100   8.4200   8.4400   8.4400   8.4500   8.4700   8.4800   8.5000   8.5400   8.5700   8.6100   8.6700   8.7500   8.8300   8.9200   9.0700   0.0000   0.0000   0.0000   0.0000;
037:  8.4000   8.4300   8.4300   8.4100   8.4200   8.4400   8.4400   8.4500   8.4700   8.4800   8.5000   8.5400   8.5700   8.6200   8.6800   8.7600   8.8400   8.9300   9.0600   0.0000   0.0000   0.0000   0.0000;
038:  8.4000   8.4300   8.4300   8.4100   8.4200   8.4300   8.4400   8.4500   8.4700   8.4800   8.5000   8.5400   8.5800   8.6200   8.6800   8.7600   8.8400   8.9300   0.0000   0.0000   0.0000   0.0000   0.0000;
039:  8.4000   8.4300   8.4300   8.4100   8.4200   8.4300   8.4400   8.4500   8.4700   8.4800   8.5000   8.5400   8.5800   8.6200   8.6900   8.7700   8.8500   8.9300   0.0000   0.0000   0.0000   0.0000   0.0000;
040:  8.4000   8.4300   8.4200   8.4000   8.4100   8.4300   8.4400   8.4500   8.4700   8.4800   8.5100   8.5400   8.5800   8.6300   8.6900   8.7700   8.8500   8.9400   0.0000   0.0000   0.0000   0.0000   0.0000;
041:  8.3900   8.4200   8.4200   8.4000   8.4100   8.4300   8.4400   8.4500   8.4700   8.4800   8.5100   8.5400   8.5900   8.6300   8.6900   8.7800   8.8600   8.9400   0.0000   0.0000   0.0000   0.0000   0.0000;
042:  8.3900   8.4200   8.4200   8.4000   8.4100   8.4300   8.4400   8.4500   8.4700   8.4800   8.5100   8.5500   8.5900   8.6400   8.7000   8.7800   8.8600   8.9400   0.0000   0.0000   0.0000   0.0000   0.0000;
043:  8.3900   8.4200   8.4200   8.4000   8.4100   8.4200   8.4400   8.4500   8.4700   8.4800   8.5100   8.5500   8.5900   8.6400   8.7000   8.7800   8.8600   8.9500   0.0000   0.0000   0.0000   0.0000   0.0000;
044:  8.3800   8.4100   8.4100   8.4000   8.4000   8.4200   8.4400   8.4500   8.4700   8.4800   8.5100   8.5500   8.5900   8.6500   8.7100   8.7900   8.8700   8.9500   0.0000   0.0000   0.0000   0.0000   0.0000;
045:  8.3800   8.4100   8.4100   8.4000   8.4000   8.4200   8.4300   8.4500   8.4600   8.4800   8.5100   8.5500   8.6000   8.6500   8.7100   8.7900   8.8700   8.9500   0.0000   0.0000   0.0000   0.0000   0.0000;
046:  8.3800   8.4100   8.4100   8.3900   8.4000   8.4200   8.4300   8.4500   8.4600   8.4800   8.5100   8.5500   8.6000   8.6600   8.7200   8.7900   8.8700   8.9500   0.0000   0.0000   0.0000   0.0000   0.0000;
047:  8.3800   8.4000   8.4000   8.3900   8.4000   8.4200   8.4300   8.4400   8.4600   8.4800   8.5100   8.5600   8.6000   8.6600   8.7200   8.8000   8.8800   8.9600   0.0000   0.0000   0.0000   0.0000   0.0000;
048:  8.3800   8.4000   8.4000   8.3900   8.4000   8.4100   8.4300   8.4400   8.4600   8.4800   8.5100   8.5600   8.6100   8.6600   8.7200   8.8000   8.8800   8.9600   0.0000   0.0000   0.0000   0.0000   0.0000;
049:  8.3800   8.4000   8.4000   8.3900   8.3900   8.4100   8.4300   8.4400   8.4600   8.4800   8.5100   8.5600   8.6100   8.6700   8.7300   8.8000   8.8800   8.9600   0.0000   0.0000   0.0000   0.0000   0.0000;
050:  8.3700   8.3900   8.4000   8.3900   8.3900   8.4100   8.4300   8.4400   8.4600   8.4800   8.5100   8.5600   8.6200   8.6700   8.7300   8.8100   8.8900   8.9600   0.0000   0.0000   0.0000   0.0000   0.0000;
051:  8.3700   8.3900   8.3900   8.3800   8.3900   8.4100   8.4300   8.4400   8.4600   8.4800   8.5200   8.5600   8.6200   8.6800   8.7400   8.8100   8.8900   8.9600   0.0000   0.0000   0.0000   0.0000   0.0000;
052:  8.3700   8.3900   8.3900   8.3800   8.3900   8.4000   8.4200   8.4400   8.4600   8.4800   8.5200   8.5700   8.6200   8.6800   8.7400   8.8100   8.8900   8.9700   0.0000   0.0000   0.0000   0.0000   0.0000;
053:  8.3700   8.3800   8.3900   8.3800   8.3900   8.4000   8.4200   8.4400   8.4600   8.4800   8.5200   8.5700   8.6300   8.6900   8.7400   8.8200   8.8900   8.9700   0.0000   0.0000   0.0000   0.0000   0.0000;
054:  8.3700   8.3800   8.3800   8.3800   8.3900   8.4000   8.4200   8.4400   8.4600   8.4800   8.5200   8.5700   8.6300   8.6900   8.7500   8.8200   8.9000   8.9700   0.0000   0.0000   0.0000   0.0000   0.0000;
055:  8.3700   8.3800   8.3800   8.3800   8.3800   8.4000   8.4200   8.4400   8.4600   8.4800   8.5200   8.5700   8.6300   8.7000   8.7500   8.8200   8.9000   8.9700   0.0000   0.0000   0.0000   0.0000   0.0000;
056:  8.3600   8.3700   8.3800   8.3800   8.3800   8.4000   8.4200   8.4400   8.4600   8.4800   8.5200   8.5800   8.6400   8.7000   8.7500   8.8200   8.9000   8.9700   0.0000   0.0000   0.0000   0.0000   0.0000;
057:  8.3600   8.3700   8.3700   8.3700   8.3800   8.3900   8.4200   8.4300   8.4600   8.4800   8.5200   8.5800   8.6400   8.7000   8.7600   8.8200   8.9000   8.9700   0.0000   0.0000   0.0000   0.0000   0.0000;
058:  8.3600   8.3700   8.3700   8.3700   8.3800   8.3900   8.4100   8.4300   8.4600   8.4800   8.5200   8.5800   8.6500   8.7100   8.7600   8.8200   8.9000   8.9700   0.0000   0.0000   0.0000   0.0000   0.0000;
059:  8.3600   8.3600   8.3700   8.3700   8.3800   8.3900   8.4100   8.4300   8.4500   8.4800   8.5300   8.5900   8.6500   8.7100   8.7600   8.8300   8.9000   8.9700   0.0000   0.0000   0.0000   0.0000   0.0000;
060:  8.3600   8.3600   8.3600   8.3700   8.3800   8.3900   8.4100   8.4300   8.4500   8.4800   8.5300   8.5900   8.6500   8.7200   8.7700   8.8300   8.9000   8.9700   0.0000   0.0000   0.0000   0.0000   0.0000;
061:  8.3500   8.3500   8.3600   8.3700   8.3700   8.3900   8.4100   8.4300   8.4500   8.4800   8.5300   8.5900   8.6600   8.7200   8.7700   8.8300   8.9000   8.9700   0.0000   0.0000   0.0000   0.0000   0.0000;
062:  8.3500   8.3500   8.3600   8.3600   8.3700   8.3900   8.4100   8.4300   8.4500   8.4800   8.5300   8.5900   8.6600   8.7200   8.7700   8.8300   8.9000   8.9700   0.0000   0.0000   0.0000   0.0000   0.0000;
063:  8.3500   8.3500   8.3600   8.3600   8.3700   8.3800   8.4100   8.4300   8.4500   8.4800   8.5300   8.6000   8.6700   8.7300   8.7700   8.8300   8.9000   8.9700   0.0000   0.0000   0.0000   0.0000   0.0000;
064:  8.3400   8.3400   8.3500   8.3600   8.3700   8.3800   8.4100   8.4300   8.4500   8.4800   8.5300   8.6000   8.6700   8.7300   8.7800   8.8300   8.9000   8.9700   0.0000   0.0000   0.0000   0.0000   0.0000;
065:  8.3400   8.3400   8.3500   8.3600   8.3700   8.3800   8.4100   8.4300   8.4500   8.4800   8.5400   8.6000   8.6800   8.7300   8.7800   8.8300   8.9000   8.9700   0.0000   0.0000   0.0000   0.0000   0.0000;
066:  8.3400   8.3400   8.3500   8.3600   8.3700   8.3800   8.4100   8.4300   8.4500   8.4800   8.5400   8.6100   8.6800   8.7400   8.7800   8.8300   8.9000   8.9700   0.0000   0.0000   0.0000   0.0000   0.0000;
067:  8.3400   8.3300   8.3400   8.3600   8.3700   8.3800   8.4000   8.4300   8.4500   8.4800   8.5400   8.6100   8.6800   8.7400   8.7800   8.8300   8.9000   8.9700   0.0000   0.0000   0.0000   0.0000   0.0000;
068:  8.3400   8.3300   8.3400   8.3500   8.3700   8.3800   8.4000   8.4300   8.4500   8.4800   8.5400   8.6100   8.6900   8.7400   8.7800   8.8300   8.9000   8.9700   0.0000   0.0000   0.0000   0.0000   0.0000;
069:  8.3400   8.3300   8.3400   8.3500   8.3600   8.3800   8.4000   8.4300   8.4500   8.4800   8.5400   8.6200   8.6900   8.7500   8.7900   8.8300   8.9000   8.9700   0.0000   0.0000   0.0000   0.0000   0.0000;
070:  8.3300   8.3200   8.3400   8.3500   8.3600   8.3700   8.4000   8.4300   8.4500   8.4800   8.5500   8.6200   8.7000   8.7500   8.7900   8.8300   8.9000   8.9700   0.0000   0.0000   0.0000   0.0000   0.0000;
071:  8.3300   8.3200   8.3300   8.3500   8.3600   8.3700   8.4000   8.4300   8.4500   8.4800   8.5500   8.6200   8.7000   8.7500   8.7900   8.8300   8.9000   8.9700   0.0000   0.0000   0.0000   0.0000   0.0000;
072:  8.3300   8.3200   8.3300   8.3500   8.3600   8.3700   8.4000   8.4300   8.4500   8.4900   8.5500   8.6300   8.7100   8.7500   8.7900   8.8300   8.9000   8.9600   0.0000   0.0000   0.0000   0.0000   0.0000;
073:  8.3300   8.3100   8.3300   8.3500   8.3600   8.3700   8.4000   8.4300   8.4500   8.4900   8.5500   8.6300   8.7100   8.7600   8.7900   8.8300   8.9000   8.9600   0.0000   0.0000   0.0000   0.0000   0.0000;
074:  8.3300   8.3100   8.3300   8.3400   8.3600   8.3700   8.4000   8.4300   8.4500   8.4900   8.5600   8.6300   8.7200   8.7600   8.7900   8.8300   8.9000   8.9600   0.0000   0.0000   0.0000   0.0000   0.0000;
075:  8.3300   8.3100   8.3200   8.3400   8.3600   8.3700   8.4000   8.4300   8.4500   8.4900   8.5600   8.6400   8.7200   8.7600   8.7900   8.8300   8.9000   8.9600   0.0000   0.0000   0.0000   0.0000   0.0000;
076:  8.3200   8.3000   8.3200   8.3400   8.3600   8.3700   8.4000   8.4300   8.4500   8.4900   8.5600   8.6400   8.7200   8.7600   8.7900   8.8300   8.9000   8.9600   0.0000   0.0000   0.0000   0.0000   0.0000;
077:  8.3200   8.3000   8.3200   8.3400   8.3600   8.3700   8.4000   8.4300   8.4500   8.4900   8.5600   8.6400   8.7300   8.7700   8.7900   8.8300   8.9000   8.9600   0.0000   0.0000   0.0000   0.0000   0.0000;
078:  8.3200   8.3000   8.3200   8.3400   8.3600   8.3700   8.4000   8.4300   8.4500   8.4900   8.5700   8.6500   8.7300   8.7700   8.7900   8.8300   8.9000   8.9600   0.0000   0.0000   0.0000   0.0000   0.0000;
079:  8.3200   8.3000   8.3200   8.3400   8.3600   8.3700   8.4000   8.4300   8.4500   8.4900   8.5700   8.6500   8.7400   8.7700   8.7900   8.8300   8.8900   8.9600   0.0000   0.0000   0.0000   0.0000   0.0000;
080:  8.3200   8.2900   8.3100   8.3400   8.3600   8.3700   8.4000   8.4300   8.4500   8.5000   8.5700   8.6500   8.7400   8.7700   8.7900   8.8300   8.8900   8.9600   0.0000   0.0000   0.0000   0.0000   0.0000;
081:  8.3200   8.2900   8.3100   8.3400   8.3500   8.3700   8.4000   8.4300   8.4500   8.5000   8.5700   8.6600   8.7500   8.7700   8.7900   8.8300   8.8900   8.9600   0.0000   0.0000   0.0000   0.0000   0.0000;
082:  8.3200   8.2900   8.3100   8.3300   8.3500   8.3700   8.4000   8.4300   8.4500   8.5000   8.5800   8.6600   8.7500   8.7800   8.7900   8.8200   8.8900   8.9600   0.0000   0.0000   0.0000   0.0000   0.0000;
083:  8.3100   8.2900   8.3100   8.3300   8.3500   8.3700   8.4000   8.4300   8.4500   8.5000   8.5800   8.6600   8.7600   8.7800   8.7900   8.8200   8.8900   8.9600   0.0000   0.0000   0.0000   0.0000   0.0000;
084:  8.3100   8.2800   8.3100   8.3300   8.3500   8.3700   8.4000   8.4300   8.4600   8.5000   8.5800   8.6700   8.7600   8.7800   8.7900   8.8200   8.8900   8.9600   0.0000   0.0000   0.0000   0.0000   0.0000;
085:  8.3100   8.2800   8.3100   8.3300   8.3500   8.3700   8.4000   8.4300   8.4600   8.5000   8.5800   8.6700   8.7700   8.7800   8.7900   8.8200   8.8900   8.9600   0.0000   0.0000   0.0000   0.0000   0.0000;
086:  8.3100   8.2800   8.3100   8.3300   8.3500   8.3700   8.4000   8.4300   8.4600   8.5000   8.5900   8.6800   8.7700   8.7800   8.7900   8.8200   8.8900   8.9600   0.0000   0.0000   0.0000   0.0000   0.0000;
087:  8.3100   8.2800   8.3000   8.3300   8.3500   8.3700   8.4000   8.4300   8.4600   8.5100   8.5900   8.6800   8.7800   8.7800   8.7900   8.8200   8.8900   8.9500   0.0000   0.0000   0.0000   0.0000   0.0000;
088:  8.3100   8.2800   8.3000   8.3300   8.3500   8.3700   8.4000   8.4300   8.4600   8.5100   8.5900   8.6800   8.7800   8.7900   8.7900   8.8200   8.8800   8.9500   0.0000   0.0000   0.0000   0.0000   0.0000;
089:  8.3100   8.2800   8.3000   8.3300   8.3500   8.3700   8.4000   8.4400   8.4600   8.5100   8.5900   8.6900   8.7800   8.7900   8.7900   8.8200   8.8800   8.9500   0.0000   0.0000   0.0000   0.0000   0.0000;
090:  8.3000   8.2700   8.3000   8.3300   8.3500   8.3700   8.4000   8.4400   8.4600   8.5100   8.6000   8.6900   8.7900   8.7900   8.7900   8.8200   8.8800   8.9500   0.0000   0.0000   0.0000   0.0000   0.0000;
091:  8.3000   8.2700   8.3000   8.3300   8.3500   8.3700   8.4000   8.4400   8.4600   8.5100   8.6000   8.6900   8.7900   8.7900   8.7900   8.8200   8.8800   8.9500   0.0000   0.0000   0.0000   0.0000   0.0000;
092:  8.3000   8.2700   8.3000   8.3300   8.3500   8.3700   8.4000   8.4400   8.4700   8.5200   8.6000   8.7000   8.8000   8.7900   8.7900   8.8200   8.8800   8.9500   0.0000   0.0000   0.0000   0.0000   0.0000;
093:  8.3000   8.2700   8.3000   8.3300   8.3500   8.3700   8.4000   8.4400   8.4700   8.5200   8.6100   8.7000   8.8000   8.7900   8.7900   8.8200   8.8800   8.9500   0.0000   0.0000   0.0000   0.0000   0.0000;
094:  8.3000   8.2700   8.3000   8.3300   8.3500   8.3700   8.4100   8.4400   8.4700   8.5200   8.6100   8.7100   8.8100   8.7900   8.7900   8.8200   8.8800   8.9500   0.0000   0.0000   0.0000   0.0000   0.0000;
095:  8.3000   8.2700   8.3000   8.3300   8.3500   8.3700   8.4100   8.4400   8.4700   8.5200   8.6100   8.7100   8.8100   8.8000   8.7900   8.8200   8.8800   8.9500   0.0000   0.0000   0.0000   0.0000   0.0000;
096:  8.3000   8.2700   8.3000   8.3200   8.3500   8.3700   8.4100   8.4500   8.4700   8.5200   8.6100   8.7100   8.8100   8.8000   8.7800   8.8200   8.8800   8.9500   0.0000   0.0000   0.0000   0.0000   0.0000;
097:  8.3000   8.2700   8.3000   8.3200   8.3500   8.3700   8.4100   8.4500   8.4700   8.5300   8.6200   8.7200   8.8200   8.8000   8.7800   8.8200   8.8800   8.9500   0.0000   0.0000   0.0000   0.0000   0.0000;
098:  8.3000   8.2700   8.3000   8.3200   8.3500   8.3800   8.4100   8.4500   8.4800   8.5300   8.6200   8.7200   8.8200   8.8000   8.7800   8.8200   8.8800   8.9500   0.0000   0.0000   0.0000   0.0000   0.0000;
099:  8.3000   8.2700   8.3000   8.3200   8.3500   8.3800   8.4100   8.4500   8.4800   8.5300   8.6200   8.7200   8.8300   8.8000   8.7800   8.8200   8.8800   8.9500   0.0000   0.0000   0.0000   0.0000   0.0000;
100:  8.3000   8.2700   8.3000   8.3200   8.3500   8.3800   8.4100   8.4500   8.4800   8.5300   8.6300   8.7300   8.8300   8.8000   8.7800   8.8200   8.8800   8.9500   0.0000   0.0000   0.0000   0.0000   0.0000;
101:  8.3000   8.2700   8.3000   8.3300   8.3600   8.3800   8.4200   8.4500   8.4800   8.5300   8.6300   8.7300   8.8300   8.8000   8.7800   8.8200   8.8800   8.9500   0.0000   0.0000   0.0000   0.0000   0.0000;
102:  8.3000   8.2700   8.3000   8.3300   8.3600   8.3800   8.4200   8.4600   8.4800   8.5400   8.6300   8.7300   8.8400   8.8100   8.7800   8.8200   8.8800   8.9500   0.0000   0.0000   0.0000   0.0000   0.0000;
103:  8.3000   8.2700   8.3000   8.3300   8.3600   8.3800   8.4200   8.4600   8.4900   8.5400   8.6300   8.7400   8.8400   8.8100   8.7800   8.8200   8.8800   8.9500   0.0000   0.0000   0.0000   0.0000   0.0000;
104:  8.3000   8.2700   8.3000   8.3300   8.3600   8.3800   8.4200   8.4600   8.4900   8.5400   8.6400   8.7400   8.8400   8.8100   8.7800   8.8200   8.8800   8.9600   0.0000   0.0000   0.0000   0.0000   0.0000;
105:  8.3000   8.2700   8.3000   8.3300   8.3600   8.3800   8.4200   8.4600   8.4900   8.5400   8.6400   8.7400   8.8500   8.8100   8.7800   8.8200   8.8800   8.9600   0.0000   0.0000   0.0000   0.0000   0.0000;
106:  8.3000   8.2700   8.3000   8.3300   8.3600   8.3800   8.4200   8.4600   8.4900   8.5500   8.6400   8.7500   8.8500   8.8100   8.7800   8.8200   8.8800   8.9600   0.0000   0.0000   0.0000   0.0000   0.0000;
107:  8.3000   8.2700   8.3100   8.3300   8.3600   8.3900   8.4300   8.4700   8.5000   8.5500   8.6500   8.7500   8.8500   8.8100   8.7800   8.8200   8.8800   8.9600   0.0000   0.0000   0.0000   0.0000   0.0000;
108:  8.3100   8.2800   8.3100   8.3300   8.3600   8.3900   8.4300   8.4700   8.5000   8.5500   8.6500   8.7500   8.8600   8.8200   8.7900   8.8200   8.8800   8.9600   0.0000   0.0000   0.0000   0.0000   0.0000;
109:  8.3100   8.2800   8.3100   8.3300   8.3600   8.3900   8.4300   8.4700   8.5000   8.5500   8.6500   8.7600   8.8600   8.8200   8.7900   8.8200   8.8800   8.9600   0.0000   0.0000   0.0000   0.0000   0.0000;
110:  8.3100   8.2800   8.3100   8.3300   8.3600   8.3900   8.4300   8.4700   8.5000   8.5500   8.6500   8.7600   8.8600   8.8200   8.7900   8.8200   8.8800   8.9600   0.0000   0.0000   0.0000   0.0000   0.0000;
111:  8.3100   8.2800   8.3100   8.3300   8.3600   8.3900   8.4300   8.4800   8.5100   8.5600   8.6600   8.7600   8.8700   8.8200   8.7900   8.8200   8.8800   8.9600   0.0000   0.0000   0.0000   0.0000   0.0000;
112:  8.3100   8.2800   8.3100   8.3300   8.3600   8.3900   8.4300   8.4800   8.5100   8.5600   8.6600   8.7600   8.8700   8.8200   8.7900   8.8200   8.8800   8.9600   0.0000   0.0000   0.0000   0.0000   0.0000;
113:  8.3100   8.2800   8.3100   8.3300   8.3700   8.4000   8.4400   8.4800   8.5100   8.5600   8.6600   8.7700   8.8700   8.8300   8.7900   8.8300   8.8800   8.9600   0.0000   0.0000   0.0000   0.0000   0.0000;
114:  8.3100   8.2900   8.3200   8.3400   8.3700   8.4000   8.4400   8.4800   8.5100   8.5600   8.6700   8.7700   8.8700   8.8300   8.7900   8.8300   8.8800   8.9600   0.0000   0.0000   0.0000   0.0000   0.0000;
115:  8.3100   8.2900   8.3200   8.3400   8.3700   8.4000   8.4400   8.4800   8.5200   8.5700   8.6700   8.7700   8.8800   8.8300   8.8000   8.8300   8.8800   8.9600   0.0000   0.0000   0.0000   0.0000   0.0000;
116:  8.3100   8.2900   8.3200   8.3400   8.3700   8.4000   8.4400   8.4900   8.5200   8.5700   8.6700   8.7800   8.8800   8.8300   8.8000   8.8300   8.8800   8.9600   0.0000   0.0000   0.0000   0.0000   0.0000;
117:  8.3100   8.2900   8.3200   8.3400   8.3700   8.4000   8.4400   8.4900   8.5200   8.5700   8.6700   8.7800   8.8800   8.8400   8.8000   8.8300   8.8800   8.9600   0.0000   0.0000   0.0000   0.0000   0.0000;
118:  8.3100   8.2900   8.3200   8.3400   8.3700   8.4000   8.4500   8.4900   8.5200   8.5700   8.6800   8.7800   8.8800   8.8400   8.8000   8.8300   8.8800   8.9600   0.0000   0.0000   0.0000   0.0000   0.0000;
119:  8.3200   8.3000   8.3300   8.3400   8.3800   8.4100   8.4500   8.4900   8.5300   8.5800   8.6800   8.7800   8.8800   8.8400   8.8100   8.8400   8.8800   8.9600   0.0000   0.0000   0.0000   0.0000   0.0000;
120:  8.3200   8.3000   8.3300   8.3500   8.3800   8.4100   8.4500   8.5000   8.5300   8.5800   8.6800   8.7800   8.8900   8.8400   8.8100   8.8400   8.8800   8.9600   0.0000   0.0000   0.0000   0.0000   0.0000;
121:  8.3200   8.3000   8.3300   8.3500   8.3800   8.4100   8.4500   8.5000   8.5300   8.5800   8.6800   8.7900   8.8900   8.8500   8.8100   8.8400   8.8800   8.9600   0.0000   0.0000   0.0000   0.0000   0.0000;
122:  8.3200   8.3000   8.3300   8.3500   8.3800   8.4100   8.4600   8.5000   8.5400   8.5800   8.6900   8.7900   8.8900   8.8500   8.8200   8.8400   8.8800   8.9600   0.0000   0.0000   0.0000   0.0000   0.0000;
123:  8.3300   8.3100   8.3400   8.3500   8.3800   8.4100   8.4600   8.5000   8.5400   8.5900   8.6900   8.7900   8.8900   8.8500   8.8200   8.8400   8.8900   8.9600   0.0000   0.0000   0.0000   0.0000   0.0000;
124:  8.3300   8.3100   8.3400   8.3500   8.3800   8.4200   8.4600   8.5000   8.5400   8.5900   8.6900   8.7900   8.8900   8.8500   8.8300   8.8500   8.8900   8.9600   0.0000   0.0000   0.0000   0.0000   0.0000;
125:  8.3300   8.3100   8.3400   8.3600   8.3900   8.4200   8.4600   8.5100   8.5400   8.5900   8.6900   8.7900   8.8900   8.8600   8.8300   8.8500   8.8900   8.9600   0.0000   0.0000   0.0000   0.0000   0.0000;
126:  8.3300   8.3100   8.3400   8.3600   8.3900   8.4200   8.4600   8.5100   8.5500   8.5900   8.6900   8.8000   8.8900   8.8600   8.8300   8.8500   8.8900   8.9600   0.0000   0.0000   0.0000   0.0000   0.0000;
127:  8.3300   8.3200   8.3400   8.3600   8.3900   8.4200   8.4700   8.5100   8.5500   8.6000   8.7000   8.8000   8.8900   8.8600   8.8400   8.8500   8.8900   8.9600   0.0000   0.0000   0.0000   0.0000   0.0000;
128:  8.3300   8.3200   8.3500   8.3600   8.3900   8.4200   8.4700   8.5100   8.5500   8.6000   8.7000   8.8000   8.8900   8.8700   8.8400   8.8600   8.8900   8.9600   0.0000   0.0000   0.0000   0.0000   0.0000;
129:  8.3300   8.3200   8.3500   8.3700   8.4000   8.4300   8.4700   8.5200   8.5500   8.6000   8.7000   8.8000   8.8900   8.8700   8.8500   8.8600   8.8900   8.9600   0.0000   0.0000   0.0000   0.0000   0.0000;
130:  8.3400   8.3300   8.3500   8.3700   8.4000   8.4300   8.4700   8.5200   8.5500   8.6000   8.7000   8.8000   8.8900   8.8700   8.8500   8.8600   8.9000   8.9600   0.0000   0.0000   0.0000   0.0000   0.0000;
131:  8.3400   8.3300   8.3600   8.3700   8.4000   8.4300   8.4700   8.5200   8.5600   8.6000   8.7000   8.8000   8.8900   8.8800   8.8600   8.8700   8.9000   8.9600   0.0000   0.0000   0.0000   0.0000   0.0000;
132:  8.3400   8.3300   8.3600   8.3700   8.4000   8.4300   8.4800   8.5200   8.5600   8.6100   8.7000   8.8000   8.8900   8.8800   8.8600   8.8700   8.9000   8.9600   0.0000   0.0000   0.0000   0.0000   0.0000;
133:  8.3400   8.3400   8.3600   8.3800   8.4100   8.4300   8.4800   8.5200   8.5600   8.6100   8.7100   8.8000   8.8900   8.8800   8.8700   8.8700   8.9000   8.9600   0.0000   0.0000   0.0000   0.0000   0.0000;
134:  8.3400   8.3400   8.3600   8.3800   8.4100   8.4400   8.4800   8.5300   8.5600   8.6100   8.7100   8.8000   8.8900   8.8800   8.8800   8.8800   8.9000   8.9600   0.0000   0.0000   0.0000   0.0000   0.0000;
135:  8.3400   8.3400   8.3700   8.3800   8.4100   8.4400   8.4800   8.5300   8.5700   8.6100   8.7100   8.8000   8.8900   8.8900   8.8800   8.8800   8.9100   8.9600   0.0000   0.0000   0.0000   0.0000   0.0000;
136:  8.3500   8.3500   8.3700   8.3900   8.4100   8.4400   8.4800   8.5300   8.5700   8.6100   8.7100   8.8000   8.8900   8.8900   8.8900   8.8800   8.9100   8.9600   0.0000   0.0000   0.0000   0.0000   0.0000;
137:  8.3500   8.3500   8.3700   8.3900   8.4200   8.4400   8.4800   8.5300   8.5700   8.6100   8.7100   8.8000   8.8900   8.8900   8.8900   8.8900   8.9100   8.9600   0.0000   0.0000   0.0000   0.0000   0.0000;
138:  8.3500   8.3500   8.3700   8.3900   8.4200   8.4400   8.4900   8.5300   8.5700   8.6200   8.7100   8.8000   8.8900   8.9000   8.9000   8.8900   8.9100   8.9600   0.0000   0.0000   0.0000   0.0000   0.0000;
139:  8.3600   8.3600   8.3800   8.3900   8.4200   8.4500   8.4900   8.5300   8.5700   8.6200   8.7100   8.8000   8.8900   8.9000   8.9000   8.8900   8.9100   8.9600   0.0000   0.0000   0.0000   0.0000   0.0000;
140:  8.3600   8.3600   8.3800   8.4000   8.4200   8.4500   8.4900   8.5400   8.5700   8.6200   8.7100   8.8000   8.8900   8.9000   8.9100   8.9000   8.9200   8.9600   0.0000   0.0000   0.0000   0.0000   0.0000;
141:  8.3600   8.3600   8.3800   8.4000   8.4300   8.4500   8.4900   8.5400   8.5800   8.6200   8.7100   8.8000   8.8900   8.9000   8.9200   8.9000   8.9200   8.9600   0.0000   0.0000   0.0000   0.0000   0.0000;
142:  8.3600   8.3700   8.3900   8.4000   8.4300   8.4500   8.4900   8.5400   8.5800   8.6200   8.7100   8.8000   8.8900   8.9000   8.9200   8.9100   8.9200   8.9600   0.0000   0.0000   0.0000   0.0000   0.0000;
143:  8.3600   8.3700   8.3900   8.4100   8.4300   8.4600   8.4900   8.5400   8.5800   8.6200   8.7200   8.8000   8.8800   8.9100   8.9300   8.9100   8.9300   8.9600   0.0000   0.0000   0.0000   0.0000   0.0000;
144:  8.3600   8.3700   8.3900   8.4100   8.4400   8.4600   8.5000   8.5400   8.5800   8.6200   8.7200   8.8000   8.8800   8.9100   8.9300   8.9100   8.9300   8.9600   0.0000   0.0000   0.0000   0.0000   0.0000;
145:  8.3700   8.3800   8.3900   8.4100   8.4400   8.4600   8.5000   8.5400   8.5800   8.6200   8.7200   8.8000   8.8800   8.9100   8.9400   8.9200   8.9300   8.9600   0.0000   0.0000   0.0000   0.0000   0.0000;
146:  8.3700   8.3800   8.4000   8.4200   8.4400   8.4600   8.5000   8.5400   8.5800   8.6300   8.7200   8.8000   8.8800   8.9100   8.9500   8.9200   8.9400   8.9700   0.0000   0.0000   0.0000   0.0000   0.0000;
147:  8.3700   8.3800   8.4000   8.4200   8.4400   8.4600   8.5000   8.5400   8.5800   8.6300   8.7200   8.8000   8.8800   8.9100   8.9500   8.9300   8.9400   8.9700   0.0000   0.0000   0.0000   0.0000   0.0000;
148:  8.3700   8.3900   8.4000   8.4200   8.4500   8.4700   8.5000   8.5400   8.5800   8.6300   8.7200   8.8000   8.8700   8.9200   8.9600   8.9300   8.9400   8.9700   0.0000   0.0000   0.0000   0.0000   0.0000;
149:  8.3700   8.3900   8.4000   8.4200   8.4500   8.4700   8.5000   8.5500   8.5800   8.6300   8.7100   8.7900   8.8700   8.9200   8.9600   8.9400   8.9500   8.9700   0.0000   0.0000   0.0000   0.0000   0.0000;
150:  8.3700   8.3900   8.4100   8.4300   8.4500   8.4700   8.5000   8.5500   8.5800   8.6300   8.7100   8.7900   8.8700   8.9200   8.9700   8.9400   8.9500   8.9700   0.0000   0.0000   0.0000   0.0000   0.0000;
151:  8.3700   8.3900   8.4100   8.4300   8.4600   8.4700   8.5100   8.5500   8.5800   8.6300   8.7100   8.7900   8.8600   8.9200   8.9700   8.9500   8.9600   8.9700   0.0000   0.0000   0.0000   0.0000   0.0000;
152:  8.3800   8.4000   8.4100   8.4300   8.4600   8.4700   8.5100   8.5500   8.5800   8.6300   8.7100   8.7900   8.8600   8.9200   8.9800   8.9500   8.9600   8.9800   0.0000   0.0000   0.0000   0.0000   0.0000;
153:  8.3800   8.4000   8.4100   8.4400   8.4600   8.4800   8.5100   8.5500   8.5800   8.6300   8.7100   8.7900   8.8600   8.9200   8.9800   8.9600   8.9600   8.9800   0.0000   0.0000   0.0000   0.0000   0.0000;
154:  8.3800   8.4000   8.4200   8.4400   8.4600   8.4800   8.5100   8.5500   8.5800   8.6300   8.7100   8.7800   8.8600   8.9200   8.9900   8.9600   8.9700   8.9800   0.0000   0.0000   0.0000   0.0000   0.0000;
155:  8.3900   8.4100   8.4200   8.4400   8.4700   8.4800   8.5100   8.5500   8.5800   8.6300   8.7100   8.7800   8.8500   8.9200   8.9900   8.9700   8.9700   8.9800   0.0000   0.0000   0.0000   0.0000   0.0000;
156:  8.3900   8.4100   8.4200   8.4400   8.4700   8.4800   8.5100   8.5500   8.5800   8.6300   8.7100   8.7800   8.8500   8.9200   9.0000   8.9700   8.9800   8.9900   0.0000   0.0000   0.0000   0.0000   0.0000;
157:  8.3900   8.4100   8.4200   8.4500   8.4700   8.4800   8.5100   8.5500   8.5800   8.6300   8.7100   8.7800   8.8500   8.9200   9.0000   8.9800   8.9800   8.9900   0.0000   0.0000   0.0000   0.0000   0.0000;
158:  8.3900   8.4100   8.4300   8.4500   8.4700   8.4800   8.5100   8.5500   8.5800   8.6300   8.7000   8.7700   8.8400   8.9200   9.0000   8.9800   8.9900   8.9900   0.0000   0.0000   0.0000   0.0000   0.0000;
159:  8.3900   8.4200   8.4300   8.4500   8.4700   8.4900   8.5100   8.5500   8.5800   8.6300   8.7000   8.7700   8.8400   8.9200   9.0100   8.9900   9.0000   9.0000   0.0000   0.0000   0.0000   0.0000   0.0000;
160:  8.3900   8.4200   8.4300   8.4500   8.4800   8.4900   8.5100   8.5500   8.5800   8.6200   8.7000   8.7700   8.8300   8.9200   9.0100   8.9900   9.0000   9.0000   0.0000   0.0000   0.0000   0.0000   0.0000;
161:  8.3900   8.4200   8.4300   8.4500   8.4800   8.4900   8.5100   8.5500   8.5800   8.6200   8.7000   8.7600   8.8300   8.9200   9.0100   9.0000   9.0100   9.0100   0.0000   0.0000   0.0000   0.0000   0.0000;
162:  8.3900   8.4200   8.4300   8.4600   8.4800   8.4900   8.5200   8.5500   8.5800   8.6200   8.7000   8.7600   8.8300   8.9200   9.0200   9.0100   9.0100   9.0100   0.0000   0.0000   0.0000   0.0000   0.0000;
163:  8.3900   8.4200   8.4300   8.4600   8.4800   8.4900   8.5200   8.5500   8.5800   8.6200   8.6900   8.7600   8.8200   8.9200   9.0200   9.0100   9.0200   9.0100   0.0000   0.0000   0.0000   0.0000   0.0000;
164:  8.4000   8.4300   8.4400   8.4600   8.4800   8.4900   8.5200   8.5500   8.5800   8.6200   8.6900   8.7500   8.8200   8.9200   9.0200   9.0200   9.0300   9.0200   0.0000   0.0000   0.0000   0.0000   0.0000;
165:  8.4000   8.4300   8.4400   8.4600   8.4800   8.4900   8.5200   8.5500   8.5800   8.6200   8.6900   8.7500   8.8100   8.9100   9.0200   9.0200   9.0300   9.0200   0.0000   0.0000   0.0000   0.0000   0.0000;
166:  8.4000   8.4300   8.4400   8.4600   8.4900   8.4900   8.5200   8.5500   8.5800   8.6200   8.6800   8.7500   8.8100   8.9100   9.0200   9.0300   9.0400   9.0300   0.0000   0.0000   0.0000   0.0000   0.0000;
167:  8.4000   8.4300   8.4400   8.4700   8.4900   8.4900   8.5200   8.5500   8.5700   8.6100   8.6800   8.7400   8.8100   8.9100   9.0200   9.0400   9.0400   9.0400   0.0000   0.0000   0.0000   0.0000   0.0000;
168:  8.4000   8.4300   8.4400   8.4700   8.4900   8.4900   8.5200   8.5400   8.5700   8.6100   8.6800   8.7400   8.8000   8.9100   9.0200   9.0400   9.0500   9.0400   0.0000   0.0000   0.0000   0.0000   0.0000;
169:  8.4000   8.4300   8.4400   8.4700   8.4900   8.5000   8.5200   8.5400   8.5700   8.6100   8.6700   8.7300   8.8000   8.9000   9.0200   9.0500   9.0600   9.0500   0.0000   0.0000   0.0000   0.0000   0.0000;
170:  8.4000   8.4400   8.4400   8.4700   8.4900   8.5000   8.5200   8.5400   8.5700   8.6100   8.6700   8.7300   8.7900   8.9000   9.0200   9.0500   9.0700   9.0500   0.0000   0.0000   0.0000   0.0000   0.0000;
171:  8.4000   8.4400   8.4400   8.4700   8.4900   8.5000   8.5200   8.5400   8.5700   8.6100   8.6700   8.7200   8.7900   8.9000   9.0200   9.0600   9.0700   9.0600   0.0000   0.0000   0.0000   0.0000   0.0000;
172:  8.4000   8.4400   8.4500   8.4700   8.4900   8.5000   8.5200   8.5400   8.5600   8.6000   8.6600   8.7200   8.7800   8.9000   9.0200   9.0700   9.0800   9.0700   0.0000   0.0000   0.0000   0.0000   0.0000;
173:  8.4000   8.4400   8.4500   8.4700   8.4900   8.5000   8.5200   8.5400   8.5600   8.6000   8.6600   8.7100   8.7800   8.8900   9.0200   9.0700   9.0900   9.0700   0.0000   0.0000   0.0000   0.0000   0.0000;
174:  8.4000   8.4400   8.4500   8.4700   8.4900   8.5000   8.5200   8.5400   8.5600   8.6000   8.6600   8.7100   8.7700   8.8900   9.0200   9.0800   9.1000   9.0800   0.0000   0.0000   0.0000   0.0000   0.0000;
175:  8.4000   8.4400   8.4500   8.4700   8.4900   8.5000   8.5100   8.5400   8.5600   8.6000   8.6500   8.7000   8.7700   8.8800   9.0200   9.0800   9.1000   9.0900   0.0000   0.0000   0.0000   0.0000   0.0000;
176:  8.4000   8.4400   8.4500   8.4700   8.4900   8.5000   8.5100   8.5300   8.5600   8.5900   8.6500   8.7000   8.7600   8.8800   9.0200   9.0900   9.1100   9.0900   0.0000   0.0000   0.0000   0.0000   0.0000;
177:  8.4000   8.4400   8.4500   8.4700   8.4900   8.5000   8.5100   8.5300   8.5500   8.5900   8.6400   8.6900   8.7600   8.8800   9.0100   9.0900   9.1200   9.1000   0.0000   0.0000   0.0000   0.0000   0.0000;
178:  8.4000   8.4400   8.4500   8.4700   8.4900   8.5000   8.5100   8.5300   8.5500   8.5900   8.6400   8.6900   8.7500   8.8700   9.0100   9.1000   9.1300   9.1100   0.0000   0.0000   0.0000   0.0000   0.0000;
179:  8.4000   8.4400   8.4500   8.4700   8.4900   8.5000   8.5100   8.5300   8.5500   8.5800   8.6300   8.6800   8.7500   8.8700   9.0100   9.1100   9.1300   9.1200   0.0000   0.0000   0.0000   0.0000   0.0000;
180:  8.4000   8.4400   8.4500   8.4700   8.4900   8.4900   8.5100   8.5300   8.5500   8.5800   8.6300   8.6800   8.7400   8.8600   9.0000   9.1100   9.1400   9.1200   0.0000   0.0000   0.0000   0.0000   0.0000;
181:  8.4000   8.4400   8.4500   8.4700   8.4900   8.4900   8.5100   8.5300   8.5400   8.5800   8.6200   8.6700   8.7400   8.8600   9.0000   9.1200   9.1500   9.1300   0.0000   0.0000   0.0000   0.0000   0.0000;
182:  8.4000   8.4400   8.4500   8.4700   8.4900   8.4900   8.5100   8.5200   8.5400   8.5700   8.6200   8.6700   8.7300   8.8500   8.9900   9.1200   9.1600   9.1400   0.0000   0.0000   0.0000   0.0000   0.0000;
183:  8.4000   8.4400   8.4500   8.4700   8.4900   8.4900   8.5100   8.5200   8.5400   8.5700   8.6200   8.6600   8.7300   8.8500   8.9900   9.1300   9.1600   9.1500   0.0000   0.0000   0.0000   0.0000   0.0000;
184:  8.4000   8.4400   8.4500   8.4700   8.4900   8.4900   8.5100   8.5200   8.5300   8.5700   8.6100   8.6600   8.7200   8.8400   8.9800   9.1300   9.1700   9.1600   0.0000   0.0000   0.0000   0.0000   0.0000;
185:  8.4000   8.4400   8.4500   8.4700   8.4900   8.4900   8.5000   8.5200   8.5300   8.5600   8.6100   8.6500   8.7200   8.8300   8.9800   9.1300   9.1800   9.1600   0.0000   0.0000   0.0000   0.0000   0.0000;
186:  8.4000   8.4400   8.4500   8.4700   8.4800   8.4900   8.5000   8.5100   8.5300   8.5600   8.6000   8.6500   8.7100   8.8300   8.9700   9.1400   9.1800   9.1700   0.0000   0.0000   0.0000   0.0000   0.0000;
187:  8.4000   8.4400   8.4500   8.4700   8.4800   8.4900   8.5000   8.5100   8.5200   8.5500   8.5900   8.6400   8.7100   8.8200   8.9700   9.1400   9.1900   9.1800   0.0000   0.0000   0.0000   0.0000   0.0000;
188:  8.4000   8.4400   8.4400   8.4700   8.4800   8.4800   8.5000   8.5100   8.5200   8.5500   8.5900   8.6400   8.7000   8.8200   8.9600   9.1500   9.2000   9.1900   0.0000   0.0000   0.0000   0.0000   0.0000;
189:  8.4000   8.4400   8.4400   8.4700   8.4800   8.4800   8.5000   8.5100   8.5200   8.5500   8.5800   8.6300   8.7000   8.8100   8.9500   9.1500   9.2000   9.1900   0.0000   0.0000   0.0000   0.0000   0.0000;
190:  8.4000   8.4400   8.4400   8.4600   8.4800   8.4800   8.4900   8.5100   8.5100   8.5400   8.5800   8.6200   8.6900   8.8000   8.9500   9.1500   9.2100   9.2000   0.0000   0.0000   0.0000   0.0000   0.0000;
191:  8.4000   8.4400   8.4400   8.4600   8.4700   8.4800   8.4900   8.5000   8.5100   8.5400   8.5700   8.6200   8.6900   8.8000   8.9400   9.1600   9.2200   9.2100   0.0000   0.0000   0.0000   0.0000   0.0000;
192:  8.4000   8.4400   8.4400   8.4600   8.4700   8.4800   8.4900   8.5000   8.5100   8.5300   8.5700   8.6100   8.6800   8.7900   8.9300   9.1600   9.2200   9.2200   0.0000   0.0000   0.0000   0.0000   0.0000;
193:  8.4000   8.4300   8.4400   8.4600   8.4700   8.4700   8.4900   8.5000   8.5000   8.5300   8.5600   8.6100   8.6800   8.7800   8.9300   9.1600   9.2300   9.2200   0.0000   0.0000   0.0000   0.0000   0.0000;
194:  8.4000   8.4300   8.4400   8.4600   8.4700   8.4700   8.4900   8.4900   8.5000   8.5200   8.5600   8.6000   8.6700   8.7800   8.9200   9.1600   9.2300   9.2300   0.0000   0.0000   0.0000   0.0000   0.0000;
195:  8.4000   8.4300   8.4400   8.4600   8.4700   8.4700   8.4800   8.4900   8.5000   8.5200   8.5500   8.6000   8.6700   8.7700   8.9100   9.1700   9.2400   9.2300   0.0000   0.0000   0.0000   0.0000   0.0000;
196:  8.4000   8.4300   8.4300   8.4500   8.4600   8.4700   8.4800   8.4900   8.4900   8.5200   8.5500   8.5900   8.6600   8.7600   8.9000   9.1700   9.2400   9.2400   0.0000   0.0000   0.0000   0.0000   0.0000;
197:  8.4000   8.4300   8.4300   8.4500   8.4600   8.4600   8.4800   8.4900   8.4900   8.5100   8.5400   8.5900   8.6600   8.7600   8.8900   9.1700   9.2500   9.2500   0.0000   0.0000   0.0000   0.0000   0.0000;
198:  8.4000   8.4300   8.4300   8.4500   8.4600   8.4600   8.4800   8.4800   8.4900   8.5100   8.5400   8.5800   8.6500   8.7500   8.8900   9.1700   9.2500   9.2500   0.0000   0.0000   0.0000   0.0000   0.0000;
199:  8.3900   8.4200   8.4300   8.4500   8.4500   8.4600   8.4700   8.4800   8.4800   8.5000   8.5300   8.5700   8.6500   8.7400   8.8800   9.1700   9.2500   9.2600   0.0000   0.0000   0.0000   0.0000   0.0000;
200:  8.3900   8.4200   8.4300   8.4400   8.4500   8.4600   8.4700   8.4800   8.4800   8.5000   8.5300   8.5700   8.6400   8.7400   8.8700   9.1700   9.2600   9.2600   0.0000   0.0000   0.0000   0.0000   0.0000;
201:  8.3900   8.4200   8.4200   8.4400   8.4500   8.4500   8.4700   8.4700   8.4800   8.4900   8.5200   8.5600   8.6400   8.7300   8.8600   9.1700   9.2600   9.2700   0.0000   0.0000   0.0000   0.0000   0.0000;
202:  8.3900   8.4200   8.4200   8.4400   8.4400   8.4500   8.4600   8.4700   8.4700   8.4900   8.5200   8.5600   8.6300   8.7200   8.8500   9.1700   9.2600   9.2700   0.0000   0.0000   0.0000   0.0000   0.0000;
203:  8.3900   8.4200   8.4200   8.4400   8.4400   8.4500   8.4600   8.4700   8.4700   8.4900   8.5100   8.5500   8.6300   8.7200   8.8400   9.1700   9.2600   9.2700   0.0000   0.0000   0.0000   0.0000   0.0000;
204:  8.3900   8.4100   8.4200   8.4300   8.4400   8.4400   8.4600   8.4600   8.4700   8.4800   8.5100   8.5500   8.6200   8.7100   8.8300   9.1700   9.2600   9.2800   0.0000   0.0000   0.0000   0.0000   0.0000;
205:  8.3900   8.4100   8.4200   8.4300   8.4300   8.4400   8.4500   8.4600   8.4600   8.4800   8.5000   8.5400   8.6200   8.7000   8.8200   9.1600   9.2700   9.2800   0.0000   0.0000   0.0000   0.0000   0.0000;
206:  8.3900   8.4100   8.4100   8.4300   8.4300   8.4400   8.4500   8.4600   8.4600   8.4700   8.5000   8.5400   8.6100   8.7000   8.8100   9.1600   9.2700   9.2800   0.0000   0.0000   0.0000   0.0000   0.0000;
207:  8.3900   8.4100   8.4100   8.4200   8.4300   8.4300   8.4500   8.4500   8.4500   8.4700   8.4900   8.5300   8.6100   8.6900   8.8000   9.1600   9.2700   9.2800   0.0000   0.0000   0.0000   0.0000   0.0000;
208:  8.3800   8.4000   8.4100   8.4200   8.4200   8.4300   8.4400   8.4500   8.4500   8.4600   8.4900   8.5300   8.6000   8.6800   8.8000   9.1500   9.2600   9.2800   0.0000   0.0000   0.0000   0.0000   0.0000;
209:  8.3800   8.4000   8.4100   8.4200   8.4200   8.4300   8.4400   8.4500   8.4500   8.4600   8.4800   8.5200   8.6000   8.6800   8.7900   9.1500   9.2600   9.2800   0.0000   0.0000   0.0000   0.0000   0.0000;
210:  8.3800   8.4000   8.4000   8.4100   8.4200   8.4200   8.4400   8.4400   8.4400   8.4600   8.4800   8.5200   8.5900   8.6700   8.7800   9.1500   9.2600   9.2800   0.0000   0.0000   0.0000   0.0000   0.0000;
211:  8.3800   8.4000   8.4000   8.4100   8.4100   8.4200   8.4300   8.4400   8.4400   8.4500   8.4700   8.5100   8.5900   8.6600   8.7700   9.1400   9.2600   9.2800   0.0000   0.0000   0.0000   0.0000   0.0000;
212:  8.3700   8.3900   8.4000   8.4100   8.4100   8.4200   8.4300   8.4400   8.4400   8.4500   8.4700   8.5100   8.5800   8.6600   8.7600   9.1300   9.2600   9.2800   0.0000   0.0000   0.0000   0.0000   0.0000;
213:  8.3700   8.3900   8.3900   8.4000   8.4100   8.4100   8.4300   8.4300   8.4300   8.4400   8.4600   8.5000   8.5800   8.6500   8.7500   9.1300   9.2500   9.2800   0.0000   0.0000   0.0000   0.0000   0.0000;
214:  8.3700   8.3900   8.3900   8.4000   8.4000   8.4100   8.4200   8.4300   8.4300   8.4400   8.4600   8.5000   8.5700   8.6400   8.7400   9.1200   9.2500   9.2800   0.0000   0.0000   0.0000   0.0000   0.0000;
215:  8.3700   8.3800   8.3900   8.4000   8.4000   8.4100   8.4200   8.4300   8.4300   8.4300   8.4500   8.4900   8.5700   8.6400   8.7300   9.1200   9.2400   9.2700   0.0000   0.0000   0.0000   0.0000   0.0000;
216:  8.3700   8.3800   8.3900   8.3900   8.3900   8.4000   8.4200   8.4200   8.4200   8.4300   8.4500   8.4900   8.5600   8.6300   8.7200   9.1100   9.2400   9.2700   0.0000   0.0000   0.0000   0.0000   0.0000;
217:  8.3700   8.3800   8.3800   8.3900   8.3900   8.4000   8.4100   8.4200   8.4200   8.4300   8.4400   8.4800   8.5600   8.6200   8.7100   9.1000   9.2300   9.2700   0.0000   0.0000   0.0000   0.0000   0.0000;
218:  8.3700   8.3800   8.3800   8.3900   8.3900   8.3900   8.4100   8.4200   8.4200   8.4200   8.4400   8.4800   8.5500   8.6200   8.7000   9.0900   9.2300   9.2600   0.0000   0.0000   0.0000   0.0000   0.0000;
219:  8.3600   8.3700   8.3800   8.3800   8.3800   8.3900   8.4000   8.4100   8.4100   8.4200   8.4400   8.4700   8.5500   8.6100   8.7000   9.0800   9.2200   9.2600   0.0000   0.0000   0.0000   0.0000   0.0000;
220:  8.3600   8.3700   8.3700   8.3800   8.3800   8.3900   8.4000   8.4100   8.4100   8.4200   8.4300   8.4700   8.5400   8.6000   8.6900   9.0700   9.2100   9.2500   0.0000   0.0000   0.0000   0.0000   0.0000;
221:  8.3600   8.3700   8.3700   8.3700   8.3800   8.3800   8.4000   8.4100   8.4100   8.4100   8.4300   8.4700   8.5400   8.6000   8.6800   9.0700   9.2000   9.2400   0.0000   0.0000   0.0000   0.0000   0.0000;
222:  8.3600   8.3600   8.3700   8.3700   8.3700   8.3800   8.3900   8.4000   8.4000   8.4100   8.4200   8.4600   8.5300   8.5900   8.6700   9.0600   9.2000   9.2400   0.0000   0.0000   0.0000   0.0000   0.0000;
223:  8.3600   8.3600   8.3600   8.3700   8.3700   8.3800   8.3900   8.4000   8.4000   8.4000   8.4200   8.4600   8.5300   8.5800   8.6600   9.0400   9.1900   9.2300   0.0000   0.0000   0.0000   0.0000   0.0000;
224:  8.3600   8.3600   8.3600   8.3600   8.3700   8.3700   8.3900   8.4000   8.4000   8.4000   8.4200   8.4500   8.5200   8.5800   8.6500   9.0300   9.1800   9.2200   0.0000   0.0000   0.0000   0.0000   0.0000;
225:  8.3500   8.3500   8.3600   8.3600   8.3600   8.3700   8.3800   8.3900   8.3900   8.4000   8.4100   8.4500   8.5200   8.5700   8.6400   9.0200   9.1700   9.2100   0.0000   0.0000   0.0000   0.0000   0.0000;
226:  8.3500   8.3500   8.3500   8.3600   8.3600   8.3700   8.3800   8.3900   8.3900   8.3900   8.4100   8.4400   8.5100   8.5700   8.6400   9.0100   9.1600   9.2000   0.0000   0.0000   0.0000   0.0000   0.0000;
227:  8.3500   8.3500   8.3500   8.3500   8.3600   8.3600   8.3700   8.3900   8.3900   8.3900   8.4100   8.4400   8.5100   8.5600   8.6300   9.0000   9.1400   9.1900   0.0000   0.0000   0.0000   0.0000   0.0000;
228:  8.3500   8.3500   8.3500   8.3500   8.3500   8.3600   8.3700   8.3800   8.3900   8.3900   8.4000   8.4400   8.5000   8.5500   8.6200   8.9900   9.1300   9.1800   0.0000   0.0000   0.0000   0.0000   0.0000;
229:  8.3400   8.3400   8.3400   8.3500   8.3500   8.3600   8.3700   8.3800   8.3800   8.3800   8.4000   8.4300   8.5000   8.5500   8.6100   8.9700   9.1200   9.1700   0.0000   0.0000   0.0000   0.0000   0.0000;
230:  8.3400   8.3400   8.3400   8.3400   8.3500   8.3500   8.3600   8.3800   8.3800   8.3800   8.4000   8.4300   8.4900   8.5400   8.6100   8.9600   9.1100   9.1600   0.0000   0.0000   0.0000   0.0000   0.0000;
231:  8.3400   8.3400   8.3400   8.3400   8.3400   8.3500   8.3600   8.3700   8.3800   8.3800   8.3900   8.4300   8.4900   8.5400   8.6000   8.9500   9.1000   9.1500   0.0000   0.0000   0.0000   0.0000   0.0000;
232:  8.3400   8.3300   8.3400   8.3400   8.3400   8.3400   8.3600   8.3700   8.3700   8.3800   8.3900   8.4200   8.4800   8.5300   8.5900   8.9400   9.0800   9.1400   0.0000   0.0000   0.0000   0.0000   0.0000;
233:  8.3400   8.3300   8.3300   8.3300   8.3400   8.3400   8.3500   8.3700   8.3700   8.3700   8.3900   8.4200   8.4800   8.5200   8.5800   8.9200   9.0700   9.1300   0.0000   0.0000   0.0000   0.0000   0.0000;
234:  8.3400   8.3300   8.3300   8.3300   8.3300   8.3400   8.3500   8.3600   8.3700   8.3700   8.3800   8.4100   8.4700   8.5200   8.5800   8.9100   9.0600   9.1100   0.0000   0.0000   0.0000   0.0000   0.0000;
235:  8.3400   8.3300   8.3300   8.3200   8.3300   8.3400   8.3500   8.3600   8.3700   8.3700   8.3800   8.4100   8.4600   8.5100   8.5700   8.8900   9.0400   9.1000   0.0000   0.0000   0.0000   0.0000   0.0000;
236:  8.3300   8.3200   8.3200   8.3200   8.3300   8.3300   8.3400   8.3600   8.3600   8.3600   8.3800   8.4100   8.4600   8.5100   8.5600   8.8800   9.0300   9.0900   0.0000   0.0000   0.0000   0.0000   0.0000;
237:  8.3300   8.3200   8.3200   8.3200   8.3300   8.3300   8.3400   8.3600   8.3600   8.3600   8.3800   8.4000   8.4500   8.5000   8.5600   8.8700   9.0100   9.0700   0.0000   0.0000   0.0000   0.0000   0.0000;
238:  8.3300   8.3200   8.3200   8.3200   8.3200   8.3300   8.3400   8.3500   8.3600   8.3600   8.3700   8.4000   8.4500   8.5000   8.5500   8.8500   9.0000   9.0600   0.0000   0.0000   0.0000   0.0000   0.0000;
239:  8.3300   8.3100   8.3100   8.3100   8.3200   8.3200   8.3300   8.3500   8.3500   8.3600   8.3700   8.4000   8.4400   8.4900   8.5500   8.8400   8.9800   9.0400   0.0000   0.0000   0.0000   0.0000   0.0000;
240:  8.3300   8.3100   8.3100   8.3100   8.3200   8.3200   8.3300   8.3500   8.3500   8.3500   8.3700   8.3900   8.4400   8.4800   8.5400   8.8200   8.9700   9.0300   0.0000   0.0000   0.0000   0.0000   0.0000;
241:  8.3300   8.3100   8.3100   8.3100   8.3100   8.3200   8.3300   8.3400   8.3500   8.3500   8.3700   8.3900   8.4300   8.4800   8.5300   8.8100   8.9500   9.0200   0.0000   0.0000   0.0000   0.0000   0.0000;
242:  8.3300   8.3100   8.3100   8.3000   8.3100   8.3100   8.3200   8.3400   8.3500   8.3500   8.3600   8.3900   8.4300   8.4700   8.5300   8.7900   8.9300   9.0000   0.0000   0.0000   0.0000   0.0000   0.0000;
243:  8.3200   8.3000   8.3000   8.3000   8.3100   8.3100   8.3200   8.3400   8.3400   8.3500   8.3600   8.3800   8.4200   8.4700   8.5200   8.7800   8.9200   8.9900   0.0000   0.0000   0.0000   0.0000   0.0000;
244:  8.3200   8.3000   8.3000   8.3000   8.3100   8.3100   8.3200   8.3400   8.3400   8.3400   8.3600   8.3800   8.4200   8.4600   8.5200   8.7600   8.9000   8.9700   0.0000   0.0000   0.0000   0.0000   0.0000;
245:  8.3200   8.3000   8.3000   8.2900   8.3000   8.3100   8.3200   8.3300   8.3400   8.3400   8.3600   8.3800   8.4100   8.4600   8.5100   8.7500   8.8900   8.9600   0.0000   0.0000   0.0000   0.0000   0.0000;
246:  8.3200   8.3000   8.3000   8.2900   8.3000   8.3000   8.3100   8.3300   8.3400   8.3400   8.3500   8.3700   8.4100   8.4500   8.5100   8.7300   8.8700   8.9400   0.0000   0.0000   0.0000   0.0000   0.0000;
247:  8.3100   8.2900   8.2900   8.2900   8.3000   8.3000   8.3100   8.3300   8.3300   8.3400   8.3500   8.3700   8.4100   8.4500   8.5000   8.7200   8.8500   8.9200   0.0000   0.0000   0.0000   0.0000   0.0000;
248:  8.3100   8.2900   8.2900   8.2900   8.3000   8.3000   8.3100   8.3300   8.3300   8.3300   8.3500   8.3700   8.4000   8.4400   8.4900   8.7000   8.8400   8.9100   0.0000   0.0000   0.0000   0.0000   0.0000;
249:  8.3100   8.2900   8.2900   8.2800   8.3000   8.3000   8.3100   8.3200   8.3300   8.3300   8.3500   8.3700   8.4000   8.4400   8.4900   8.6900   8.8200   8.8900   0.0000   0.0000   0.0000   0.0000   0.0000;
250:  8.3100   8.2900   8.2900   8.2800   8.2900   8.2900   8.3000   8.3200   8.3300   8.3300   8.3500   8.3600   8.3900   8.4300   8.4800   8.6800   8.8100   8.8800   0.0000   0.0000   0.0000   0.0000   0.0000;
251:  8.3100   8.2800   8.2800   8.2800   8.2900   8.2900   8.3000   8.3200   8.3200   8.3300   8.3400   8.3600   8.3900   8.4300   8.4800   8.6600   8.7900   8.8600   0.0000   0.0000   0.0000   0.0000   0.0000;
252:  8.3100   8.2800   8.2800   8.2800   8.2900   8.2900   8.3000   8.3200   8.3200   8.3300   8.3400   8.3600   8.3800   8.4200   8.4800   8.6500   8.7800   8.8500   0.0000   0.0000   0.0000   0.0000   0.0000;
253:  8.3100   8.2800   8.2800   8.2700   8.2900   8.2900   8.3000   8.3100   8.3200   8.3200   8.3400   8.3500   8.3800   8.4200   8.4700   8.6300   8.7600   8.8300   0.0000   0.0000   0.0000   0.0000   0.0000;
254:  8.3100   8.2800   8.2800   8.2700   8.2900   8.2900   8.3000   8.3100   8.3200   8.3200   8.3400   8.3500   8.3700   8.4100   8.4700   8.6200   8.7400   8.8200   0.0000   0.0000   0.0000   0.0000   0.0000;
255:  8.3100   8.2800   8.2800   8.2700   8.2800   8.2800   8.2900   8.3100   8.3100   8.3200   8.3400   8.3500   8.3700   8.4100   8.4600   8.6100   8.7300   8.8000   0.0000   0.0000   0.0000   0.0000   0.0000;
256:  8.3000   8.2700   8.2700   8.2700   8.2800   8.2800   8.2900   8.3100   8.3100   8.3200   8.3300   8.3500   8.3600   8.4000   8.4600   8.5900   8.7100   8.7900   0.0000   0.0000   0.0000   0.0000   0.0000;
257:  8.3000   8.2700   8.2700   8.2700   8.2800   8.2800   8.2900   8.3100   8.3100   8.3200   8.3300   8.3400   8.3600   8.4000   8.4500   8.5800   8.7000   8.7800   0.0000   0.0000   0.0000   0.0000   0.0000;
258:  8.3000   8.2700   8.2700   8.2600   8.2800   8.2800   8.2900   8.3100   8.3100   8.3100   8.3300   8.3400   8.3600   8.3900   8.4500   8.5700   8.6900   8.7600   0.0000   0.0000   0.0000   0.0000   0.0000;
259:  8.3000   8.2700   8.2700   8.2600   8.2800   8.2800   8.2900   8.3000   8.3100   8.3100   8.3300   8.3400   8.3500   8.3900   8.4400   8.5600   8.6700   8.7500   0.0000   0.0000   0.0000   0.0000   0.0000;
260:  8.3000   8.2700   8.2700   8.2600   8.2800   8.2800   8.2900   8.3000   8.3000   8.3100   8.3300   8.3400   8.3500   8.3800   8.4400   8.5500   8.6600   8.7400   0.0000   0.0000   0.0000   0.0000   0.0000;
261:  8.3000   8.2700   8.2700   8.2600   8.2700   8.2700   8.2800   8.3000   8.3000   8.3100   8.3200   8.3300   8.3500   8.3800   8.4400   8.5300   8.6400   8.7200   0.0000   0.0000   0.0000   0.0000   0.0000;
262:  8.3000   8.2700   8.2600   8.2600   8.2700   8.2700   8.2800   8.3000   8.3000   8.3100   8.3200   8.3300   8.3400   8.3700   8.4300   8.5200   8.6300   8.7100   0.0000   0.0000   0.0000   0.0000   0.0000;
263:  8.3000   8.2600   8.2600   8.2500   8.2700   8.2700   8.2800   8.3000   8.3000   8.3100   8.3200   8.3300   8.3400   8.3700   8.4300   8.5100   8.6200   8.7000   0.0000   0.0000   0.0000   0.0000   0.0000;
264:  8.3000   8.2600   8.2600   8.2500   8.2700   8.2700   8.2800   8.3000   8.2900   8.3000   8.3200   8.3300   8.3300   8.3700   8.4300   8.5000   8.6100   8.6900   0.0000   0.0000   0.0000   0.0000   0.0000;
265:  8.3000   8.2600   8.2600   8.2500   8.2700   8.2700   8.2800   8.2900   8.2900   8.3000   8.3200   8.3200   8.3300   8.3600   8.4200   8.4900   8.6000   8.6800   0.0000   0.0000   0.0000   0.0000   0.0000;
266:  8.3000   8.2600   8.2600   8.2500   8.2700   8.2700   8.2800   8.2900   8.2900   8.3000   8.3200   8.3200   8.3300   8.3600   8.4200   8.4800   8.5800   8.6600   0.0000   0.0000   0.0000   0.0000   0.0000;
267:  8.3000   8.2600   8.2600   8.2500   8.2700   8.2700   8.2800   8.2900   8.2900   8.3000   8.3100   8.3200   8.3300   8.3500   8.4100   8.4700   8.5700   8.6500   0.0000   0.0000   0.0000   0.0000   0.0000;
268:  8.3000   8.2600   8.2600   8.2500   8.2600   8.2700   8.2800   8.2900   8.2900   8.3000   8.3100   8.3200   8.3200   8.3500   8.4100   8.4700   8.5600   8.6400   0.0000   0.0000   0.0000   0.0000   0.0000;
269:  8.3000   8.2600   8.2600   8.2500   8.2600   8.2600   8.2800   8.2900   8.2900   8.3000   8.3100   8.3200   8.3200   8.3500   8.4100   8.4600   8.5500   8.6300   0.0000   0.0000   0.0000   0.0000   0.0000;
270:  8.3000   8.2600   8.2600   8.2500   8.2600   8.2600   8.2800   8.2900   8.2800   8.2900   8.3100   8.3100   8.3200   8.3400   8.4000   8.4500   8.5400   8.6200   0.0000   0.0000   0.0000   0.0000   0.0000;
271:  8.3000   8.2600   8.2600   8.2400   8.2600   8.2600   8.2800   8.2900   8.2800   8.2900   8.3100   8.3100   8.3100   8.3400   8.4000   8.4400   8.5300   8.6200   0.0000   0.0000   0.0000   0.0000   0.0000;
272:  8.3000   8.2600   8.2500   8.2400   8.2600   8.2600   8.2800   8.2900   8.2800   8.2900   8.3100   8.3100   8.3100   8.3400   8.4000   8.4400   8.5300   8.6100   0.0000   0.0000   0.0000   0.0000   0.0000;
273:  8.2900   8.2500   8.2500   8.2400   8.2600   8.2600   8.2800   8.2900   8.2800   8.2900   8.3000   8.3100   8.3100   8.3300   8.4000   8.4300   8.5200   8.6000   0.0000   0.0000   0.0000   0.0000   0.0000;
274:  8.2900   8.2500   8.2500   8.2400   8.2600   8.2600   8.2800   8.2800   8.2800   8.2900   8.3000   8.3100   8.3100   8.3300   8.3900   8.4300   8.5100   8.5900   0.0000   0.0000   0.0000   0.0000   0.0000;
275:  8.2900   8.2500   8.2500   8.2400   8.2600   8.2600   8.2800   8.2800   8.2800   8.2900   8.3000   8.3100   8.3100   8.3300   8.3900   8.4200   8.5000   8.5900   0.0000   0.0000   0.0000   0.0000   0.0000;
276:  8.2900   8.2500   8.2500   8.2400   8.2600   8.2600   8.2800   8.2800   8.2800   8.2900   8.3000   8.3100   8.3000   8.3200   8.3900   8.4100   8.5000   8.5800   0.0000   0.0000   0.0000   0.0000   0.0000;
277:  8.2900   8.2500   8.2500   8.2400   8.2600   8.2600   8.2800   8.2800   8.2700   8.2800   8.3000   8.3000   8.3000   8.3200   8.3800   8.4100   8.4900   8.5700   0.0000   0.0000   0.0000   0.0000   0.0000;
278:  8.2900   8.2500   8.2500   8.2400   8.2600   8.2600   8.2800   8.2800   8.2700   8.2800   8.3000   8.3000   8.3000   8.3200   8.3800   8.4100   8.4800   8.5700   0.0000   0.0000   0.0000   0.0000   0.0000;
279:  8.2900   8.2500   8.2500   8.2400   8.2500   8.2600   8.2800   8.2800   8.2700   8.2800   8.3000   8.3000   8.3000   8.3200   8.3800   8.4000   8.4800   8.5600   0.0000   0.0000   0.0000   0.0000   0.0000;
280:  8.2900   8.2500   8.2500   8.2400   8.2500   8.2600   8.2800   8.2800   8.2700   8.2800   8.3000   8.3000   8.3000   8.3200   8.3800   8.4000   8.4700   8.5600   0.0000   0.0000   0.0000   0.0000   0.0000;
281:  8.2900   8.2500   8.2500   8.2400   8.2500   8.2600   8.2800   8.2800   8.2700   8.2800   8.3000   8.3000   8.3000   8.3100   8.3800   8.4000   8.4700   8.5500   0.0000   0.0000   0.0000   0.0000   0.0000;
282:  8.2900   8.2500   8.2500   8.2400   8.2500   8.2600   8.2800   8.2800   8.2700   8.2800   8.2900   8.3000   8.3000   8.3100   8.3700   8.3900   8.4700   8.5500   0.0000   0.0000   0.0000   0.0000   0.0000;
283:  8.2900   8.2500   8.2500   8.2400   8.2500   8.2600   8.2800   8.2800   8.2700   8.2800   8.2900   8.3000   8.3000   8.3100   8.3700   8.3900   8.4600   8.5500   0.0000   0.0000   0.0000   0.0000   0.0000;
284:  8.2900   8.2500   8.2500   8.2400   8.2500   8.2600   8.2800   8.2800   8.2700   8.2800   8.2900   8.3000   8.3000   8.3100   8.3700   8.3900   8.4600   8.5400   0.0000   0.0000   0.0000   0.0000   0.0000;
285:  8.2900   8.2500   8.2500   8.2400   8.2500   8.2600   8.2800   8.2800   8.2700   8.2800   8.2900   8.3000   8.3000   8.3100   8.3700   8.3900   8.4600   8.5400   0.0000   0.0000   0.0000   0.0000   0.0000;
286:  8.2900   8.2500   8.2500   8.2400   8.2500   8.2600   8.2800   8.2800   8.2700   8.2800   8.2900   8.3000   8.3000   8.3100   8.3700   8.3900   8.4500   8.5400   0.0000   0.0000   0.0000   0.0000   0.0000;
287:  8.2900   8.2500   8.2500   8.2400   8.2500   8.2600   8.2800   8.2800   8.2700   8.2800   8.2900   8.3000   8.3000   8.3100   8.3700   8.3900   8.4500   8.5400   0.0000   0.0000   0.0000   0.0000   0.0000;
288:  8.2900   8.2500   8.2500   8.2400   8.2500   8.2600   8.2800   8.2800   8.2700   8.2800   8.2900   8.3000   8.3000   8.3100   8.3600   8.3900   8.4500   8.5400   0.0000   0.0000   0.0000   0.0000   0.0000;
289:  8.3000   8.2600   8.2500   8.2400   8.2500   8.2600   8.2800   8.2800   8.2700   8.2800   8.2900   8.3000   8.3000   8.3100   8.3600   8.3900   8.4500   8.5300   0.0000   0.0000   0.0000   0.0000   0.0000;
290:  8.3000   8.2600   8.2500   8.2400   8.2500   8.2600   8.2800   8.2800   8.2700   8.2700   8.2900   8.3000   8.3000   8.3100   8.3600   8.3900   8.4500   8.5300   0.0000   0.0000   0.0000   0.0000   0.0000;
291:  8.3000   8.2600   8.2600   8.2500   8.2500   8.2600   8.2800   8.2800   8.2700   8.2700   8.2900   8.3000   8.3000   8.3100   8.3600   8.3900   8.4500   8.5300   0.0000   0.0000   0.0000   0.0000   0.0000;
292:  8.3000   8.2600   8.2600   8.2500   8.2500   8.2600   8.2800   8.2800   8.2700   8.2700   8.2900   8.3000   8.3000   8.3100   8.3600   8.3900   8.4500   8.5300   0.0000   0.0000   0.0000   0.0000   0.0000;
293:  8.3000   8.2600   8.2600   8.2500   8.2500   8.2600   8.2900   8.2800   8.2700   8.2700   8.2900   8.3000   8.3000   8.3100   8.3600   8.3900   8.4500   8.5300   0.0000   0.0000   0.0000   0.0000   0.0000;
294:  8.3000   8.2600   8.2600   8.2500   8.2500   8.2600   8.2900   8.2800   8.2700   8.2700   8.2900   8.3000   8.3000   8.3100   8.3600   8.3900   8.4500   8.5300   0.0000   0.0000   0.0000   0.0000   0.0000;
295:  8.3000   8.2600   8.2600   8.2500   8.2500   8.2600   8.2900   8.2900   8.2700   8.2800   8.2900   8.3000   8.3000   8.3100   8.3600   8.3900   8.4500   8.5300   0.0000   0.0000   0.0000   0.0000   0.0000;
296:  8.3000   8.2600   8.2600   8.2500   8.2600   8.2600   8.2900   8.2900   8.2700   8.2800   8.2900   8.3000   8.3000   8.3100   8.3600   8.4000   8.4500   8.5400   0.0000   0.0000   0.0000   0.0000   0.0000;
297:  8.3000   8.2600   8.2600   8.2500   8.2600   8.2600   8.2900   8.2900   8.2700   8.2800   8.2900   8.3000   8.3000   8.3100   8.3600   8.4000   8.4500   8.5400   0.0000   0.0000   0.0000   0.0000   0.0000;
298:  8.3000   8.2600   8.2600   8.2500   8.2600   8.2600   8.2900   8.2900   8.2700   8.2800   8.2900   8.3000   8.3100   8.3100   8.3600   8.4000   8.4600   8.5400   0.0000   0.0000   0.0000   0.0000   0.0000;
299:  8.3000   8.2700   8.2600   8.2600   8.2600   8.2600   8.2900   8.2900   8.2700   8.2800   8.2900   8.3000   8.3100   8.3100   8.3600   8.4000   8.4600   8.5400   0.0000   0.0000   0.0000   0.0000   0.0000;
300:  8.3000   8.2700   8.2600   8.2600   8.2600   8.2600   8.2900   8.2900   8.2700   8.2800   8.2900   8.3000   8.3100   8.3200   8.3600   8.4100   8.4600   8.5400   0.0000   0.0000   0.0000   0.0000   0.0000;
301:  8.3000   8.2700   8.2700   8.2600   8.2600   8.2700   8.2900   8.2900   8.2700   8.2800   8.2900   8.3000   8.3100   8.3200   8.3600   8.4100   8.4600   8.5400   0.0000   0.0000   0.0000   0.0000   0.0000;
302:  8.3000   8.2700   8.2700   8.2600   8.2600   8.2700   8.3000   8.2900   8.2700   8.2800   8.2900   8.3100   8.3100   8.3200   8.3600   8.4100   8.4600   8.5500   0.0000   0.0000   0.0000   0.0000   0.0000;
303:  8.3000   8.2700   8.2700   8.2600   8.2600   8.2700   8.3000   8.2900   8.2700   8.2800   8.3000   8.3100   8.3200   8.3200   8.3600   8.4200   8.4700   8.5500   0.0000   0.0000   0.0000   0.0000   0.0000;
304:  8.3000   8.2700   8.2700   8.2700   8.2700   8.2700   8.3000   8.3000   8.2800   8.2800   8.3000   8.3100   8.3200   8.3200   8.3700   8.4200   8.4700   8.5500   0.0000   0.0000   0.0000   0.0000   0.0000;
305:  8.3100   8.2800   8.2700   8.2700   8.2700   8.2700   8.3000   8.3000   8.2800   8.2800   8.3000   8.3100   8.3200   8.3300   8.3700   8.4200   8.4700   8.5500   0.0000   0.0000   0.0000   0.0000   0.0000;
306:  8.3100   8.2800   8.2700   8.2700   8.2700   8.2700   8.3000   8.3000   8.2800   8.2800   8.3000   8.3100   8.3200   8.3300   8.3700   8.4200   8.4700   8.5600   0.0000   0.0000   0.0000   0.0000   0.0000;
307:  8.3100   8.2800   8.2800   8.2700   8.2700   8.2800   8.3000   8.3000   8.2800   8.2900   8.3000   8.3100   8.3300   8.3300   8.3700   8.4300   8.4800   8.5600   0.0000   0.0000   0.0000   0.0000   0.0000;
308:  8.3100   8.2800   8.2800   8.2700   8.2700   8.2800   8.3100   8.3000   8.2800   8.2900   8.3000   8.3200   8.3300   8.3300   8.3700   8.4300   8.4800   8.5600   0.0000   0.0000   0.0000   0.0000   0.0000;
309:  8.3100   8.2800   8.2800   8.2800   8.2800   8.2800   8.3100   8.3000   8.2800   8.2900   8.3100   8.3200   8.3300   8.3400   8.3700   8.4300   8.4800   8.5600   0.0000   0.0000   0.0000   0.0000   0.0000;
310:  8.3200   8.2900   8.2800   8.2800   8.2800   8.2800   8.3100   8.3100   8.2900   8.2900   8.3100   8.3200   8.3300   8.3400   8.3700   8.4400   8.4900   8.5700   0.0000   0.0000   0.0000   0.0000   0.0000;
311:  8.3200   8.2900   8.2800   8.2800   8.2800   8.2800   8.3100   8.3100   8.2900   8.2900   8.3100   8.3200   8.3400   8.3400   8.3800   8.4400   8.4900   8.5700   0.0000   0.0000   0.0000   0.0000   0.0000;
312:  8.3200   8.2900   8.2900   8.2800   8.2800   8.2900   8.3100   8.3100   8.2900   8.3000   8.3100   8.3300   8.3400   8.3500   8.3800   8.4400   8.4900   8.5700   0.0000   0.0000   0.0000   0.0000   0.0000;
313:  8.3200   8.2900   8.2900   8.2900   8.2900   8.2900   8.3100   8.3100   8.2900   8.3000   8.3100   8.3300   8.3400   8.3500   8.3800   8.4500   8.5000   8.5800   0.0000   0.0000   0.0000   0.0000   0.0000;
314:  8.3200   8.3000   8.2900   8.2900   8.2900   8.2900   8.3200   8.3100   8.3000   8.3000   8.3200   8.3300   8.3500   8.3500   8.3800   8.4500   8.5000   8.5800   0.0000   0.0000   0.0000   0.0000   0.0000;
315:  8.3200   8.3000   8.2900   8.2900   8.2900   8.2900   8.3200   8.3200   8.3000   8.3000   8.3200   8.3300   8.3500   8.3600   8.3900   8.4500   8.5000   8.5800   0.0000   0.0000   0.0000   0.0000   0.0000;
316:  8.3200   8.3000   8.3000   8.3000   8.2900   8.3000   8.3200   8.3200   8.3000   8.3100   8.3200   8.3400   8.3500   8.3600   8.3900   8.4600   8.5100   8.5800   0.0000   0.0000   0.0000   0.0000   0.0000;
317:  8.3200   8.3000   8.3000   8.3000   8.3000   8.3000   8.3200   8.3200   8.3000   8.3100   8.3200   8.3400   8.3600   8.3700   8.3900   8.4600   8.5100   8.5900   0.0000   0.0000   0.0000   0.0000   0.0000;
318:  8.3300   8.3100   8.3000   8.3000   8.3000   8.3000   8.3200   8.3200   8.3100   8.3100   8.3300   8.3400   8.3600   8.3700   8.3900   8.4600   8.5100   8.5900   0.0000   0.0000   0.0000   0.0000   0.0000;
319:  8.3300   8.3100   8.3000   8.3000   8.3000   8.3000   8.3300   8.3200   8.3100   8.3100   8.3300   8.3500   8.3600   8.3700   8.4000   8.4700   8.5200   8.5900   8.7700   0.0000   0.0000   0.0000   0.0000;
320:  8.3300   8.3100   8.3100   8.3100   8.3100   8.3100   8.3300   8.3300   8.3100   8.3200   8.3300   8.3500   8.3700   8.3800   8.4000   8.4700   8.5200   8.6000   8.7600   0.0000   0.0000   0.0000   0.0000;
321:  8.3300   8.3100   8.3100   8.3100   8.3100   8.3100   8.3300   8.3300   8.3100   8.3200   8.3400   8.3500   8.3700   8.3800   8.4000   8.4700   8.5200   8.6000   8.7400   0.0000   0.0000   0.0000   0.0000;
322:  8.3300   8.3200   8.3100   8.3100   8.3100   8.3100   8.3300   8.3300   8.3200   8.3200   8.3400   8.3600   8.3700   8.3800   8.4100   8.4800   8.5300   8.6000   8.7400   9.0000   0.0000   0.0000   0.0000;
323:  8.3300   8.3200   8.3200   8.3200   8.3200   8.3200   8.3300   8.3300   8.3200   8.3300   8.3400   8.3600   8.3800   8.3900   8.4100   8.4800   8.5300   8.6000   8.7400   8.9900   0.0000   0.0000   0.0000;
324:  8.3300   8.3200   8.3200   8.3200   8.3200   8.3200   8.3400   8.3400   8.3200   8.3300   8.3500   8.3600   8.3800   8.3900   8.4100   8.4800   8.5300   8.6100   8.7400   8.9900   0.0000   0.0000   0.0000;
325:  8.3400   8.3300   8.3200   8.3200   8.3300   8.3200   8.3400   8.3400   8.3300   8.3300   8.3500   8.3700   8.3800   8.4000   8.4200   8.4800   8.5300   8.6100   8.7400   9.0000   0.0000   0.0000   0.0000;
326:  8.3400   8.3300   8.3200   8.3300   8.3300   8.3300   8.3400   8.3400   8.3300   8.3300   8.3500   8.3700   8.3900   8.4000   8.4200   8.4900   8.5400   8.6100   8.7500   9.0100   9.4800   0.0000   0.0000;
327:  8.3400   8.3300   8.3300   8.3300   8.3300   8.3300   8.3400   8.3500   8.3300   8.3400   8.3600   8.3700   8.3900   8.4000   8.4200   8.4900   8.5400   8.6200   8.7600   9.0200   9.4700   0.0000   0.0000;
328:  8.3400   8.3400   8.3300   8.3300   8.3400   8.3300   8.3500   8.3500   8.3300   8.3400   8.3600   8.3800   8.3900   8.4100   8.4300   8.4900   8.5400   8.6200   8.7700   9.0400   9.4600   0.0000   0.0000;
329:  8.3400   8.3400   8.3300   8.3400   8.3400   8.3400   8.3500   8.3500   8.3400   8.3400   8.3600   8.3800   8.4000   8.4100   8.4300   8.4900   8.5400   8.6200   8.7900   9.0600   9.4500   0.0000   0.0000;
330:  8.3400   8.3400   8.3400   8.3400   8.3400   8.3400   8.3500   8.3500   8.3400   8.3500   8.3700   8.3800   8.4000   8.4200   8.4300   8.5000   8.5500   8.6200   8.8000   9.0900   9.4500   0.0000   0.0000;
331:  8.3500   8.3500   8.3400   8.3400   8.3500   8.3400   8.3500   8.3600   8.3400   8.3500   8.3700   8.3900   8.4000   8.4200   8.4400   8.5000   8.5500   8.6300   8.8100   9.1100   9.4400   0.0000   0.0000;
332:  8.3500   8.3500   8.3400   8.3500   8.3500   8.3500   8.3600   8.3600   8.3500   8.3600   8.3700   8.3900   8.4100   8.4200   8.4400   8.5000   8.5500   8.6300   8.8200   9.1300   9.4400   0.0000   0.0000;
333:  8.3500   8.3500   8.3500   8.3500   8.3600   8.3500   8.3600   8.3600   8.3500   8.3600   8.3800   8.3900   8.4100   8.4300   8.4500   8.5000   8.5600   8.6300   8.8300   9.1500   9.4300   0.0000   0.0000;
334:  8.3600   8.3600   8.3500   8.3500   8.3600   8.3600   8.3600   8.3600   8.3500   8.3600   8.3800   8.4000   8.4100   8.4300   8.4500   8.5100   8.5600   8.6300   8.8300   9.1700   9.4300   0.0000   0.0000;
335:  8.3600   8.3600   8.3500   8.3600   8.3600   8.3600   8.3600   8.3700   8.3600   8.3700   8.3800   8.4000   8.4200   8.4300   8.4500   8.5100   8.5600   8.6400   8.8400   9.1800   9.4400   0.0000   0.0000;
336:  8.3600   8.3600   8.3600   8.3600   8.3700   8.3600   8.3700   8.3700   8.3600   8.3700   8.3900   8.4000   8.4200   8.4400   8.4600   8.5100   8.5600   8.6400   8.8400   9.1900   9.4400   0.0000   0.0000;
337:  8.3600   8.3700   8.3600   8.3600   8.3700   8.3700   8.3700   8.3700   8.3700   8.3700   8.3900   8.4100   8.4200   8.4400   8.4600   8.5100   8.5600   8.6400   8.8400   9.2000   9.4500   0.0000   0.0000;
338:  8.3600   8.3700   8.3600   8.3700   8.3800   8.3700   8.3700   8.3800   8.3700   8.3800   8.3900   8.4100   8.4300   8.4400   8.4600   8.5100   8.5700   8.6400   8.8300   9.2100   9.4600   0.0000   0.0000;
339:  8.3600   8.3700   8.3700   8.3700   8.3800   8.3700   8.3700   8.3800   8.3700   8.3800   8.4000   8.4100   8.4300   8.4500   8.4700   8.5200   8.5700   8.6500   8.8300   9.2100   9.4700   0.0000   0.0000;
340:  8.3700   8.3800   8.3700   8.3700   8.3800   8.3800   8.3800   8.3800   8.3800   8.3800   8.4000   8.4200   8.4300   8.4500   8.4700   8.5200   8.5700   8.6500   8.8200   9.2100   9.4800   0.0000   0.0000;
341:  8.3700   8.3800   8.3700   8.3700   8.3900   8.3800   8.3800   8.3800   8.3800   8.3900   8.4100   8.4200   8.4300   8.4500   8.4700   8.5200   8.5700   8.6500   8.8200   9.2100   9.5000   0.0000   0.0000;
342:  8.3700   8.3800   8.3800   8.3800   8.3900   8.3900   8.3800   8.3900   8.3800   8.3900   8.4100   8.4200   8.4400   8.4600   8.4800   8.5200   8.5800   8.6600   8.8200   9.2100   9.5100   0.0000   0.0000;
343:  8.3700   8.3900   8.3800   8.3800   8.3900   8.3900   8.3800   8.3900   8.3900   8.3900   8.4100   8.4300   8.4400   8.4600   8.4800   8.5200   8.5800   8.6600   8.8100   9.2000   9.5200   0.0000   0.0000;
344:  8.3700   8.3900   8.3800   8.3800   8.4000   8.3900   8.3900   8.3900   8.3900   8.4000   8.4200   8.4300   8.4400   8.4600   8.4900   8.5300   8.5800   8.6600   8.8100   9.2000   9.5300   0.0000   0.0000;
345:  8.3700   8.3900   8.3900   8.3900   8.4000   8.4000   8.3900   8.4000   8.3900   8.4000   8.4200   8.4300   8.4500   8.4700   8.4900   8.5300   8.5900   8.6600   8.8100   9.2000   9.5400   0.0000   0.0000;
346:  8.3800   8.4000   8.3900   8.3900   8.4000   8.4000   8.3900   8.4000   8.4000   8.4000   8.4200   8.4400   8.4500   8.4700   8.4900   8.5300   8.5900   8.6700   8.8200   9.1900   9.5500   0.0000   0.0000;
347:  8.3800   8.4000   8.3900   8.3900   8.4100   8.4000   8.3900   8.4000   8.4000   8.4100   8.4300   8.4400   8.4500   8.4700   8.5000   8.5300   8.5900   8.6700   8.8200   9.1900   9.5600   0.0000   0.0000;
348:  8.3800   8.4000   8.4000   8.3900   8.4100   8.4100   8.4000   8.4000   8.4000   8.4100   8.4300   8.4400   8.4500   8.4700   8.5000   8.5400   8.5900   8.6700   8.8300   9.1900   9.5700   0.0000   0.0000;
349:  8.3800   8.4000   8.4000   8.4000   8.4100   8.4100   8.4000   8.4100   8.4100   8.4100   8.4300   8.4500   8.4600   8.4800   8.5000   8.5400   8.6000   8.6800   8.8400   9.1900   9.5900   0.0000   0.0000;
350:  8.3800   8.4100   8.4000   8.4000   8.4200   8.4100   8.4000   8.4100   8.4100   8.4200   8.4400   8.4500   8.4600   8.4800   8.5100   8.5400   8.6000   8.6800   8.8500   9.1800   9.6100   0.0000   0.0000;
351:  8.3800   8.4100   8.4100   8.4000   8.4200   8.4200   8.4000   8.4100   8.4100   8.4200   8.4400   8.4500   8.4600   8.4800   8.5100   8.5400   8.6000   8.6900   8.8600   9.1800   9.6200   0.0000   0.0000;
352:  8.3800   8.4100   8.4100   8.4000   8.4200   8.4200   8.4100   8.4100   8.4100   8.4200   8.4400   8.4600   8.4700   8.4800   8.5100   8.5500   8.6100   8.6900   8.8700   9.1800   9.6400   0.0000   0.0000;
353:  8.3900   8.4200   8.4100   8.4100   8.4300   8.4200   8.4100   8.4200   8.4200   8.4300   8.4400   8.4600   8.4700   8.4900   8.5200   8.5500   8.6100   8.6900   8.8800   9.1800   9.6600   0.0000   0.0000;
354:  8.3900   8.4200   8.4100   8.4100   8.4300   8.4300   8.4100   8.4200   8.4200   8.4300   8.4500   8.4600   8.4700   8.4900   8.5200   8.5500   8.6100   8.7000   8.8900   9.1800   9.6800   0.0000   0.0000;
355:  8.3900   8.4200   8.4200   8.4100   8.4300   8.4300   8.4100   8.4200   8.4200   8.4300   8.4500   8.4600   8.4700   8.4900   8.5200   8.5500   8.6200   8.7000   8.8900   9.1800   9.7000   0.0000   0.0000;
356:  8.3900   8.4200   8.4200   8.4100   8.4300   8.4300   8.4200   8.4200   8.4300   8.4300   8.4500   8.4700   8.4800   8.4900   8.5300   8.5600   8.6200   8.7100   8.9000   9.1800   9.7100   0.0000   0.0000;
357:  8.4000   8.4300   8.4200   8.4100   8.4400   8.4300   8.4200   8.4300   8.4300   8.4400   8.4600   8.4700   8.4800   8.5000   8.5300   8.5600   8.6200   8.7100   8.9000   9.1800   9.7200   0.0000   0.0000;
358:  8.4000   8.4300   8.4200   8.4200   8.4400   8.4400   8.4200   8.4300   8.4300   8.4400   8.4600   8.4700   8.4800   8.5000   8.5300   8.5600   8.6300   8.7100   8.9000   9.1800   9.7300   0.0000   0.0000;
359:  8.4000   8.4300   8.4300   8.4200   8.4400   8.4400   8.4200   8.4300   8.4300   8.4400   8.4600   8.4700   8.4800   8.5000   8.5400   8.5700   8.6300   8.7200   8.9100   9.1800   9.7300   0.0000   0.0000;
