C:\RK-3\Data\PA000001\RA0000010009R.DAT;
000:  7.9000   7.9200   7.9300   7.9300   7.9400   7.9200   7.9200   7.9400   7.9300   7.9600   8.0500   8.1400   8.2400   8.4200   8.3700   8.3500   8.5200   8.3400   0.0000   0.0000   0.0000   0.0000   0.0000;
001:  7.9000   7.9200   7.9300   7.9300   7.9400   7.9200   7.9200   7.9400   7.9400   7.9700   8.0500   8.1400   8.2500   8.4300   8.3600   8.3500   8.5100   8.3400   0.0000   0.0000   0.0000   0.0000   0.0000;
002:  7.9000   7.9200   7.9300   7.9200   7.9400   7.9200   7.9200   7.9500   7.9400   7.9700   8.0600   8.1500   8.2600   8.4300   8.3500   8.3400   8.5000   8.3400   0.0000   0.0000   0.0000   0.0000   0.0000;
003:  7.9000   7.9200   7.9200   7.9200   7.9400   7.9200   7.9200   7.9500   7.9500   7.9800   8.0600   8.1500   8.2600   8.4400   8.3400   8.3300   8.4800   8.3400   0.0000   0.0000   0.0000   0.0000   0.0000;
004:  7.9000   7.9200   7.9200   7.9200   7.9400   7.9200   7.9300   7.9500   7.9500   7.9800   8.0700   8.1600   8.2700   8.4400   8.3300   8.3200   8.4700   8.3400   0.0000   0.0000   0.0000   0.0000   0.0000;
005:  7.9000   7.9100   7.9200   7.9200   7.9400   7.9200   7.9300   7.9600   7.9600   7.9900   8.0800   8.1700   8.2800   8.4500   8.3200   8.3100   8.4500   8.3400   0.0000   0.0000   0.0000   0.0000   0.0000;
006:  7.9000   7.9100   7.9200   7.9200   7.9400   7.9200   7.9300   7.9600   7.9600   7.9900   8.0800   8.1700   8.2800   8.4600   8.3200   8.3000   8.4400   8.3400   0.0000   0.0000   0.0000   0.0000   0.0000;
007:  7.9000   7.9100   7.9200   7.9200   7.9400   7.9200   7.9300   7.9700   7.9700   8.0000   8.0900   8.1800   8.2900   8.4600   8.3100   8.2900   8.4200   8.3400   0.0000   0.0000   0.0000   0.0000   0.0000;
008:  7.9000   7.9100   7.9200   7.9200   7.9400   7.9300   7.9400   7.9700   7.9700   8.0000   8.0900   8.1800   8.2900   8.4700   8.3000   8.2800   8.4100   8.3400   0.0000   0.0000   0.0000   0.0000   0.0000;
009:  7.9000   7.9100   7.9200   7.9200   7.9400   7.9300   7.9400   7.9700   7.9800   8.0100   8.1000   8.1900   8.3000   8.4700   8.2900   8.2800   8.3900   8.3400   0.0000   0.0000   0.0000   0.0000   0.0000;
010:  7.9000   7.9100   7.9200   7.9200   7.9400   7.9300   7.9400   7.9800   7.9800   8.0200   8.1000   8.1900   8.3100   8.4800   8.2800   8.2700   8.3800   8.3400   0.0000   0.0000   0.0000   0.0000   0.0000;
011:  7.9000   7.9100   7.9200   7.9200   7.9400   7.9300   7.9500   7.9800   7.9900   8.0200   8.1100   8.2000   8.3100   8.4800   8.2700   8.2600   8.3600   8.3400   0.0000   0.0000   0.0000   0.0000   0.0000;
012:  7.8900   7.9000   7.9200   7.9200   7.9400   7.9300   7.9500   7.9900   7.9900   8.0300   8.1200   8.2100   8.3200   8.4900   8.2600   8.2500   8.3500   8.3400   0.0000   0.0000   0.0000   0.0000   0.0000;
013:  7.8900   7.9000   7.9100   7.9200   7.9400   7.9300   7.9500   7.9900   8.0000   8.0400   8.1200   8.2100   8.3300   8.4900   8.2500   8.2400   8.3300   8.3400   0.0000   0.0000   0.0000   0.0000   0.0000;
014:  7.8900   7.9000   7.9100   7.9200   7.9400   7.9400   7.9600   8.0000   8.0100   8.0400   8.1300   8.2200   8.3300   8.5000   8.2400   8.2300   8.3200   8.3400   0.0000   0.0000   0.0000   0.0000   0.0000;
015:  7.8900   7.9000   7.9100   7.9200   7.9400   7.9400   7.9600   8.0000   8.0100   8.0500   8.1300   8.2200   8.3400   8.5000   8.2300   8.2200   8.3000   8.3400   0.0000   0.0000   0.0000   0.0000   0.0000;
016:  7.8900   7.9000   7.9100   7.9100   7.9400   7.9400   7.9600   8.0000   8.0200   8.0600   8.1400   8.2300   8.3500   8.5100   8.2200   8.2100   8.2900   8.3400   0.0000   0.0000   0.0000   0.0000   0.0000;
017:  7.8900   7.9000   7.9100   7.9100   7.9400   7.9400   7.9700   8.0100   8.0200   8.0600   8.1500   8.2300   8.3500   8.5100   8.2100   8.2100   8.2800   8.3400   0.0000   0.0000   0.0000   0.0000   0.0000;
018:  7.8900   7.8900   7.9100   7.9100   7.9400   7.9400   7.9700   8.0100   8.0300   8.0700   8.1500   8.2400   8.3600   8.5200   8.2000   8.2000   8.2600   8.3400   0.0000   0.0000   0.0000   0.0000   0.0000;
019:  7.8900   7.8900   7.9100   7.9100   7.9400   7.9500   7.9700   8.0200   8.0400   8.0800   8.1600   8.2400   8.3600   8.5200   8.1900   8.1900   8.2500   8.3400   0.0000   0.0000   0.0000   0.0000   0.0000;
020:  7.8900   7.8900   7.9100   7.9100   7.9400   7.9500   7.9800   8.0200   8.0400   8.0900   8.1600   8.2500   8.3700   8.5300   8.1800   8.1800   8.2400   8.3400   0.0000   0.0000   0.0000   0.0000   0.0000;
021:  7.8900   7.8900   7.9100   7.9100   7.9400   7.9500   7.9800   8.0200   8.0500   8.0900   8.1700   8.2600   8.3700   8.5300   8.1700   8.1700   8.2300   8.3400   0.0000   0.0000   0.0000   0.0000   0.0000;
022:  7.8900   7.8900   7.9000   7.9100   7.9400   7.9500   7.9900   8.0300   8.0500   8.1000   8.1800   8.2600   8.3800   8.5300   8.1600   8.1700   8.2200   8.3400   0.0000   0.0000   0.0000   0.0000   0.0000;
023:  7.8900   7.8900   7.9000   7.9100   7.9400   7.9600   7.9900   8.0300   8.0600   8.1100   8.1800   8.2600   8.3900   8.5400   8.1600   8.1600   8.2100   8.3400   0.0000   0.0000   0.0000   0.0000   0.0000;
024:  7.8800   7.8800   7.9000   7.9100   7.9400   7.9600   7.9900   8.0400   8.0600   8.1100   8.1900   8.2700   8.3900   8.5400   8.1500   8.1500   8.2000   8.3400   0.0000   0.0000   0.0000   0.0000   0.0000;
025:  7.8800   7.8800   7.9000   7.9100   7.9500   7.9600   8.0000   8.0400   8.0700   8.1200   8.1900   8.2700   8.4000   8.5400   8.1400   8.1500   8.1900   8.3400   0.0000   0.0000   0.0000   0.0000   0.0000;
026:  7.8800   7.8800   7.9000   7.9100   7.9500   7.9700   8.0000   8.0400   8.0800   8.1300   8.2000   8.2800   8.4000   8.5500   8.1300   8.1400   8.1800   8.3400   0.0000   0.0000   0.0000   0.0000   0.0000;
027:  7.8800   7.8800   7.9000   7.9100   7.9500   7.9700   8.0100   8.0500   8.0800   8.1300   8.2000   8.2800   8.4100   8.5500   8.1300   8.1300   8.1700   8.3400   0.0000   0.0000   0.0000   0.0000   0.0000;
028:  7.8800   7.8800   7.9000   7.9100   7.9500   7.9700   8.0100   8.0500   8.0900   8.1400   8.2100   8.2900   8.4100   8.5500   8.1200   8.1300   8.1600   8.3400   0.0000   0.0000   0.0000   0.0000   0.0000;
029:  7.8800   7.8800   7.9000   7.9000   7.9500   7.9800   8.0200   8.0500   8.0900   8.1500   8.2100   8.2900   8.4200   8.5600   8.1100   8.1200   8.1500   8.3400   0.0000   0.0000   0.0000   0.0000   0.0000;
030:  7.8800   7.8800   7.9000   7.9000   7.9500   7.9800   8.0200   8.0600   8.1000   8.1500   8.2200   8.2900   8.4200   8.5600   8.1100   8.1200   8.1500   8.3400   0.0000   0.0000   0.0000   0.0000   0.0000;
031:  7.8700   7.8700   7.9000   7.9000   7.9500   7.9800   8.0200   8.0600   8.1000   8.1600   8.2200   8.3000   8.4200   8.5600   8.1000   8.1100   8.1400   8.3400   0.0000   0.0000   0.0000   0.0000   0.0000;
032:  7.8700   7.8700   7.8900   7.9000   7.9500   7.9900   8.0300   8.0600   8.1100   8.1600   8.2300   8.3000   8.4300   8.5600   8.1000   8.1100   8.1400   8.3400   0.0000   0.0000   0.0000   0.0000   0.0000;
033:  7.8700   7.8700   7.8900   7.9000   7.9500   7.9900   8.0300   8.0700   8.1100   8.1700   8.2300   8.3000   8.4300   8.5600   8.0900   8.1100   8.1300   8.3400   0.0000   0.0000   0.0000   0.0000   0.0000;
034:  7.8700   7.8700   7.8900   7.9000   7.9500   7.9900   8.0400   8.0700   8.1200   8.1800   8.2300   8.3100   8.4300   8.5700   8.0900   8.1000   8.1300   8.3400   0.0000   0.0000   0.0000   0.0000   0.0000;
035:  7.8700   7.8700   7.8900   7.9000   7.9500   8.0000   8.0400   8.0700   8.1200   8.1800   8.2400   8.3100   8.4400   8.5700   8.0800   8.1000   8.1300   8.3400   0.0000   0.0000   0.0000   0.0000   0.0000;
036:  7.8700   7.8700   7.8900   7.9000   7.9500   8.0000   8.0500   8.0700   8.1300   8.1900   8.2400   8.3100   8.4400   8.5700   8.0800   8.1000   8.1200   8.3400   0.0000   0.0000   0.0000   0.0000   0.0000;
037:  7.8700   7.8700   7.8900   7.9000   7.9500   8.0000   8.0500   8.0700   8.1300   8.1900   8.2500   8.3100   8.4400   8.5700   8.0700   8.1000   8.1200   8.3400   0.0000   0.0000   0.0000   0.0000   0.0000;
038:  7.8700   7.8700   7.8900   7.9000   7.9500   8.0100   8.0500   8.0800   8.1300   8.2000   8.2500   8.3200   8.4500   8.5700   8.0700   8.0900   8.1200   8.3400   0.0000   0.0000   0.0000   0.0000   0.0000;
039:  7.8700   7.8600   7.8900   7.9000   7.9500   8.0100   8.0600   8.0800   8.1400   8.2000   8.2500   8.3200   8.4500   8.5700   8.0700   8.0900   8.1200   8.3400   0.0000   0.0000   0.0000   0.0000   0.0000;
040:  7.8700   7.8600   7.8900   7.9000   7.9500   8.0100   8.0600   8.0800   8.1400   8.2000   8.2500   8.3200   8.4500   8.5700   8.0700   8.0900   8.1200   8.3400   0.0000   0.0000   0.0000   0.0000   0.0000;
041:  7.8700   7.8600   7.8900   7.9000   7.9600   8.0200   8.0600   8.0800   8.1500   8.2100   8.2600   8.3200   8.4500   8.5800   8.0700   8.0900   8.1200   8.3400   0.0000   0.0000   0.0000   0.0000   0.0000;
042:  7.8700   7.8600   7.8900   7.9000   7.9600   8.0200   8.0700   8.0800   8.1500   8.2100   8.2600   8.3200   8.4600   8.5800   8.0600   8.0900   8.1200   8.3400   0.0000   0.0000   0.0000   0.0000   0.0000;
043:  7.8700   7.8600   7.8900   7.9000   7.9600   8.0200   8.0700   8.0800   8.1500   8.2100   8.2600   8.3200   8.4600   8.5800   8.0600   8.0900   8.1300   8.3400   0.0000   0.0000   0.0000   0.0000   0.0000;
044:  7.8700   7.8600   7.8900   7.9000   7.9600   8.0300   8.0700   8.0800   8.1500   8.2200   8.2600   8.3300   8.4600   8.5800   8.0600   8.0900   8.1300   8.3400   0.0000   0.0000   0.0000   0.0000   0.0000;
045:  7.8700   7.8600   7.8900   7.9000   7.9600   8.0300   8.0800   8.0800   8.1600   8.2200   8.2600   8.3300   8.4600   8.5800   8.0600   8.0900   8.1300   8.3400   0.0000   0.0000   0.0000   0.0000   0.0000;
046:  7.8700   7.8600   7.8900   7.9100   7.9600   8.0300   8.0800   8.0800   8.1600   8.2200   8.2700   8.3300   8.4600   8.5800   8.0600   8.0900   8.1300   8.3400   0.0000   0.0000   0.0000   0.0000   0.0000;
047:  7.8700   7.8600   7.8900   7.9100   7.9600   8.0300   8.0800   8.0800   8.1600   8.2300   8.2700   8.3300   8.4600   8.5800   8.0600   8.0900   8.1400   8.3400   0.0000   0.0000   0.0000   0.0000   0.0000;
048:  7.8700   7.8600   7.8900   7.9100   7.9600   8.0400   8.0800   8.0800   8.1600   8.2300   8.2700   8.3300   8.4600   8.5800   8.0700   8.0900   8.1400   8.3400   0.0000   0.0000   0.0000   0.0000   0.0000;
049:  7.8700   7.8600   7.8900   7.9100   7.9600   8.0400   8.0800   8.0800   8.1700   8.2300   8.2700   8.3300   8.4600   8.5800   8.0700   8.1000   8.1500   8.3400   0.0000   0.0000   0.0000   0.0000   0.0000;
050:  7.8700   7.8600   7.8900   7.9100   7.9700   8.0400   8.0900   8.0800   8.1700   8.2300   8.2700   8.3300   8.4600   8.5800   8.0700   8.1000   8.1500   8.3400   0.0000   0.0000   0.0000   0.0000   0.0000;
051:  7.8700   7.8600   7.8900   7.9100   7.9700   8.0400   8.0900   8.0800   8.1700   8.2300   8.2700   8.3300   8.4600   8.5800   8.0700   8.1000   8.1500   8.3400   0.0000   0.0000   0.0000   0.0000   0.0000;
052:  7.8700   7.8600   7.8900   7.9100   7.9700   8.0500   8.0900   8.0800   8.1700   8.2400   8.2700   8.3200   8.4600   8.5700   8.0700   8.1000   8.1600   8.3400   0.0000   0.0000   0.0000   0.0000   0.0000;
053:  7.8700   7.8600   7.8900   7.9100   7.9700   8.0500   8.0900   8.0800   8.1700   8.2400   8.2700   8.3200   8.4600   8.5700   8.0700   8.1000   8.1600   8.3400   0.0000   0.0000   0.0000   0.0000   0.0000;
054:  7.8700   7.8600   7.8900   7.9100   7.9700   8.0500   8.0900   8.0800   8.1700   8.2400   8.2700   8.3200   8.4600   8.5700   8.0800   8.1100   8.1700   8.3400   0.0000   0.0000   0.0000   0.0000   0.0000;
055:  7.8700   7.8600   7.8900   7.9100   7.9700   8.0500   8.0900   8.0700   8.1700   8.2400   8.2700   8.3200   8.4600   8.5700   8.0800   8.1100   8.1800   8.3400   0.0000   0.0000   0.0000   0.0000   0.0000;
056:  7.8700   7.8600   7.8900   7.9100   7.9800   8.0500   8.0900   8.0700   8.1700   8.2400   8.2700   8.3200   8.4600   8.5700   8.0800   8.1100   8.1800   8.3400   0.0000   0.0000   0.0000   0.0000   0.0000;
057:  7.8700   7.8600   7.8900   7.9200   7.9800   8.0500   8.0900   8.0700   8.1700   8.2400   8.2700   8.3200   8.4600   8.5700   8.0900   8.1200   8.1900   8.3400   0.0000   0.0000   0.0000   0.0000   0.0000;
058:  7.8700   7.8600   7.8900   7.9200   7.9800   8.0600   8.0900   8.0700   8.1700   8.2400   8.2700   8.3200   8.4500   8.5700   8.0900   8.1200   8.1900   8.3400   0.0000   0.0000   0.0000   0.0000   0.0000;
059:  7.8700   7.8600   7.8900   7.9200   7.9800   8.0600   8.0900   8.0700   8.1700   8.2400   8.2700   8.3200   8.4500   8.5700   8.0900   8.1200   8.2000   8.3400   0.0000   0.0000   0.0000   0.0000   0.0000;
060:  7.8700   7.8600   7.8900   7.9200   7.9800   8.0600   8.0900   8.0600   8.1800   8.2400   8.2700   8.3100   8.4500   8.5600   8.1000   8.1300   8.2000   8.3400   0.0000   0.0000   0.0000   0.0000   0.0000;
061:  7.8700   7.8600   7.8900   7.9200   7.9800   8.0600   8.0900   8.0600   8.1800   8.2400   8.2600   8.3100   8.4500   8.5600   8.1000   8.1300   8.2100   8.3400   0.0000   0.0000   0.0000   0.0000   0.0000;
062:  7.8700   7.8600   7.8900   7.9200   7.9900   8.0600   8.0900   8.0600   8.1700   8.2400   8.2600   8.3100   8.4500   8.5600   8.1000   8.1300   8.2200   8.3400   0.0000   0.0000   0.0000   0.0000   0.0000;
063:  7.8700   7.8600   7.8900   7.9200   7.9900   8.0600   8.0900   8.0500   8.1700   8.2400   8.2600   8.3100   8.4500   8.5600   8.1100   8.1400   8.2200   8.3400   0.0000   0.0000   0.0000   0.0000   0.0000;
064:  7.8700   7.8600   7.8900   7.9200   7.9900   8.0600   8.0800   8.0500   8.1700   8.2400   8.2600   8.3100   8.4400   8.5600   8.1100   8.1400   8.2300   8.3400   0.0000   0.0000   0.0000   0.0000   0.0000;
065:  7.8700   7.8600   7.8900   7.9300   7.9900   8.0600   8.0800   8.0500   8.1700   8.2400   8.2600   8.3100   8.4400   8.5600   8.1100   8.1400   8.2300   8.3400   0.0000   0.0000   0.0000   0.0000   0.0000;
066:  7.8700   7.8600   7.9000   7.9300   7.9900   8.0600   8.0800   8.0500   8.1700   8.2300   8.2600   8.3000   8.4400   8.5500   8.1200   8.1400   8.2400   8.3400   0.0000   0.0000   0.0000   0.0000   0.0000;
067:  7.8700   7.8600   7.9000   7.9300   7.9900   8.0600   8.0800   8.0400   8.1700   8.2300   8.2600   8.3000   8.4400   8.5500   8.1200   8.1500   8.2400   8.3400   0.0000   0.0000   0.0000   0.0000   0.0000;
068:  7.8700   7.8600   7.9000   7.9300   8.0000   8.0600   8.0800   8.0400   8.1700   8.2300   8.2500   8.3000   8.4300   8.5500   8.1300   8.1500   8.2400   8.3400   0.0000   0.0000   0.0000   0.0000   0.0000;
069:  7.8700   7.8600   7.9000   7.9300   8.0000   8.0600   8.0700   8.0400   8.1700   8.2300   8.2500   8.3000   8.4300   8.5500   8.1300   8.1500   8.2500   8.3400   0.0000   0.0000   0.0000   0.0000   0.0000;
070:  7.8700   7.8600   7.9000   7.9300   8.0000   8.0600   8.0700   8.0300   8.1700   8.2300   8.2500   8.3000   8.4300   8.5500   8.1300   8.1600   8.2500   8.3400   0.0000   0.0000   0.0000   0.0000   0.0000;
071:  7.8700   7.8600   7.9000   7.9300   8.0000   8.0600   8.0700   8.0300   8.1700   8.2300   8.2500   8.2900   8.4300   8.5500   8.1300   8.1600   8.2600   8.3400   0.0000   0.0000   0.0000   0.0000   0.0000;
072:  7.8700   7.8600   7.9000   7.9400   8.0000   8.0600   8.0600   8.0300   8.1700   8.2300   8.2500   8.2900   8.4300   8.5400   8.1400   8.1600   8.2600   8.3400   0.0000   0.0000   0.0000   0.0000   0.0000;
073:  7.8700   7.8600   7.9000   7.9400   8.0100   8.0500   8.0600   8.0200   8.1700   8.2300   8.2500   8.2900   8.4200   8.5400   8.1400   8.1600   8.2600   8.3400   0.0000   0.0000   0.0000   0.0000   0.0000;
074:  7.8700   7.8600   7.9000   7.9400   8.0100   8.0500   8.0600   8.0200   8.1700   8.2300   8.2400   8.2900   8.4200   8.5400   8.1400   8.1600   8.2600   8.3400   0.0000   0.0000   0.0000   0.0000   0.0000;
075:  7.8700   7.8600   7.9000   7.9400   8.0100   8.0500   8.0500   8.0200   8.1700   8.2200   8.2400   8.2900   8.4200   8.5400   8.1500   8.1700   8.2700   8.3400   0.0000   0.0000   0.0000   0.0000   0.0000;
076:  7.8700   7.8600   7.9000   7.9400   8.0100   8.0500   8.0500   8.0100   8.1700   8.2200   8.2400   8.2900   8.4200   8.5400   8.1500   8.1700   8.2700   8.3400   0.0000   0.0000   0.0000   0.0000   0.0000;
077:  7.8700   7.8600   7.9000   7.9400   8.0100   8.0500   8.0400   8.0100   8.1700   8.2200   8.2400   8.2800   8.4100   8.5300   8.1500   8.1700   8.2700   8.3400   0.0000   0.0000   0.0000   0.0000   0.0000;
078:  7.8700   7.8600   7.9100   7.9400   8.0100   8.0500   8.0400   8.0100   8.1700   8.2200   8.2400   8.2800   8.4100   8.5300   8.1500   8.1700   8.2700   8.3400   0.0000   0.0000   0.0000   0.0000   0.0000;
079:  7.8700   7.8600   7.9100   7.9400   8.0100   8.0400   8.0400   8.0000   8.1700   8.2200   8.2400   8.2800   8.4100   8.5300   8.1500   8.1700   8.2700   8.3400   0.0000   0.0000   0.0000   0.0000   0.0000;
080:  7.8700   7.8700   7.9100   7.9500   8.0200   8.0400   8.0300   8.0000   8.1700   8.2200   8.2400   8.2800   8.4100   8.5300   8.1500   8.1700   8.2700   8.3400   0.0000   0.0000   0.0000   0.0000   0.0000;
081:  7.8700   7.8700   7.9100   7.9500   8.0200   8.0400   8.0300   8.0000   8.1700   8.2200   8.2300   8.2800   8.4100   8.5300   8.1600   8.1700   8.2700   8.3400   0.0000   0.0000   0.0000   0.0000   0.0000;
082:  7.8700   7.8700   7.9100   7.9500   8.0200   8.0400   8.0200   8.0000   8.1600   8.2200   8.2300   8.2800   8.4100   8.5300   8.1600   8.1700   8.2700   8.3400   0.0000   0.0000   0.0000   0.0000   0.0000;
083:  7.8700   7.8700   7.9100   7.9500   8.0200   8.0400   8.0200   7.9900   8.1600   8.2200   8.2300   8.2800   8.4000   8.5300   8.1600   8.1700   8.2700   8.3400   0.0000   0.0000   0.0000   0.0000   0.0000;
084:  7.8700   7.8700   7.9100   7.9500   8.0200   8.0300   8.0200   7.9900   8.1600   8.2200   8.2300   8.2800   8.4000   8.5300   8.1600   8.1700   8.2700   8.3400   0.0000   0.0000   0.0000   0.0000   0.0000;
085:  7.8700   7.8700   7.9100   7.9500   8.0200   8.0300   8.0100   7.9900   8.1600   8.2200   8.2300   8.2800   8.4000   8.5200   8.1600   8.1700   8.2600   8.3400   0.0000   0.0000   0.0000   0.0000   0.0000;
086:  7.8700   7.8700   7.9100   7.9500   8.0200   8.0300   8.0100   7.9900   8.1600   8.2200   8.2300   8.2800   8.4000   8.5200   8.1600   8.1700   8.2600   8.3400   0.0000   0.0000   0.0000   0.0000   0.0000;
087:  7.8700   7.8700   7.9100   7.9500   8.0200   8.0300   8.0000   7.9800   8.1600   8.2200   8.2300   8.2800   8.4000   8.5200   8.1600   8.1700   8.2600   8.3400   0.0000   0.0000   0.0000   0.0000   0.0000;
088:  7.8700   7.8700   7.9100   7.9600   8.0200   8.0200   8.0000   7.9800   8.1600   8.2200   8.2300   8.2800   8.4000   8.5200   8.1600   8.1700   8.2600   8.3400   0.0000   0.0000   0.0000   0.0000   0.0000;
089:  7.8700   7.8700   7.9100   7.9600   8.0300   8.0200   8.0000   7.9800   8.1600   8.2200   8.2300   8.2800   8.4000   8.5200   8.1600   8.1700   8.2500   8.3400   0.0000   0.0000   0.0000   0.0000   0.0000;
090:  7.8700   7.8700   7.9100   7.9600   8.0300   8.0200   7.9900   7.9800   8.1700   8.2200   8.2300   8.2800   8.4000   8.5200   8.1500   8.1700   8.2500   8.3400   0.0000   0.0000   0.0000   0.0000   0.0000;
091:  7.8700   7.8700   7.9200   7.9600   8.0300   8.0100   7.9900   7.9800   8.1700   8.2200   8.2300   8.2800   8.4000   8.5200   8.1500   8.1700   8.2500   8.3400   0.0000   0.0000   0.0000   0.0000   0.0000;
092:  7.8700   7.8700   7.9200   7.9600   8.0300   8.0100   7.9800   7.9800   8.1700   8.2200   8.2300   8.2800   8.4000   8.5200   8.1500   8.1700   8.2400   8.3400   0.0000   0.0000   0.0000   0.0000   0.0000;
093:  7.8700   7.8700   7.9200   7.9600   8.0300   8.0100   7.9800   7.9800   8.1700   8.2200   8.2300   8.2800   8.4000   8.5200   8.1500   8.1600   8.2400   8.3400   0.0000   0.0000   0.0000   0.0000   0.0000;
094:  7.8700   7.8700   7.9200   7.9600   8.0300   8.0100   7.9800   7.9700   8.1700   8.2200   8.2300   8.2800   8.4000   8.5200   8.1500   8.1600   8.2400   8.3400   0.0000   0.0000   0.0000   0.0000   0.0000;
095:  7.8700   7.8700   7.9200   7.9600   8.0300   8.0000   7.9700   7.9700   8.1700   8.2200   8.2300   8.2800   8.4000   8.5200   8.1500   8.1600   8.2300   8.3400   0.0000   0.0000   0.0000   0.0000   0.0000;
096:  7.8700   7.8700   7.9200   7.9600   8.0300   8.0000   7.9700   7.9700   8.1700   8.2200   8.2300   8.2800   8.4000   8.5200   8.1400   8.1600   8.2300   8.3400   0.0000   0.0000   0.0000   0.0000   0.0000;
097:  7.8800   7.8800   7.9200   7.9600   8.0300   8.0000   7.9700   7.9700   8.1700   8.2200   8.2300   8.2800   8.4000   8.5300   8.1400   8.1600   8.2200   8.3400   0.0000   0.0000   0.0000   0.0000   0.0000;
098:  7.8800   7.8800   7.9200   7.9600   8.0300   8.0000   7.9600   7.9700   8.1700   8.2200   8.2400   8.2800   8.4100   8.5300   8.1400   8.1500   8.2200   8.3400   0.0000   0.0000   0.0000   0.0000   0.0000;
099:  7.8800   7.8800   7.9200   7.9600   8.0300   7.9900   7.9600   7.9700   8.1700   8.2300   8.2400   8.2900   8.4100   8.5300   8.1400   8.1500   8.2200   8.3400   0.0000   0.0000   0.0000   0.0000   0.0000;
100:  7.8800   7.8800   7.9200   7.9600   8.0300   7.9900   7.9600   7.9700   8.1700   8.2300   8.2400   8.2900   8.4100   8.5300   8.1300   8.1500   8.2100   8.3400   0.0000   0.0000   0.0000   0.0000   0.0000;
101:  7.8800   7.8800   7.9200   7.9600   8.0300   7.9900   7.9600   7.9700   8.1700   8.2300   8.2400   8.2900   8.4100   8.5300   8.1300   8.1500   8.2100   8.3400   0.0000   0.0000   0.0000   0.0000   0.0000;
102:  7.8800   7.8800   7.9200   7.9600   8.0300   7.9900   7.9500   7.9700   8.1700   8.2300   8.2400   8.2900   8.4100   8.5300   8.1300   8.1400   8.2000   8.3400   0.0000   0.0000   0.0000   0.0000   0.0000;
103:  7.8800   7.8800   7.9200   7.9700   8.0300   7.9800   7.9500   7.9700   8.1700   8.2300   8.2400   8.2900   8.4100   8.5300   8.1300   8.1400   8.2000   8.3400   0.0000   0.0000   0.0000   0.0000   0.0000;
104:  7.8800   7.8800   7.9200   7.9700   8.0300   7.9800   7.9500   7.9700   8.1800   8.2300   8.2400   8.3000   8.4200   8.5400   8.1200   8.1400   8.1900   8.3400   0.0000   0.0000   0.0000   0.0000   0.0000;
105:  7.8800   7.8800   7.9200   7.9700   8.0300   7.9800   7.9500   7.9700   8.1800   8.2300   8.2500   8.3000   8.4200   8.5400   8.1200   8.1400   8.1900   8.3400   0.0000   0.0000   0.0000   0.0000   0.0000;
106:  7.8800   7.8800   7.9200   7.9700   8.0300   7.9800   7.9500   7.9800   8.1800   8.2400   8.2500   8.3000   8.4200   8.5400   8.1200   8.1300   8.1900   8.3400   0.0000   0.0000   0.0000   0.0000   0.0000;
107:  7.8800   7.8800   7.9200   7.9700   8.0300   7.9800   7.9400   7.9800   8.1800   8.2400   8.2500   8.3000   8.4200   8.5400   8.1200   8.1300   8.1800   8.3400   0.0000   0.0000   0.0000   0.0000   0.0000;
108:  7.8800   7.8800   7.9200   7.9700   8.0300   7.9700   7.9400   7.9800   8.1800   8.2400   8.2500   8.3000   8.4300   8.5400   8.1100   8.1300   8.1800   8.3400   0.0000   0.0000   0.0000   0.0000   0.0000;
109:  7.8800   7.8800   7.9300   7.9700   8.0300   7.9700   7.9400   7.9800   8.1800   8.2400   8.2500   8.3100   8.4300   8.5500   8.1100   8.1300   8.1800   8.3400   0.0000   0.0000   0.0000   0.0000   0.0000;
110:  7.8800   7.8800   7.9300   7.9700   8.0300   7.9700   7.9400   7.9800   8.1800   8.2400   8.2600   8.3100   8.4300   8.5500   8.1100   8.1300   8.1700   8.3400   0.0000   0.0000   0.0000   0.0000   0.0000;
111:  7.8800   7.8800   7.9300   7.9700   8.0200   7.9700   7.9400   7.9800   8.1800   8.2400   8.2600   8.3100   8.4300   8.5500   8.1100   8.1200   8.1700   8.3400   0.0000   0.0000   0.0000   0.0000   0.0000;
112:  7.8800   7.8800   7.9300   7.9700   8.0200   7.9700   7.9400   7.9800   8.1800   8.2500   8.2600   8.3100   8.4400   8.5500   8.1000   8.1200   8.1700   8.3400   0.0000   0.0000   0.0000   0.0000   0.0000;
113:  7.8800   7.8800   7.9300   7.9700   8.0200   7.9700   7.9400   7.9800   8.1800   8.2500   8.2600   8.3200   8.4400   8.5600   8.1000   8.1200   8.1700   8.3400   0.0000   0.0000   0.0000   0.0000   0.0000;
114:  7.8800   7.8800   7.9300   7.9700   8.0200   7.9700   7.9400   7.9900   8.1800   8.2500   8.2600   8.3200   8.4400   8.5600   8.1000   8.1200   8.1600   8.3400   0.0000   0.0000   0.0000   0.0000   0.0000;
115:  7.8800   7.8800   7.9300   7.9700   8.0200   7.9700   7.9400   7.9900   8.1800   8.2500   8.2700   8.3200   8.4500   8.5600   8.1000   8.1200   8.1600   8.3400   0.0000   0.0000   0.0000   0.0000   0.0000;
116:  7.8800   7.8800   7.9300   7.9700   8.0200   7.9600   7.9400   7.9900   8.1800   8.2500   8.2700   8.3200   8.4500   8.5600   8.1000   8.1200   8.1600   8.3400   0.0000   0.0000   0.0000   0.0000   0.0000;
117:  7.8800   7.8800   7.9300   7.9700   8.0200   7.9600   7.9400   7.9900   8.1800   8.2500   8.2700   8.3200   8.4500   8.5700   8.0900   8.1100   8.1600   8.3400   0.0000   0.0000   0.0000   0.0000   0.0000;
118:  7.8800   7.8800   7.9300   7.9700   8.0200   7.9600   7.9400   7.9900   8.1800   8.2500   8.2700   8.3300   8.4500   8.5700   8.0900   8.1100   8.1600   8.3400   0.0000   0.0000   0.0000   0.0000   0.0000;
119:  7.8800   7.8800   7.9300   7.9700   8.0200   7.9600   7.9500   7.9900   8.1800   8.2500   8.2700   8.3300   8.4600   8.5700   8.0900   8.1100   8.1600   8.3400   0.0000   0.0000   0.0000   0.0000   0.0000;
120:  7.8800   7.8800   7.9300   7.9700   8.0200   7.9600   7.9500   8.0000   8.1800   8.2500   8.2700   8.3300   8.4600   8.5800   8.0900   8.1100   8.1600   8.3400   0.0000   0.0000   0.0000   0.0000   0.0000;
121:  7.8800   7.8800   7.9300   7.9700   8.0100   7.9600   7.9500   8.0000   8.1800   8.2500   8.2800   8.3300   8.4600   8.5800   8.0900   8.1100   8.1600   8.3400   0.0000   0.0000   0.0000   0.0000   0.0000;
122:  7.8800   7.8800   7.9300   7.9700   8.0100   7.9600   7.9500   8.0000   8.1800   8.2500   8.2800   8.3300   8.4600   8.5800   8.0900   8.1100   8.1600   8.3400   0.0000   0.0000   0.0000   0.0000   0.0000;
123:  7.8800   7.8800   7.9300   7.9700   8.0100   7.9600   7.9500   8.0000   8.1800   8.2500   8.2800   8.3300   8.4600   8.5800   8.0900   8.1100   8.1600   8.3400   0.0000   0.0000   0.0000   0.0000   0.0000;
124:  7.8800   7.8800   7.9300   7.9700   8.0100   7.9600   7.9500   8.0000   8.1800   8.2500   8.2800   8.3300   8.4700   8.5800   8.0900   8.1100   8.1600   8.3400   0.0000   0.0000   0.0000   0.0000   0.0000;
125:  7.8800   7.8800   7.9300   7.9700   8.0100   7.9600   7.9500   8.0000   8.1800   8.2500   8.2800   8.3300   8.4700   8.5900   8.0900   8.1100   8.1600   8.3400   0.0000   0.0000   0.0000   0.0000   0.0000;
126:  7.8800   7.8800   7.9300   7.9700   8.0100   7.9600   7.9600   8.0100   8.1800   8.2500   8.2800   8.3300   8.4700   8.5900   8.0900   8.1100   8.1700   8.3400   0.0000   0.0000   0.0000   0.0000   0.0000;
127:  7.8800   7.8800   7.9300   7.9700   8.0100   7.9600   7.9600   8.0100   8.1800   8.2500   8.2800   8.3300   8.4700   8.5900   8.0900   8.1100   8.1700   8.3400   0.0000   0.0000   0.0000   0.0000   0.0000;
128:  7.8800   7.8800   7.9300   7.9700   8.0000   7.9600   7.9600   8.0100   8.1700   8.2500   8.2800   8.3300   8.4700   8.5900   8.0900   8.1100   8.1700   8.3400   0.0000   0.0000   0.0000   0.0000   0.0000;
129:  7.8800   7.8800   7.9300   7.9700   8.0000   7.9600   7.9600   8.0100   8.1700   8.2500   8.2800   8.3300   8.4700   8.5900   8.0900   8.1100   8.1700   8.3400   0.0000   0.0000   0.0000   0.0000   0.0000;
130:  7.8800   7.8800   7.9400   7.9700   8.0000   7.9600   7.9600   8.0100   8.1700   8.2500   8.2800   8.3300   8.4700   8.5900   8.0900   8.1100   8.1800   8.3400   0.0000   0.0000   0.0000   0.0000   0.0000;
131:  7.8800   7.8800   7.9400   7.9700   8.0000   7.9600   7.9700   8.0100   8.1700   8.2400   8.2800   8.3300   8.4700   8.6000   8.0900   8.1200   8.1800   8.3400   0.0000   0.0000   0.0000   0.0000   0.0000;
132:  7.8900   7.8900   7.9400   7.9700   8.0000   7.9600   7.9700   8.0100   8.1700   8.2400   8.2800   8.3300   8.4700   8.6000   8.0900   8.1200   8.1800   8.3400   0.0000   0.0000   0.0000   0.0000   0.0000;
133:  7.8900   7.8900   7.9400   7.9700   8.0000   7.9600   7.9700   8.0100   8.1600   8.2400   8.2800   8.3300   8.4700   8.6000   8.1000   8.1200   8.1800   8.3400   0.0000   0.0000   0.0000   0.0000   0.0000;
134:  7.8900   7.8900   7.9400   7.9700   8.0000   7.9600   7.9700   8.0200   8.1600   8.2400   8.2800   8.3300   8.4700   8.6000   8.1000   8.1200   8.1900   8.3400   0.0000   0.0000   0.0000   0.0000   0.0000;
135:  7.8900   7.8900   7.9400   7.9700   7.9900   7.9700   7.9800   8.0200   8.1600   8.2300   8.2700   8.3300   8.4700   8.6000   8.1000   8.1200   8.1900   8.3400   0.0000   0.0000   0.0000   0.0000   0.0000;
136:  7.8900   7.8900   7.9400   7.9700   7.9900   7.9700   7.9800   8.0200   8.1500   8.2300   8.2700   8.3200   8.4700   8.6000   8.1000   8.1300   8.2000   8.3400   0.0000   0.0000   0.0000   0.0000   0.0000;
137:  7.8900   7.8900   7.9400   7.9700   7.9900   7.9700   7.9800   8.0200   8.1500   8.2300   8.2700   8.3200   8.4700   8.5900   8.1000   8.1300   8.2000   8.3400   0.0000   0.0000   0.0000   0.0000   0.0000;
138:  7.8900   7.8900   7.9400   7.9700   7.9900   7.9700   7.9800   8.0200   8.1500   8.2200   8.2700   8.3200   8.4700   8.5900   8.1100   8.1300   8.2000   8.3400   0.0000   0.0000   0.0000   0.0000   0.0000;
139:  7.8900   7.8900   7.9400   7.9700   7.9900   7.9700   7.9800   8.0200   8.1400   8.2200   8.2600   8.3200   8.4700   8.5900   8.1100   8.1300   8.2100   8.3400   0.0000   0.0000   0.0000   0.0000   0.0000;
140:  7.8900   7.8900   7.9400   7.9700   7.9900   7.9700   7.9900   8.0200   8.1400   8.2200   8.2600   8.3100   8.4600   8.5900   8.1100   8.1300   8.2100   8.3400   0.0000   0.0000   0.0000   0.0000   0.0000;
141:  7.8900   7.8900   7.9400   7.9700   7.9800   7.9700   7.9900   8.0200   8.1400   8.2100   8.2600   8.3100   8.4600   8.5900   8.1100   8.1400   8.2200   8.3400   0.0000   0.0000   0.0000   0.0000   0.0000;
142:  7.8900   7.8900   7.9400   7.9700   7.9800   7.9700   7.9900   8.0200   8.1300   8.2100   8.2500   8.3100   8.4600   8.5900   8.1200   8.1400   8.2200   8.3400   0.0000   0.0000   0.0000   0.0000   0.0000;
143:  7.8900   7.8900   7.9400   7.9700   7.9800   7.9700   7.9900   8.0200   8.1300   8.2000   8.2500   8.3000   8.4500   8.5800   8.1200   8.1400   8.2200   8.3400   0.0000   0.0000   0.0000   0.0000   0.0000;
144:  7.8900   7.8900   7.9400   7.9700   7.9800   7.9700   7.9900   8.0200   8.1200   8.2000   8.2500   8.3000   8.4500   8.5800   8.1200   8.1400   8.2300   8.3400   0.0000   0.0000   0.0000   0.0000   0.0000;
145:  7.8900   7.8900   7.9500   7.9700   7.9800   7.9700   7.9900   8.0200   8.1200   8.1900   8.2400   8.2900   8.4400   8.5700   8.1200   8.1500   8.2300   8.3400   0.0000   0.0000   0.0000   0.0000   0.0000;
146:  7.8900   7.8900   7.9500   7.9700   7.9800   7.9700   8.0000   8.0200   8.1100   8.1800   8.2400   8.2900   8.4400   8.5700   8.1300   8.1500   8.2400   8.3500   0.0000   0.0000   0.0000   0.0000   0.0000;
147:  7.8900   7.8900   7.9500   7.9700   7.9800   7.9700   8.0000   8.0100   8.1100   8.1800   8.2300   8.2800   8.4300   8.5700   8.1300   8.1500   8.2400   8.3500   0.0000   0.0000   0.0000   0.0000   0.0000;
148:  7.8900   7.8900   7.9500   7.9700   7.9700   7.9700   8.0000   8.0100   8.1000   8.1700   8.2300   8.2800   8.4300   8.5600   8.1300   8.1500   8.2400   8.3500   0.0000   0.0000   0.0000   0.0000   0.0000;
149:  7.8900   7.9000   7.9500   7.9700   7.9700   7.9700   8.0000   8.0100   8.1000   8.1700   8.2200   8.2700   8.4200   8.5600   8.1300   8.1600   8.2500   8.3500   0.0000   0.0000   0.0000   0.0000   0.0000;
150:  7.8900   7.9000   7.9500   7.9700   7.9700   7.9700   8.0000   8.0100   8.0900   8.1600   8.2100   8.2600   8.4200   8.5500   8.1400   8.1600   8.2500   8.3500   0.0000   0.0000   0.0000   0.0000   0.0000;
151:  7.8900   7.9000   7.9500   7.9700   7.9700   7.9700   8.0000   8.0100   8.0900   8.1500   8.2100   8.2600   8.4100   8.5400   8.1400   8.1600   8.2500   8.3500   0.0000   0.0000   0.0000   0.0000   0.0000;
152:  7.8900   7.9000   7.9500   7.9700   7.9700   7.9700   8.0000   8.0100   8.0800   8.1500   8.2000   8.2500   8.4000   8.5400   8.1400   8.1600   8.2500   8.3500   0.0000   0.0000   0.0000   0.0000   0.0000;
153:  7.8900   7.9000   7.9500   7.9700   7.9700   7.9700   8.0000   8.0100   8.0800   8.1400   8.2000   8.2400   8.4000   8.5300   8.1400   8.1600   8.2600   8.3500   0.0000   0.0000   0.0000   0.0000   0.0000;
154:  7.8900   7.9000   7.9500   7.9700   7.9600   7.9700   8.0000   8.0000   8.0700   8.1300   8.1900   8.2400   8.3900   8.5200   8.1400   8.1600   8.2600   8.3500   0.0000   0.0000   0.0000   0.0000   0.0000;
155:  7.8900   7.9000   7.9500   7.9700   7.9600   7.9700   8.0000   8.0000   8.0600   8.1200   8.1800   8.2300   8.3800   8.5100   8.1500   8.1700   8.2600   8.3500   0.0000   0.0000   0.0000   0.0000   0.0000;
156:  7.8900   7.9000   7.9500   7.9700   7.9600   7.9700   8.0000   8.0000   8.0600   8.1200   8.1700   8.2200   8.3700   8.5100   8.1500   8.1700   8.2600   8.3500   0.0000   0.0000   0.0000   0.0000   0.0000;
157:  7.8900   7.9000   7.9500   7.9700   7.9600   7.9700   8.0000   8.0000   8.0500   8.1100   8.1700   8.2100   8.3600   8.5000   8.1500   8.1700   8.2600   8.3500   0.0000   0.0000   0.0000   0.0000   0.0000;
158:  7.8900   7.9000   7.9500   7.9700   7.9600   7.9700   8.0000   8.0000   8.0500   8.1000   8.1600   8.2100   8.3500   8.4900   8.1500   8.1700   8.2600   8.3500   0.0000   0.0000   0.0000   0.0000   0.0000;
159:  7.8900   7.9000   7.9500   7.9700   7.9600   7.9700   8.0000   7.9900   8.0400   8.1000   8.1500   8.2000   8.3400   8.4800   8.1500   8.1700   8.2600   8.3500   0.0000   0.0000   0.0000   0.0000   0.0000;
160:  7.9000   7.9100   7.9500   7.9700   7.9500   7.9700   8.0000   7.9900   8.0400   8.0900   8.1500   8.1900   8.3300   8.4700   8.1500   8.1700   8.2600   8.3500   0.0000   0.0000   0.0000   0.0000   0.0000;
161:  7.9000   7.9100   7.9500   7.9600   7.9500   7.9600   8.0000   7.9900   8.0300   8.0800   8.1400   8.1800   8.3300   8.4600   8.1500   8.1700   8.2600   8.3500   0.0000   0.0000   0.0000   0.0000   0.0000;
162:  7.9000   7.9100   7.9500   7.9600   7.9500   7.9600   7.9900   7.9900   8.0200   8.0700   8.1300   8.1700   8.3200   8.4500   8.1500   8.1700   8.2600   8.3500   0.0000   0.0000   0.0000   0.0000   0.0000;
163:  7.9000   7.9100   7.9500   7.9600   7.9500   7.9600   7.9900   7.9800   8.0200   8.0700   8.1200   8.1700   8.3000   8.4400   8.1500   8.1700   8.2600   8.3500   0.0000   0.0000   0.0000   0.0000   0.0000;
164:  7.9000   7.9100   7.9600   7.9600   7.9500   7.9600   7.9900   7.9800   8.0100   8.0600   8.1100   8.1600   8.2900   8.4200   8.1500   8.1700   8.2600   8.3500   0.0000   0.0000   0.0000   0.0000   0.0000;
165:  7.9000   7.9100   7.9600   7.9600   7.9500   7.9600   7.9900   7.9800   8.0100   8.0500   8.1100   8.1500   8.2800   8.4100   8.1500   8.1700   8.2600   8.3400   0.0000   0.0000   0.0000   0.0000   0.0000;
166:  7.9000   7.9100   7.9600   7.9600   7.9500   7.9600   7.9900   7.9800   8.0000   8.0400   8.1000   8.1400   8.2700   8.4000   8.1500   8.1700   8.2500   8.3400   0.0000   0.0000   0.0000   0.0000   0.0000;
167:  7.9000   7.9100   7.9600   7.9600   7.9400   7.9600   7.9900   7.9700   8.0000   8.0400   8.0900   8.1300   8.2600   8.3900   8.1500   8.1700   8.2500   8.3400   0.0000   0.0000   0.0000   0.0000   0.0000;
168:  7.9000   7.9100   7.9600   7.9600   7.9400   7.9500   7.9800   7.9700   7.9900   8.0300   8.0800   8.1200   8.2500   8.3800   8.1400   8.1700   8.2500   8.3400   0.0000   0.0000   0.0000   0.0000   0.0000;
169:  7.9000   7.9100   7.9600   7.9600   7.9400   7.9500   7.9800   7.9700   7.9900   8.0200   8.0700   8.1100   8.2400   8.3600   8.1400   8.1700   8.2500   8.3400   0.0000   0.0000   0.0000   0.0000   0.0000;
170:  7.9000   7.9100   7.9600   7.9600   7.9400   7.9500   7.9800   7.9600   7.9800   8.0100   8.0600   8.1000   8.2300   8.3500   8.1400   8.1600   8.2400   8.3400   0.0000   0.0000   0.0000   0.0000   0.0000;
171:  7.9000   7.9100   7.9500   7.9600   7.9400   7.9500   7.9800   7.9600   7.9700   8.0100   8.0600   8.1000   8.2200   8.3400   8.1400   8.1600   8.2400   8.3400   0.0000   0.0000   0.0000   0.0000   0.0000;
172:  7.9000   7.9100   7.9500   7.9500   7.9400   7.9500   7.9700   7.9600   7.9700   8.0000   8.0500   8.0900   8.2100   8.3200   8.1300   8.1600   8.2300   8.3400   0.0000   0.0000   0.0000   0.0000   0.0000;
173:  7.9000   7.9100   7.9500   7.9500   7.9300   7.9400   7.9700   7.9600   7.9700   7.9900   8.0400   8.0800   8.1900   8.3100   8.1300   8.1600   8.2300   8.3400   0.0000   0.0000   0.0000   0.0000   0.0000;
174:  7.9000   7.9200   7.9500   7.9500   7.9300   7.9400   7.9700   7.9500   7.9600   7.9900   8.0300   8.0700   8.1800   8.3000   8.1300   8.1500   8.2300   8.3300   0.0000   0.0000   0.0000   0.0000   0.0000;
175:  7.9000   7.9200   7.9500   7.9500   7.9300   7.9400   7.9600   7.9500   7.9600   7.9800   8.0200   8.0600   8.1700   8.2800   8.1200   8.1500   8.2200   8.3300   0.0000   0.0000   0.0000   0.0000   0.0000;
176:  7.9000   7.9200   7.9500   7.9500   7.9300   7.9400   7.9600   7.9500   7.9500   7.9700   8.0200   8.0500   8.1600   8.2700   8.1200   8.1500   8.2200   8.3300   0.0000   0.0000   0.0000   0.0000   0.0000;
177:  7.9000   7.9200   7.9500   7.9500   7.9300   7.9300   7.9600   7.9400   7.9500   7.9700   8.0100   8.0400   8.1500   8.2500   8.1100   8.1400   8.2100   8.3300   0.0000   0.0000   0.0000   0.0000   0.0000;
178:  7.9000   7.9200   7.9500   7.9500   7.9300   7.9300   7.9500   7.9400   7.9400   7.9600   8.0000   8.0400   8.1400   8.2400   8.1100   8.1400   8.2100   8.3300   0.0000   0.0000   0.0000   0.0000   0.0000;
179:  7.9000   7.9200   7.9500   7.9400   7.9200   7.9300   7.9500   7.9400   7.9400   7.9600   7.9900   8.0300   8.1300   8.2300   8.1100   8.1400   8.2000   8.3300   0.0000   0.0000   0.0000   0.0000   0.0000;
180:  7.9000   7.9200   7.9500   7.9400   7.9200   7.9300   7.9500   7.9400   7.9400   7.9500   7.9900   8.0200   8.1200   8.2100   8.1000   8.1300   8.2000   8.3200   0.0000   0.0000   0.0000   0.0000   0.0000;
181:  7.9000   7.9200   7.9500   7.9400   7.9200   7.9200   7.9400   7.9300   7.9300   7.9400   7.9800   8.0100   8.1000   8.2000   8.1000   8.1300   8.1900   8.3200   0.0000   0.0000   0.0000   0.0000   0.0000;
182:  7.9000   7.9200   7.9500   7.9400   7.9200   7.9200   7.9400   7.9300   7.9300   7.9400   7.9700   8.0000   8.0900   8.1800   8.0900   8.1200   8.1800   8.3200   0.0000   0.0000   0.0000   0.0000   0.0000;
183:  7.9000   7.9200   7.9500   7.9400   7.9200   7.9200   7.9400   7.9300   7.9200   7.9300   7.9700   8.0000   8.0800   8.1700   8.0900   8.1200   8.1800   8.3200   0.0000   0.0000   0.0000   0.0000   0.0000;
184:  7.9000   7.9200   7.9500   7.9400   7.9200   7.9200   7.9300   7.9200   7.9200   7.9300   7.9600   7.9900   8.0700   8.1600   8.0800   8.1200   8.1700   8.3200   0.0000   0.0000   0.0000   0.0000   0.0000;
185:  7.9000   7.9200   7.9400   7.9300   7.9100   7.9100   7.9300   7.9200   7.9200   7.9200   7.9500   7.9800   8.0600   8.1400   8.0700   8.1100   8.1700   8.3100   8.4400   0.0000   0.0000   0.0000   0.0000;
186:  7.9000   7.9200   7.9400   7.9300   7.9100   7.9100   7.9300   7.9200   7.9200   7.9200   7.9500   7.9700   8.0500   8.1300   8.0700   8.1100   8.1600   8.3100   8.4500   0.0000   0.0000   0.0000   0.0000;
187:  7.9000   7.9200   7.9400   7.9300   7.9100   7.9100   7.9200   7.9200   7.9100   7.9200   7.9400   7.9700   8.0400   8.1200   8.0600   8.1000   8.1600   8.3100   8.4600   0.0000   0.0000   0.0000   0.0000;
188:  7.9000   7.9100   7.9400   7.9300   7.9100   7.9000   7.9200   7.9100   7.9100   7.9100   7.9300   7.9600   8.0300   8.1000   8.0600   8.1000   8.1500   8.3100   8.4700   0.0000   0.0000   0.0000   0.0000;
189:  7.9000   7.9100   7.9400   7.9200   7.9100   7.9000   7.9100   7.9100   7.9100   7.9100   7.9300   7.9500   8.0200   8.0900   8.0500   8.0900   8.1500   8.3000   8.4800   0.0000   0.0000   0.0000   0.0000;
190:  7.9000   7.9100   7.9400   7.9200   7.9000   7.9000   7.9100   7.9100   7.9000   7.9000   7.9200   7.9500   8.0100   8.0800   8.0500   8.0900   8.1400   8.3000   8.4800   0.0000   0.0000   0.0000   0.0000;
191:  7.9000   7.9100   7.9300   7.9200   7.9000   7.9000   7.9100   7.9100   7.9000   7.9000   7.9200   7.9400   8.0000   8.0700   8.0400   8.0900   8.1400   8.3000   8.4900   0.0000   0.0000   0.0000   0.0000;
192:  7.9000   7.9100   7.9300   7.9200   7.9000   7.8900   7.9000   7.9100   7.9000   7.9000   7.9100   7.9400   8.0000   8.0500   8.0300   8.0800   8.1300   8.3000   8.4900   0.0000   0.0000   0.0000   0.0000;
193:  7.9000   7.9100   7.9300   7.9100   7.9000   7.8900   7.9000   7.9000   7.9000   7.9000   7.9100   7.9300   7.9900   8.0400   8.0300   8.0800   8.1300   8.3000   8.5000   0.0000   0.0000   0.0000   0.0000;
194:  7.9000   7.9100   7.9300   7.9100   7.9000   7.8900   7.9000   7.9000   7.9000   7.8900   7.9000   7.9300   7.9800   8.0300   8.0200   8.0700   8.1300   8.2900   8.5000   0.0000   0.0000   0.0000   0.0000;
195:  7.9000   7.9100   7.9300   7.9100   7.8900   7.8800   7.8900   7.9000   7.8900   7.8900   7.9000   7.9200   7.9700   8.0200   8.0200   8.0700   8.1200   8.2900   8.5000   0.0000   0.0000   0.0000   0.0000;
196:  7.9000   7.9100   7.9200   7.9100   7.8900   7.8800   7.8900   7.9000   7.8900   7.8900   7.8900   7.9200   7.9600   8.0100   8.0100   8.0600   8.1200   8.2900   8.5000   0.0000   0.0000   0.0000   0.0000;
197:  7.9000   7.9100   7.9200   7.9000   7.8900   7.8800   7.8900   7.8900   7.8900   7.8900   7.8900   7.9100   7.9600   8.0000   8.0100   8.0600   8.1200   8.2900   8.5000   0.0000   0.0000   0.0000   0.0000;
198:  7.9000   7.9100   7.9200   7.9000   7.8900   7.8800   7.8800   7.8900   7.8900   7.8800   7.8900   7.9100   7.9500   7.9900   8.0000   8.0600   8.1100   8.2800   8.5000   8.7800   9.0400   0.0000   0.0000;
199:  7.9000   7.9100   7.9200   7.9000   7.8900   7.8700   7.8800   7.8900   7.8900   7.8800   7.8800   7.9000   7.9400   7.9800   8.0000   8.0500   8.1100   8.2800   8.4900   8.7800   9.0500   0.0000   0.0000;
200:  7.8900   7.9000   7.9200   7.9000   7.8800   7.8700   7.8800   7.8900   7.8900   7.8800   7.8800   7.9000   7.9400   7.9700   7.9900   8.0500   8.1100   8.2800   8.4900   8.7800   9.0500   0.0000   0.0000;
201:  7.8900   7.9000   7.9100   7.8900   7.8800   7.8700   7.8700   7.8900   7.8800   7.8800   7.8800   7.8900   7.9300   7.9600   7.9900   8.0500   8.1100   8.2800   8.4800   8.7600   9.0400   0.0000   0.0000;
202:  7.8900   7.9000   7.9100   7.8900   7.8800   7.8700   7.8700   7.8800   7.8800   7.8800   7.8700   7.8900   7.9200   7.9600   7.9900   8.0400   8.1100   8.2700   8.4700   8.7500   9.0100   0.0000   0.0000;
203:  7.8900   7.9000   7.9100   7.8900   7.8800   7.8600   7.8700   7.8800   7.8800   7.8700   7.8700   7.8900   7.9200   7.9500   7.9800   8.0400   8.1100   8.2700   8.4600   8.7200   8.9800   0.0000   0.0000;
204:  7.8900   7.9000   7.9100   7.8900   7.8700   7.8600   7.8700   7.8800   7.8800   7.8700   7.8700   7.8800   7.9100   7.9400   7.9800   8.0400   8.1100   8.2700   8.4500   8.7000   8.9500   0.0000   0.0000;
205:  7.8900   7.9000   7.9000   7.8800   7.8700   7.8600   7.8600   7.8800   7.8800   7.8700   7.8700   7.8800   7.9100   7.9300   7.9800   8.0400   8.1100   8.2700   8.4400   8.6700   8.9100   0.0000   0.0000;
206:  7.8900   7.8900   7.9000   7.8800   7.8700   7.8600   7.8600   7.8800   7.8800   7.8700   7.8600   7.8800   7.9100   7.9300   7.9700   8.0400   8.1100   8.2700   8.4300   8.6300   8.8700   0.0000   0.0000;
207:  7.8900   7.8900   7.9000   7.8800   7.8700   7.8500   7.8600   7.8700   7.8800   7.8700   7.8600   7.8800   7.9000   7.9200   7.9700   8.0400   8.1100   8.2700   8.4100   8.6000   8.8300   0.0000   0.0000;
208:  7.8900   7.8900   7.9000   7.8700   7.8700   7.8500   7.8600   7.8700   7.8700   7.8700   7.8600   7.8700   7.9000   7.9200   7.9700   8.0300   8.1100   8.2600   8.4000   8.5600   8.8000   0.0000   0.0000;
209:  7.8900   7.8900   7.8900   7.8700   7.8600   7.8500   7.8500   7.8700   7.8700   7.8700   7.8600   7.8700   7.9000   7.9100   7.9700   8.0300   8.1100   8.2600   8.3900   8.5300   8.7800   0.0000   0.0000;
210:  7.8900   7.8900   7.8900   7.8700   7.8600   7.8500   7.8500   7.8700   7.8700   7.8700   7.8600   7.8700   7.8900   7.9100   7.9700   8.0300   8.1100   8.2600   8.3800   8.5100   8.7600   0.0000   0.0000;
211:  7.8900   7.8900   7.8900   7.8700   7.8600   7.8500   7.8500   7.8700   7.8700   7.8700   7.8500   7.8700   7.8900   7.9000   7.9600   8.0300   8.1100   8.2600   8.3700   8.4900   8.7600   0.0000   0.0000;
212:  7.8800   7.8800   7.8800   7.8600   7.8600   7.8400   7.8500   7.8600   7.8700   7.8600   7.8500   7.8700   7.8900   7.9000   7.9600   8.0300   8.1200   8.2600   8.3600   8.4800   8.7600   0.0000   0.0000;
213:  7.8800   7.8800   7.8800   7.8600   7.8500   7.8400   7.8400   7.8600   7.8700   7.8600   7.8500   7.8700   7.8900   7.9000   7.9600   8.0300   8.1200   8.2600   8.3600   8.4800   0.0000   0.0000   0.0000;
214:  7.8800   7.8800   7.8800   7.8600   7.8500   7.8400   7.8400   7.8600   7.8700   7.8600   7.8500   7.8700   7.8800   7.8900   7.9600   8.0300   8.1200   8.2600   8.3600   8.4800   0.0000   0.0000   0.0000;
215:  7.8800   7.8800   7.8800   7.8600   7.8500   7.8400   7.8400   7.8600   7.8600   7.8600   7.8500   7.8600   7.8800   7.8900   7.9600   8.0400   8.1300   8.2500   8.3600   8.5000   0.0000   0.0000   0.0000;
216:  7.8800   7.8800   7.8700   7.8500   7.8500   7.8400   7.8400   7.8500   7.8600   7.8600   7.8500   7.8600   7.8800   7.8900   7.9600   8.0400   8.1300   8.2500   8.3700   8.5200   0.0000   0.0000   0.0000;
217:  7.8700   7.8700   7.8700   7.8500   7.8400   7.8300   7.8300   7.8500   7.8600   7.8600   7.8500   7.8600   7.8800   7.8900   7.9700   8.0400   8.1400   8.2500   8.3800   0.0000   0.0000   0.0000   0.0000;
218:  7.8700   7.8700   7.8700   7.8500   7.8400   7.8300   7.8300   7.8500   7.8600   7.8600   7.8500   7.8600   7.8800   7.8900   7.9700   8.0400   8.1400   8.2500   8.4000   0.0000   0.0000   0.0000   0.0000;
219:  7.8700   7.8700   7.8700   7.8500   7.8400   7.8300   7.8300   7.8500   7.8600   7.8600   7.8500   7.8600   7.8800   7.8900   7.9700   8.0400   8.1500   8.2500   8.4200   0.0000   0.0000   0.0000   0.0000;
220:  7.8700   7.8700   7.8600   7.8400   7.8400   7.8300   7.8300   7.8400   7.8600   7.8600   7.8500   7.8600   7.8800   7.8900   7.9700   8.0500   8.1500   8.2500   8.4400   0.0000   0.0000   0.0000   0.0000;
221:  7.8700   7.8700   7.8600   7.8400   7.8400   7.8300   7.8300   7.8400   7.8500   7.8600   7.8500   7.8600   7.8800   7.8900   7.9800   8.0500   8.1600   8.2500   0.0000   0.0000   0.0000   0.0000   0.0000;
222:  7.8700   7.8600   7.8600   7.8400   7.8300   7.8300   7.8200   7.8400   7.8500   7.8500   7.8500   7.8600   7.8800   7.8900   7.9800   8.0500   8.1600   8.2500   0.0000   0.0000   0.0000   0.0000   0.0000;
223:  7.8700   7.8600   7.8500   7.8400   7.8300   7.8200   7.8200   7.8400   7.8500   7.8500   7.8500   7.8600   7.8800   7.8900   7.9800   8.0600   8.1700   8.2500   0.0000   0.0000   0.0000   0.0000   0.0000;
224:  7.8700   7.8600   7.8500   7.8300   7.8300   7.8200   7.8200   7.8400   7.8500   7.8500   7.8500   7.8600   7.8800   7.9000   7.9900   8.0600   8.1800   8.2500   0.0000   0.0000   0.0000   0.0000   0.0000;
225:  7.8700   7.8600   7.8500   7.8300   7.8300   7.8200   7.8200   7.8300   7.8400   7.8500   7.8500   7.8600   7.8800   7.9000   7.9900   8.0700   8.1800   8.2500   0.0000   0.0000   0.0000   0.0000   0.0000;
226:  7.8700   7.8600   7.8500   7.8300   7.8300   7.8200   7.8200   7.8300   7.8400   7.8500   7.8500   7.8600   7.8800   7.9000   7.9900   8.0700   8.1900   8.2500   0.0000   0.0000   0.0000   0.0000   0.0000;
227:  7.8600   7.8500   7.8400   7.8300   7.8200   7.8200   7.8200   7.8300   7.8400   7.8500   7.8500   7.8600   7.8800   7.9000   8.0000   8.0800   8.1900   8.2500   0.0000   0.0000   0.0000   0.0000   0.0000;
228:  7.8600   7.8500   7.8400   7.8200   7.8200   7.8200   7.8100   7.8200   7.8400   7.8500   7.8500   7.8600   7.8900   7.9100   8.0000   8.0800   8.2000   8.2500   0.0000   0.0000   0.0000   0.0000   0.0000;
229:  7.8600   7.8500   7.8400   7.8200   7.8200   7.8100   7.8100   7.8200   7.8400   7.8500   7.8500   7.8600   7.8900   7.9100   8.0100   8.0900   8.2100   8.2500   0.0000   0.0000   0.0000   0.0000   0.0000;
230:  7.8600   7.8500   7.8400   7.8200   7.8200   7.8100   7.8100   7.8200   7.8300   7.8400   7.8500   7.8700   7.8900   7.9100   8.0100   8.0900   8.2100   8.2600   0.0000   0.0000   0.0000   0.0000   0.0000;
231:  7.8600   7.8500   7.8400   7.8200   7.8100   7.8100   7.8100   7.8200   7.8300   7.8400   7.8500   7.8700   7.8900   7.9200   8.0200   8.1000   8.2200   8.2600   0.0000   0.0000   0.0000   0.0000   0.0000;
232:  7.8600   7.8500   7.8300   7.8200   7.8100   7.8100   7.8100   7.8100   7.8300   7.8400   7.8500   7.8700   7.8900   7.9200   8.0300   8.1000   8.2300   8.2600   0.0000   0.0000   0.0000   0.0000   0.0000;
233:  7.8600   7.8400   7.8300   7.8100   7.8100   7.8100   7.8100   7.8100   7.8200   7.8400   7.8500   7.8700   7.9000   7.9300   8.0300   8.1100   8.2300   8.2600   0.0000   0.0000   0.0000   0.0000   0.0000;
234:  7.8600   7.8400   7.8300   7.8100   7.8100   7.8100   7.8000   7.8100   7.8200   7.8400   7.8500   7.8700   7.9000   7.9300   8.0400   8.1200   8.2400   8.2600   0.0000   0.0000   0.0000   0.0000   0.0000;
235:  7.8600   7.8400   7.8300   7.8100   7.8100   7.8100   7.8000   7.8100   7.8200   7.8400   7.8500   7.8700   7.9000   7.9400   8.0400   8.1200   8.2400   8.2600   0.0000   0.0000   0.0000   0.0000   0.0000;
236:  7.8600   7.8400   7.8200   7.8100   7.8100   7.8000   7.8000   7.8000   7.8200   7.8300   7.8500   7.8700   7.9000   7.9400   8.0500   8.1300   8.2500   8.2600   0.0000   0.0000   0.0000   0.0000   0.0000;
237:  7.8600   7.8400   7.8200   7.8100   7.8000   7.8000   7.8000   7.8000   7.8100   7.8300   7.8500   7.8700   7.9000   7.9500   8.0600   8.1300   8.2500   8.2600   0.0000   0.0000   0.0000   0.0000   0.0000;
238:  7.8600   7.8400   7.8200   7.8000   7.8000   7.8000   7.8000   7.8000   7.8100   7.8300   7.8500   7.8700   7.9100   7.9500   8.0600   8.1400   8.2600   8.2700   0.0000   0.0000   0.0000   0.0000   0.0000;
239:  7.8600   7.8400   7.8200   7.8000   7.8000   7.8000   7.7900   7.7900   7.8100   7.8300   7.8500   7.8700   7.9100   7.9600   8.0700   8.1500   8.2700   8.2700   0.0000   0.0000   0.0000   0.0000   0.0000;
240:  7.8500   7.8300   7.8200   7.8000   7.8000   7.8000   7.7900   7.7900   7.8100   7.8300   7.8500   7.8700   7.9100   7.9600   8.0800   8.1600   8.2700   8.2700   0.0000   0.0000   0.0000   0.0000   0.0000;
241:  7.8500   7.8300   7.8200   7.8000   7.8000   7.8000   7.7900   7.7900   7.8000   7.8300   7.8500   7.8800   7.9100   7.9700   8.0900   8.1600   8.2700   8.2700   0.0000   0.0000   0.0000   0.0000   0.0000;
242:  7.8500   7.8300   7.8100   7.8000   7.8000   7.7900   7.7900   7.7900   7.8000   7.8200   7.8500   7.8800   7.9200   7.9800   8.0900   8.1700   8.2800   8.2700   0.0000   0.0000   0.0000   0.0000   0.0000;
243:  7.8500   7.8300   7.8100   7.8000   7.7900   7.7900   7.7900   7.7800   7.8000   7.8200   7.8500   7.8800   7.9200   7.9800   8.1000   8.1800   8.2800   8.2800   0.0000   0.0000   0.0000   0.0000   0.0000;
244:  7.8500   7.8300   7.8100   7.8000   7.7900   7.7900   7.7800   7.7800   7.7900   7.8200   7.8500   7.8800   7.9200   7.9900   8.1100   8.1800   8.2900   8.2800   0.0000   0.0000   0.0000   0.0000   0.0000;
245:  7.8500   7.8300   7.8100   7.7900   7.7900   7.7900   7.7800   7.7800   7.7900   7.8200   7.8500   7.8800   7.9200   7.9900   8.1100   8.1900   8.2900   8.2800   0.0000   0.0000   0.0000   0.0000   0.0000;
246:  7.8500   7.8300   7.8100   7.7900   7.7900   7.7900   7.7800   7.7800   7.7900   7.8200   7.8500   7.8800   7.9300   8.0000   8.1200   8.2000   8.2900   8.2800   0.0000   0.0000   0.0000   0.0000   0.0000;
247:  7.8500   7.8300   7.8100   7.7900   7.7900   7.7900   7.7800   7.7700   7.7900   7.8100   7.8500   7.8800   7.9300   8.0000   8.1300   8.2000   8.2900   8.2800   0.0000   0.0000   0.0000   0.0000   0.0000;
248:  7.8500   7.8300   7.8100   7.7900   7.7900   7.7900   7.7800   7.7700   7.7800   7.8100   7.8500   7.8800   7.9300   8.0100   8.1300   8.2100   8.3000   8.2900   0.0000   0.0000   0.0000   0.0000   0.0000;
249:  7.8500   7.8300   7.8100   7.7900   7.7900   7.7800   7.7800   7.7700   7.7800   7.8100   7.8500   7.8800   7.9400   8.0200   8.1400   8.2200   8.3000   8.2900   0.0000   0.0000   0.0000   0.0000   0.0000;
250:  7.8500   7.8300   7.8100   7.7900   7.7800   7.7800   7.7700   7.7700   7.7800   7.8100   7.8500   7.8800   7.9400   8.0200   8.1400   8.2200   8.3000   8.2900   0.0000   0.0000   0.0000   0.0000   0.0000;
251:  7.8500   7.8300   7.8000   7.7900   7.7800   7.7800   7.7700   7.7600   7.7800   7.8100   7.8500   7.8900   7.9400   8.0300   8.1500   8.2300   8.3000   8.2900   0.0000   0.0000   0.0000   0.0000   0.0000;
252:  7.8500   7.8300   7.8000   7.7900   7.7800   7.7800   7.7700   7.7600   7.7800   7.8100   7.8500   7.8900   7.9400   8.0300   8.1600   8.2300   8.3000   8.2900   0.0000   0.0000   0.0000   0.0000   0.0000;
253:  7.8500   7.8300   7.8000   7.7900   7.7800   7.7800   7.7700   7.7600   7.7700   7.8000   7.8500   7.8900   7.9400   8.0400   8.1600   8.2400   8.3000   8.3000   0.0000   0.0000   0.0000   0.0000   0.0000;
254:  7.8500   7.8300   7.8000   7.7900   7.7800   7.7800   7.7700   7.7600   7.7700   7.8000   7.8500   7.8900   7.9500   8.0400   8.1700   8.2500   8.3000   8.3000   0.0000   0.0000   0.0000   0.0000   0.0000;
255:  7.8500   7.8300   7.8000   7.7900   7.7800   7.7800   7.7700   7.7600   7.7700   7.8000   7.8500   7.8900   7.9500   8.0500   8.1700   8.2500   8.3000   8.3000   0.0000   0.0000   0.0000   0.0000   0.0000;
256:  7.8500   7.8300   7.8000   7.7900   7.7800   7.7700   7.7600   7.7500   7.7700   7.8000   7.8500   7.8900   7.9500   8.0500   8.1800   8.2600   8.3000   8.3000   0.0000   0.0000   0.0000   0.0000   0.0000;
257:  7.8500   7.8300   7.8000   7.7900   7.7800   7.7700   7.7600   7.7500   7.7700   7.8000   7.8500   7.8900   7.9500   8.0600   8.1800   8.2600   8.3000   8.3000   0.0000   0.0000   0.0000   0.0000   0.0000;
258:  7.8500   7.8300   7.8000   7.7900   7.7800   7.7700   7.7600   7.7500   7.7700   7.8000   7.8500   7.8900   7.9600   8.0600   8.1900   8.2700   8.3000   8.3100   0.0000   0.0000   0.0000   0.0000   0.0000;
259:  7.8500   7.8300   7.8000   7.7900   7.7800   7.7700   7.7600   7.7500   7.7700   7.8000   7.8500   7.8900   7.9600   8.0700   8.1900   8.2700   8.3000   8.3100   0.0000   0.0000   0.0000   0.0000   0.0000;
260:  7.8500   7.8300   7.8000   7.7900   7.7800   7.7700   7.7600   7.7500   7.7600   7.8000   7.8500   7.8900   7.9600   8.0700   8.2000   8.2800   8.3000   8.3100   0.0000   0.0000   0.0000   0.0000   0.0000;
261:  7.8500   7.8300   7.8000   7.7800   7.7800   7.7700   7.7600   7.7500   7.7600   7.8000   7.8500   7.9000   7.9600   8.0700   8.2000   8.2800   8.2900   8.3100   0.0000   0.0000   0.0000   0.0000   0.0000;
262:  7.8500   7.8300   7.8000   7.7800   7.7800   7.7700   7.7600   7.7500   7.7600   7.8000   7.8500   7.9000   7.9600   8.0800   8.2000   8.2900   8.2900   8.3100   0.0000   0.0000   0.0000   0.0000   0.0000;
263:  7.8500   7.8300   7.8000   7.7800   7.7800   7.7700   7.7500   7.7500   7.7600   7.8000   7.8500   7.9000   7.9700   8.0800   8.2100   8.2900   8.2900   8.3200   0.0000   0.0000   0.0000   0.0000   0.0000;
264:  7.8500   7.8300   7.8000   7.7800   7.7800   7.7700   7.7500   7.7500   7.7600   7.8000   7.8500   7.9000   7.9700   8.0800   8.2100   8.2900   8.2900   8.3200   0.0000   0.0000   0.0000   0.0000   0.0000;
265:  7.8500   7.8300   7.8000   7.7900   7.7800   7.7600   7.7500   7.7500   7.7600   7.8000   7.8500   7.9000   7.9700   8.0900   8.2100   8.3000   8.2800   8.3200   0.0000   0.0000   0.0000   0.0000   0.0000;
266:  7.8500   7.8300   7.8000   7.7900   7.7800   7.7600   7.7500   7.7400   7.7600   7.8000   7.8500   7.9000   7.9700   8.0900   8.2200   8.3000   8.2800   8.3200   0.0000   0.0000   0.0000   0.0000   0.0000;
267:  7.8500   7.8300   7.8000   7.7900   7.7800   7.7600   7.7500   7.7400   7.7600   7.8000   7.8500   7.9000   7.9700   8.0900   8.2200   8.3000   8.2800   8.3200   0.0000   0.0000   0.0000   0.0000   0.0000;
268:  7.8500   7.8300   7.8000   7.7900   7.7800   7.7600   7.7500   7.7400   7.7600   7.8000   7.8500   7.9000   7.9700   8.0900   8.2200   8.3100   8.2800   8.3200   0.0000   0.0000   0.0000   0.0000   0.0000;
269:  7.8500   7.8300   7.8100   7.7900   7.7800   7.7600   7.7500   7.7500   7.7600   7.8000   7.8500   7.9000   7.9800   8.1000   8.2200   8.3100   8.2700   8.3200   0.0000   0.0000   0.0000   0.0000   0.0000;
270:  7.8500   7.8300   7.8100   7.7900   7.7800   7.7600   7.7500   7.7500   7.7600   7.8000   7.8500   7.9100   7.9800   8.1000   8.2300   8.3100   8.2700   8.3200   0.0000   0.0000   0.0000   0.0000   0.0000;
271:  7.8600   7.8400   7.8100   7.7900   7.7800   7.7600   7.7500   7.7500   7.7700   7.8000   7.8500   7.9100   7.9800   8.1000   8.2300   8.3200   8.2700   8.3300   0.0000   0.0000   0.0000   0.0000   0.0000;
272:  7.8600   7.8400   7.8100   7.7900   7.7800   7.7600   7.7500   7.7500   7.7700   7.8000   7.8600   7.9100   7.9800   8.1000   8.2300   8.3200   8.2700   8.3300   0.0000   0.0000   0.0000   0.0000   0.0000;
273:  7.8600   7.8400   7.8100   7.7900   7.7800   7.7600   7.7500   7.7500   7.7700   7.8000   7.8600   7.9100   7.9800   8.1000   8.2300   8.3200   8.2600   8.3300   0.0000   0.0000   0.0000   0.0000   0.0000;
274:  7.8600   7.8400   7.8100   7.7900   7.7800   7.7600   7.7500   7.7500   7.7700   7.8000   7.8600   7.9100   7.9800   8.1100   8.2300   8.3200   8.2600   8.3300   0.0000   0.0000   0.0000   0.0000   0.0000;
275:  7.8600   7.8400   7.8100   7.7900   7.7800   7.7600   7.7500   7.7500   7.7700   7.8000   7.8600   7.9100   7.9800   8.1100   8.2300   8.3200   8.2600   8.3300   0.0000   0.0000   0.0000   0.0000   0.0000;
276:  7.8600   7.8400   7.8100   7.7900   7.7800   7.7600   7.7500   7.7500   7.7700   7.8000   7.8600   7.9100   7.9900   8.1100   8.2300   8.3300   8.2600   8.3300   0.0000   0.0000   0.0000   0.0000   0.0000;
277:  7.8600   7.8400   7.8100   7.7900   7.7800   7.7600   7.7500   7.7500   7.7700   7.8100   7.8600   7.9200   7.9900   8.1100   8.2400   8.3300   8.2500   8.3300   0.0000   0.0000   0.0000   0.0000   0.0000;
278:  7.8600   7.8500   7.8100   7.7900   7.7800   7.7600   7.7500   7.7500   7.7800   7.8100   7.8600   7.9200   7.9900   8.1100   8.2400   8.3300   8.2500   8.3300   0.0000   0.0000   0.0000   0.0000   0.0000;
279:  7.8600   7.8500   7.8200   7.7900   7.7800   7.7600   7.7500   7.7600   7.7800   7.8100   7.8600   7.9200   7.9900   8.1100   8.2400   8.3300   8.2500   8.3300   0.0000   0.0000   0.0000   0.0000   0.0000;
280:  7.8600   7.8500   7.8200   7.8000   7.7800   7.7600   7.7500   7.7600   7.7800   7.8100   7.8600   7.9200   7.9900   8.1100   8.2400   8.3300   8.2500   8.3300   0.0000   0.0000   0.0000   0.0000   0.0000;
281:  7.8600   7.8500   7.8200   7.8000   7.7800   7.7700   7.7500   7.7600   7.7800   7.8100   7.8700   7.9200   7.9900   8.1100   8.2400   8.3400   8.2500   8.3300   0.0000   0.0000   0.0000   0.0000   0.0000;
282:  7.8600   7.8500   7.8200   7.8000   7.7800   7.7700   7.7600   7.7600   7.7900   7.8200   7.8700   7.9200   7.9900   8.1100   8.2400   8.3400   8.2500   8.3300   0.0000   0.0000   0.0000   0.0000   0.0000;
283:  7.8600   7.8500   7.8200   7.8000   7.7900   7.7700   7.7600   7.7600   7.7900   7.8200   7.8700   7.9200   8.0000   8.1100   8.2400   8.3400   8.2500   8.3300   0.0000   0.0000   0.0000   0.0000   0.0000;
284:  7.8700   7.8600   7.8200   7.8000   7.7900   7.7700   7.7600   7.7700   7.7900   7.8200   7.8700   7.9300   8.0000   8.1100   8.2400   8.3400   8.2500   8.3300   0.0000   0.0000   0.0000   0.0000   0.0000;
285:  7.8700   7.8600   7.8300   7.8000   7.7900   7.7700   7.7600   7.7700   7.7900   7.8200   7.8700   7.9300   8.0000   8.1100   8.2400   8.3400   8.2500   8.3300   0.0000   0.0000   0.0000   0.0000   0.0000;
286:  7.8700   7.8600   7.8300   7.8000   7.7900   7.7700   7.7600   7.7700   7.8000   7.8300   7.8700   7.9300   8.0000   8.1100   8.2400   8.3400   8.2500   8.3300   0.0000   0.0000   0.0000   0.0000   0.0000;
287:  7.8700   7.8600   7.8300   7.8100   7.7900   7.7700   7.7600   7.7700   7.8000   7.8300   7.8700   7.9300   8.0000   8.1100   8.2500   8.3500   8.2600   8.3300   0.0000   0.0000   0.0000   0.0000   0.0000;
288:  7.8700   7.8600   7.8300   7.8100   7.7900   7.7700   7.7700   7.7800   7.8000   7.8300   7.8800   7.9300   8.0000   8.1100   8.2500   8.3500   8.2600   8.3300   0.0000   0.0000   0.0000   0.0000   0.0000;
289:  7.8700   7.8600   7.8300   7.8100   7.7900   7.7800   7.7700   7.7800   7.8100   7.8300   7.8800   7.9300   8.0000   8.1100   8.2500   8.3500   8.2600   8.3300   0.0000   0.0000   0.0000   0.0000   0.0000;
290:  7.8700   7.8700   7.8400   7.8100   7.8000   7.7800   7.7700   7.7800   7.8100   7.8400   7.8800   7.9400   8.0000   8.1200   8.2500   8.3500   8.2600   8.3300   0.0000   0.0000   0.0000   0.0000   0.0000;
291:  7.8700   7.8700   7.8400   7.8100   7.8000   7.7800   7.7700   7.7800   7.8100   7.8400   7.8800   7.9400   8.0100   8.1200   8.2500   8.3500   8.2700   8.3300   0.0000   0.0000   0.0000   0.0000   0.0000;
292:  7.8700   7.8700   7.8400   7.8100   7.8000   7.7800   7.7800   7.7900   7.8100   7.8400   7.8800   7.9400   8.0100   8.1200   8.2500   8.3500   8.2700   8.3300   0.0000   0.0000   0.0000   0.0000   0.0000;
293:  7.8700   7.8700   7.8400   7.8200   7.8000   7.7900   7.7800   7.7900   7.8200   7.8400   7.8800   7.9400   8.0100   8.1200   8.2500   8.3600   8.2800   8.3300   0.0000   0.0000   0.0000   0.0000   0.0000;
294:  7.8700   7.8700   7.8400   7.8200   7.8000   7.7900   7.7800   7.7900   7.8200   7.8500   7.8900   7.9400   8.0100   8.1200   8.2600   8.3600   8.2800   8.3300   0.0000   0.0000   0.0000   0.0000   0.0000;
295:  7.8800   7.8800   7.8500   7.8200   7.8100   7.7900   7.7800   7.7900   7.8200   7.8500   7.8900   7.9400   8.0100   8.1200   8.2600   8.3600   8.2900   8.3300   0.0000   0.0000   0.0000   0.0000   0.0000;
296:  7.8800   7.8800   7.8500   7.8200   7.8100   7.7900   7.7900   7.8000   7.8300   7.8500   7.8900   7.9500   8.0100   8.1200   8.2600   8.3600   8.3000   8.3200   0.0000   0.0000   0.0000   0.0000   0.0000;
297:  7.8800   7.8800   7.8500   7.8200   7.8100   7.8000   7.7900   7.8000   7.8300   7.8500   7.8900   7.9500   8.0200   8.1200   8.2600   8.3700   8.3000   8.3200   0.0000   0.0000   0.0000   0.0000   0.0000;
298:  7.8800   7.8800   7.8500   7.8300   7.8100   7.8000   7.7900   7.8000   7.8300   7.8600   7.8900   7.9500   8.0200   8.1200   8.2700   8.3700   8.3100   8.3200   0.0000   0.0000   0.0000   0.0000   0.0000;
299:  7.8800   7.8800   7.8500   7.8300   7.8100   7.8000   7.8000   7.8100   7.8300   7.8600   7.9000   7.9500   8.0200   8.1200   8.2700   8.3700   8.3200   8.3200   0.0000   0.0000   0.0000   0.0000   0.0000;
300:  7.8800   7.8800   7.8600   7.8300   7.8200   7.8000   7.8000   7.8100   7.8400   7.8600   7.9000   7.9500   8.0200   8.1200   8.2700   8.3700   8.3300   8.3200   0.0000   0.0000   0.0000   0.0000   0.0000;
301:  7.8900   7.8900   7.8600   7.8300   7.8200   7.8100   7.8000   7.8100   7.8400   7.8600   7.9000   7.9500   8.0200   8.1200   8.2700   8.3800   8.3400   8.3200   0.0000   0.0000   0.0000   0.0000   0.0000;
302:  7.8900   7.8900   7.8600   7.8400   7.8200   7.8100   7.8100   7.8200   7.8400   7.8700   7.9000   7.9600   8.0200   8.1200   8.2800   8.3800   8.3500   8.3200   0.0000   0.0000   0.0000   0.0000   0.0000;
303:  7.8900   7.8900   7.8600   7.8400   7.8200   7.8100   7.8100   7.8200   7.8400   7.8700   7.9000   7.9600   8.0300   8.1200   8.2800   8.3800   8.3600   8.3200   0.0000   0.0000   0.0000   0.0000   0.0000;
304:  7.8900   7.8900   7.8700   7.8400   7.8300   7.8200   7.8100   7.8200   7.8500   7.8700   7.9000   7.9600   8.0300   8.1200   8.2900   8.3800   8.3700   8.3200   0.0000   0.0000   0.0000   0.0000   0.0000;
305:  7.8900   7.8900   7.8700   7.8400   7.8300   7.8200   7.8100   7.8200   7.8500   7.8700   7.9100   7.9600   8.0300   8.1300   8.2900   8.3900   8.3800   8.3200   0.0000   0.0000   0.0000   0.0000   0.0000;
306:  7.8900   7.9000   7.8700   7.8500   7.8300   7.8200   7.8200   7.8300   7.8500   7.8700   7.9100   7.9600   8.0300   8.1300   8.2900   8.3900   8.3900   8.3200   0.0000   0.0000   0.0000   0.0000   0.0000;
307:  7.8900   7.9000   7.8700   7.8500   7.8300   7.8200   7.8200   7.8300   7.8500   7.8800   7.9100   7.9700   8.0300   8.1300   8.3000   8.3900   8.4000   8.3200   0.0000   0.0000   0.0000   0.0000   0.0000;
308:  7.8900   7.9000   7.8700   7.8500   7.8400   7.8300   7.8200   7.8300   7.8600   7.8800   7.9100   7.9700   8.0400   8.1300   8.3000   8.4000   8.4100   8.3200   0.0000   0.0000   0.0000   0.0000   0.0000;
309:  7.8900   7.9000   7.8800   7.8500   7.8400   7.8300   7.8300   7.8300   7.8600   7.8800   7.9100   7.9700   8.0400   8.1300   8.3100   8.4000   8.4200   8.3200   0.0000   0.0000   0.0000   0.0000   0.0000;
310:  7.8900   7.9000   7.8800   7.8600   7.8400   7.8300   7.8300   7.8400   7.8600   7.8800   7.9200   7.9700   8.0400   8.1400   8.3100   8.4000   8.4300   8.3200   0.0000   0.0000   0.0000   0.0000   0.0000;
311:  7.8900   7.9000   7.8800   7.8600   7.8400   7.8400   7.8300   7.8400   7.8600   7.8800   7.9200   7.9700   8.0400   8.1400   8.3200   8.4100   8.4500   8.3100   0.0000   0.0000   0.0000   0.0000   0.0000;
312:  7.9000   7.9100   7.8800   7.8600   7.8500   7.8400   7.8400   7.8400   7.8600   7.8800   7.9200   7.9800   8.0400   8.1400   8.3200   8.4100   8.4600   8.3100   0.0000   0.0000   0.0000   0.0000   0.0000;
313:  7.9000   7.9100   7.8900   7.8600   7.8500   7.8400   7.8400   7.8400   7.8600   7.8900   7.9200   7.9800   8.0500   8.1400   8.3300   8.4100   8.4700   8.3100   0.0000   0.0000   0.0000   0.0000   0.0000;
314:  7.9000   7.9100   7.8900   7.8700   7.8500   7.8500   7.8400   7.8500   7.8700   7.8900   7.9200   7.9800   8.0500   8.1500   8.3300   8.4200   8.4800   8.3100   0.0000   0.0000   0.0000   0.0000   0.0000;
315:  7.9000   7.9100   7.8900   7.8700   7.8500   7.8500   7.8500   7.8500   7.8700   7.8900   7.9200   7.9800   8.0500   8.1500   8.3400   8.4200   8.5000   8.3100   0.0000   0.0000   0.0000   0.0000   0.0000;
316:  7.9000   7.9100   7.8900   7.8700   7.8600   7.8500   7.8500   7.8500   7.8700   7.8900   7.9300   7.9800   8.0500   8.1500   8.3400   8.4200   8.5100   8.3100   0.0000   0.0000   0.0000   0.0000   0.0000;
317:  7.9000   7.9100   7.8900   7.8700   7.8600   7.8600   7.8500   7.8500   7.8700   7.8900   7.9300   7.9800   8.0600   8.1600   8.3500   8.4300   8.5200   8.3100   0.0000   0.0000   0.0000   0.0000   0.0000;
318:  7.9000   7.9100   7.9000   7.8800   7.8600   7.8600   7.8600   7.8600   7.8700   7.8900   7.9300   7.9900   8.0600   8.1600   8.3600   8.4300   8.5300   8.3100   0.0000   0.0000   0.0000   0.0000   0.0000;
319:  7.9000   7.9200   7.9000   7.8800   7.8600   7.8600   7.8600   7.8600   7.8700   7.8900   7.9300   7.9900   8.0600   8.1700   8.3600   8.4300   8.5400   8.3100   0.0000   0.0000   0.0000   0.0000   0.0000;
320:  7.9000   7.9200   7.9000   7.8800   7.8700   7.8600   7.8600   7.8600   7.8700   7.8900   7.9300   7.9900   8.0600   8.1700   8.3700   8.4400   8.5600   8.3100   0.0000   0.0000   0.0000   0.0000   0.0000;
321:  7.9000   7.9200   7.9000   7.8800   7.8700   7.8700   7.8600   7.8600   7.8700   7.8900   7.9300   7.9900   8.0700   8.1700   8.3700   8.4400   8.5700   8.3100   0.0000   0.0000   0.0000   0.0000   0.0000;
322:  7.9000   7.9200   7.9000   7.8900   7.8700   7.8700   7.8700   7.8600   7.8700   7.8900   7.9300   8.0000   8.0700   8.1800   8.3800   8.4400   8.5800   8.3100   0.0000   0.0000   0.0000   0.0000   0.0000;
323:  7.9000   7.9200   7.9100   7.8900   7.8700   7.8700   7.8700   7.8600   7.8800   7.8900   7.9400   8.0000   8.0700   8.1800   8.3800   8.4500   8.5900   8.3100   0.0000   0.0000   0.0000   0.0000   0.0000;
324:  7.9000   7.9200   7.9100   7.8900   7.8800   7.8700   7.8700   7.8700   7.8800   7.8900   7.9400   8.0000   8.0800   8.1900   8.3900   8.4500   8.6000   8.3100   0.0000   0.0000   0.0000   0.0000   0.0000;
325:  7.9000   7.9200   7.9100   7.8900   7.8800   7.8800   7.8700   7.8700   7.8800   7.9000   7.9400   8.0000   8.0800   8.1900   8.3900   8.4500   8.6100   8.3100   0.0000   0.0000   0.0000   0.0000   0.0000;
326:  7.9000   7.9200   7.9100   7.8900   7.8800   7.8800   7.8700   7.8700   7.8800   7.9000   7.9400   8.0000   8.0800   8.2000   8.4000   8.4500   8.6200   8.3100   0.0000   0.0000   0.0000   0.0000   0.0000;
327:  7.9000   7.9200   7.9100   7.9000   7.8800   7.8800   7.8800   7.8700   7.8800   7.9000   7.9400   8.0100   8.0900   8.2000   8.4000   8.4500   8.6300   8.3100   0.0000   0.0000   0.0000   0.0000   0.0000;
328:  7.9100   7.9300   7.9100   7.9000   7.8900   7.8800   7.8800   7.8700   7.8800   7.9000   7.9500   8.0100   8.0900   8.2100   8.4100   8.4600   8.6400   8.3100   0.0000   0.0000   0.0000   0.0000   0.0000;
329:  7.9100   7.9300   7.9200   7.9000   7.8900   7.8900   7.8800   7.8700   7.8800   7.9000   7.9500   8.0100   8.0900   8.2100   8.4100   8.4600   8.6400   8.3100   0.0000   0.0000   0.0000   0.0000   0.0000;
330:  7.9100   7.9300   7.9200   7.9000   7.8900   7.8900   7.8800   7.8800   7.8800   7.9000   7.9500   8.0100   8.1000   8.2200   8.4200   8.4600   8.6500   8.3100   0.0000   0.0000   0.0000   0.0000   0.0000;
331:  7.9100   7.9300   7.9200   7.9000   7.8900   7.8900   7.8800   7.8800   7.8800   7.9000   7.9500   8.0200   8.1000   8.2300   8.4200   8.4600   8.6600   8.3100   0.0000   0.0000   0.0000   0.0000   0.0000;
332:  7.9100   7.9300   7.9200   7.9100   7.9000   7.8900   7.8900   7.8800   7.8800   7.9000   7.9500   8.0200   8.1000   8.2300   8.4200   8.4600   8.6600   8.3200   0.0000   0.0000   0.0000   0.0000   0.0000;
333:  7.9100   7.9300   7.9200   7.9100   7.9000   7.8900   7.8900   7.8800   7.8800   7.9000   7.9500   8.0200   8.1100   8.2400   8.4300   8.4600   8.6700   8.3200   0.0000   0.0000   0.0000   0.0000   0.0000;
334:  7.9100   7.9300   7.9200   7.9100   7.9000   7.8900   7.8900   7.8800   7.8800   7.9000   7.9600   8.0300   8.1100   8.2400   8.4300   8.4600   8.6700   8.3200   0.0000   0.0000   0.0000   0.0000   0.0000;
335:  7.9100   7.9300   7.9200   7.9100   7.9000   7.9000   7.8900   7.8800   7.8800   7.9000   7.9600   8.0300   8.1200   8.2500   8.4300   8.4600   8.6800   8.3200   0.0000   0.0000   0.0000   0.0000   0.0000;
336:  7.9100   7.9300   7.9200   7.9100   7.9100   7.9000   7.8900   7.8800   7.8800   7.9000   7.9600   8.0300   8.1200   8.2600   8.4400   8.4600   8.6800   8.3200   0.0000   0.0000   0.0000   0.0000   0.0000;
337:  7.9100   7.9300   7.9200   7.9100   7.9100   7.9000   7.8900   7.8900   7.8800   7.9000   7.9600   8.0400   8.1200   8.2600   8.4400   8.4600   8.6800   8.3200   0.0000   0.0000   0.0000   0.0000   0.0000;
338:  7.9100   7.9300   7.9300   7.9200   7.9100   7.9000   7.8900   7.8900   7.8800   7.9000   7.9700   8.0400   8.1300   8.2700   8.4400   8.4600   8.6800   8.3200   0.0000   0.0000   0.0000   0.0000   0.0000;
339:  7.9100   7.9300   7.9300   7.9200   7.9100   7.9000   7.8900   7.8900   7.8800   7.9000   7.9700   8.0400   8.1300   8.2800   8.4400   8.4600   8.6800   8.3200   0.0000   0.0000   0.0000   0.0000   0.0000;
340:  7.9100   7.9300   7.9300   7.9200   7.9100   7.9000   7.9000   7.8900   7.8900   7.9000   7.9700   8.0500   8.1400   8.2800   8.4400   8.4600   8.6800   8.3200   0.0000   0.0000   0.0000   0.0000   0.0000;
341:  7.9100   7.9300   7.9300   7.9200   7.9100   7.9000   7.9000   7.8900   7.8900   7.9000   7.9700   8.0500   8.1400   8.2900   8.4400   8.4600   8.6800   8.3200   0.0000   0.0000   0.0000   0.0000   0.0000;
342:  7.9100   7.9300   7.9300   7.9200   7.9200   7.9000   7.9000   7.8900   7.8900   7.9100   7.9800   8.0500   8.1500   8.3000   8.4400   8.4500   8.6800   8.3200   0.0000   0.0000   0.0000   0.0000   0.0000;
343:  7.9100   7.9300   7.9300   7.9200   7.9200   7.9000   7.9000   7.9000   7.8900   7.9100   7.9800   8.0600   8.1500   8.3000   8.4400   8.4500   8.6800   8.3200   0.0000   0.0000   0.0000   0.0000   0.0000;
344:  7.9100   7.9300   7.9300   7.9200   7.9200   7.9100   7.9000   7.9000   7.8900   7.9100   7.9800   8.0600   8.1500   8.3100   8.4400   8.4500   8.6800   8.3200   0.0000   0.0000   0.0000   0.0000   0.0000;
345:  7.9100   7.9300   7.9300   7.9200   7.9200   7.9100   7.9000   7.9000   7.8900   7.9100   7.9900   8.0600   8.1600   8.3200   8.4400   8.4400   8.6700   8.3200   0.0000   0.0000   0.0000   0.0000   0.0000;
346:  7.9100   7.9300   7.9300   7.9200   7.9200   7.9100   7.9000   7.9000   7.8900   7.9100   7.9900   8.0700   8.1600   8.3200   8.4400   8.4400   8.6700   8.3300   0.0000   0.0000   0.0000   0.0000   0.0000;
347:  7.9100   7.9300   7.9300   7.9200   7.9200   7.9100   7.9000   7.9000   7.9000   7.9100   7.9900   8.0700   8.1700   8.3300   8.4400   8.4400   8.6600   8.3300   0.0000   0.0000   0.0000   0.0000   0.0000;
348:  7.9100   7.9300   7.9300   7.9300   7.9300   7.9100   7.9000   7.9100   7.9000   7.9200   8.0000   8.0800   8.1800   8.3400   8.4300   8.4300   8.6500   8.3300   0.0000   0.0000   0.0000   0.0000   0.0000;
349:  7.9100   7.9300   7.9300   7.9300   7.9300   7.9100   7.9000   7.9100   7.9000   7.9200   8.0000   8.0800   8.1800   8.3500   8.4300   8.4300   8.6500   8.3300   0.0000   0.0000   0.0000   0.0000   0.0000;
350:  7.9100   7.9300   7.9300   7.9300   7.9300   7.9100   7.9000   7.9100   7.9000   7.9200   8.0000   8.0900   8.1900   8.3500   8.4300   8.4200   8.6400   8.3300   0.0000   0.0000   0.0000   0.0000   0.0000;
351:  7.9100   7.9300   7.9300   7.9300   7.9300   7.9100   7.9100   7.9100   7.9000   7.9200   8.0100   8.0900   8.1900   8.3600   8.4200   8.4200   8.6300   8.3300   0.0000   0.0000   0.0000   0.0000   0.0000;
352:  7.9100   7.9300   7.9300   7.9300   7.9300   7.9100   7.9100   7.9200   7.9100   7.9300   8.0100   8.1000   8.2000   8.3700   8.4200   8.4100   8.6200   8.3300   0.0000   0.0000   0.0000   0.0000   0.0000;
353:  7.9100   7.9300   7.9300   7.9300   7.9300   7.9100   7.9100   7.9200   7.9100   7.9300   8.0200   8.1000   8.2000   8.3700   8.4100   8.4000   8.6100   8.3300   0.0000   0.0000   0.0000   0.0000   0.0000;
354:  7.9100   7.9300   7.9300   7.9300   7.9300   7.9100   7.9100   7.9200   7.9100   7.9300   8.0200   8.1100   8.2100   8.3800   8.4100   8.4000   8.6000   8.3300   0.0000   0.0000   0.0000   0.0000   0.0000;
355:  7.9100   7.9300   7.9300   7.9300   7.9300   7.9100   7.9100   7.9200   7.9200   7.9400   8.0200   8.1100   8.2100   8.3900   8.4000   8.3900   8.5900   8.3300   0.0000   0.0000   0.0000   0.0000   0.0000;
356:  7.9000   7.9200   7.9300   7.9300   7.9300   7.9100   7.9100   7.9300   7.9200   7.9400   8.0300   8.1200   8.2200   8.3900   8.4000   8.3800   8.5800   8.3300   0.0000   0.0000   0.0000   0.0000   0.0000;
357:  7.9000   7.9200   7.9300   7.9300   7.9400   7.9100   7.9100   7.9300   7.9200   7.9500   8.0300   8.1200   8.2300   8.4000   8.3900   8.3800   8.5600   8.3300   0.0000   0.0000   0.0000   0.0000   0.0000;
358:  7.9000   7.9200   7.9300   7.9300   7.9400   7.9200   7.9200   7.9300   7.9300   7.9500   8.0400   8.1300   8.2300   8.4100   8.3800   8.3700   8.5500   8.3300   0.0000   0.0000   0.0000   0.0000   0.0000;
359:  7.9000   7.9200   7.9300   7.9300   7.9400   7.9200   7.9200   7.9400   7.9300   7.9600   8.0400   8.1300   8.2400   8.4100   8.3700   8.3600   8.5400   8.3300   0.0000   0.0000   0.0000   0.0000   0.0000;
